Price,Close,High,Low,Open,Volume
Ticker,PRAKASH.NS,PRAKASH.NS,PRAKASH.NS,PRAKASH.NS,PRAKASH.NS
Date,,,,,
2002-07-01,3.8656394481658936,4.133555642453006,3.329807903362408,3.8273655855862008,138632
2002-07-02,4.018733501434326,4.592838829777487,3.942186208698967,4.592838829777487,101653
2002-07-03,4.133555889129639,4.363197390770547,3.9421869866962944,4.363197390770547,82630
2002-07-04,4.478017807006836,4.707660113625161,3.9804601791426713,4.210102485760996,107754
2002-07-05,4.248376369476318,4.745933156534905,4.2101025108500725,4.5928389876859,82757
2002-07-08,5.128670692443848,5.128670692443848,4.478018021680444,4.6311130407270555,219780
2002-07-09,5.434859752655029,5.894143568457756,5.3200385877616645,5.511407055288817,284297
2002-07-10,5.052123069763184,5.58795459208414,5.013849208789393,5.434859570074329,96142
2002-07-11,4.707660675048828,5.20521836225046,4.592839508046385,4.975576028245574,46484
2002-07-12,4.82248067855835,4.899027977523233,4.55456534312393,4.784206818133235,55151
2002-07-15,4.5545654296875,4.7459334697941555,4.36319696769549,4.7459334697941555,104592
2002-07-16,4.707660675048828,4.975576028245574,4.210102987847196,4.439744478081336,64984
2002-07-17,4.51629114151001,4.66938614975937,3.9039123741685087,4.66938614975937,122708
2002-07-18,4.36319637298584,4.745932822917002,4.133554924912438,4.5928386648298325,60328
2002-07-19,3.635997772216797,4.516291503406532,3.5211764013576574,4.516291503406532,70111
2002-07-22,3.06189227104187,3.444628752186438,2.9853449748129566,3.444628752186438,27817
2002-07-23,3.291534900665283,3.3680813556376625,3.061892371608063,3.1384398812938032,51196
2002-07-24,3.329807758331299,3.444628919183927,3.1767137912793886,3.2149874412493724,11673
2002-07-25,3.521176338195801,3.5594499871671896,3.3298076714535156,3.406355180338964,7591
2002-07-26,3.100166082382202,3.4446286991677866,3.100166082382202,3.214987235900946,23370
2002-07-29,2.9087975025177,3.0618923077537907,2.6026085248735225,3.0618923077537907,12477
2002-07-30,2.870523452758789,3.138439607844237,2.870523452758789,2.985344812754448,15507
2002-07-31,2.870523452758789,2.9470709557750103,2.717429501439615,2.717429501439615,9380
2002-08-01,2.6408824920654297,3.061892677166596,2.526061321549691,3.061892677166596,33293
2002-08-02,2.6026086807250977,2.7557034951289388,2.449513655378576,2.7557034951289388,25672
2002-08-05,2.7174298763275146,2.7557035276444086,2.4877875465407855,2.6026087114341503,15863
2002-08-06,2.7557034492492676,2.7557034492492676,2.6026086373942996,2.6026086373942996,3640
2002-08-07,2.7174298763275146,2.8705238487670415,2.6791562250106207,2.793977389903985,14334
2002-08-08,2.7939772605895996,2.7939772605895996,2.602608590976931,2.679156101010533,8871
2002-08-09,2.5643346309661865,2.6408821380289567,2.2964195164311483,2.6408821380289567,120726
2002-08-12,2.6026086807250977,2.6026086807250977,2.4877875171865464,2.4877875171865464,1762
2002-08-13,2.5260610580444336,2.564334707242945,2.487787408845922,2.564334707242945,6821
2002-08-14,2.4112398624420166,2.602608527378306,2.3729660028891577,2.602608527378306,19715
2002-08-15,2.4112398624420166,2.4112398624420166,2.4112398624420166,2.4112398624420166,0
2002-08-16,2.6026086807250977,2.6026086807250977,2.4112400045132856,2.4112400045132856,8593
2002-08-19,2.6026086807250977,2.640882331590388,2.526061168051837,2.640882331590388,26930
2002-08-20,2.6791560649871826,2.717429714018028,2.526061046978461,2.5643346960093063,12251
2002-08-21,2.6408824920654297,2.755703662581168,2.602608838874415,2.755703662581168,9708
2002-08-22,2.4112398624420166,2.640882175988497,2.3729660028891577,2.640882175988497,10414
2002-08-23,2.5260610580444336,2.6026085673841277,2.4495135487047395,2.4495135487047395,3236
2002-08-26,2.4495136737823486,2.526061187030729,2.4495136737823486,2.48778753587788,2831
2002-08-27,2.4495136737823486,2.6026087002791094,2.3729661605339682,2.4495136737823486,9810
2002-08-28,2.334693193435669,2.372965998199551,2.334693193435669,2.372965998199551,6999
2002-08-29,2.3729658126831055,2.3729658126831055,2.2964193653690077,2.2964193653690077,9246
2002-08-30,2.334693193435669,2.5260610142230933,2.296419544901117,2.5260610142230933,20976
2002-09-02,2.5643346309661865,2.602608489968904,2.449513475843364,2.526060982906134,2641
2002-09-03,2.4495136737823486,2.526061187030729,2.296419701998998,2.296419701998998,6380
2002-09-04,2.4877874851226807,2.4877874851226807,2.372966112121325,2.372966112121325,2196
2002-09-05,2.258145570755005,2.4495133818247496,2.258145570755005,2.4495133818247496,23414
2002-09-06,2.3729658126831055,2.4112396691681073,2.2964193653690077,2.4112396691681073,4334
2002-09-09,2.296419620513916,2.4877874476023916,2.296419620513916,2.372966076332748,4614
2002-09-10,2.296419620513916,2.296419620513916,2.296419620513916,2.296419620513916,0
2002-09-11,2.334693193435669,2.334693193435669,2.334693193435669,2.334693193435669,232
2002-09-12,2.296419620513916,2.372966076332748,2.2581457597764767,2.334693270308681,3323
2002-09-13,2.296419620513916,2.4112399370701874,2.296419620513916,2.4112399370701874,6299
2002-09-16,2.4112398624420166,2.4112398624420166,2.296419549439448,2.296419549439448,4854
2002-09-17,2.334693193435669,2.372965998199551,2.296419544901117,2.372965998199551,5137
2002-09-18,2.3729658126831055,2.3729658126831055,2.3346930109113586,2.3729658126831055,4995
2002-09-19,2.4112398624420166,2.4112398624420166,2.296419549439448,2.296419549439448,6980
2002-09-20,2.3729658126831055,2.3729658126831055,2.2964193653690077,2.3346930109113586,9651
2002-09-23,2.334693193435669,2.41123985767677,2.296419544901117,2.296419544901117,10467
2002-09-24,2.3729658126831055,2.3729658126831055,2.3346930109113586,2.3346930109113586,4757
2002-09-25,2.4112398624420166,2.4112398624420166,2.3729660028891577,2.3729660028891577,2658
2002-09-26,2.4112398624420166,2.4495135110522073,2.3729660028891577,2.3729660028891577,9559
2002-09-27,2.3729658126831055,2.4112396691681073,2.3729658126831055,2.4112396691681073,7281
2002-09-30,2.296419620513916,2.334693270308681,2.2581457597764767,2.296419620513916,6343
2002-10-01,2.296419620513916,2.334693270308681,2.296419620513916,2.296419620513916,6020
2002-10-02,2.296419620513916,2.296419620513916,2.296419620513916,2.296419620513916,0
2002-10-03,2.296419620513916,2.296419620513916,2.2581457597764767,2.2581457597764767,1675
2002-10-04,2.296419620513916,2.372966076332748,2.2581457597764767,2.2581457597764767,27225
2002-10-07,2.4495136737823486,2.4495136737823486,2.296419701998998,2.296419701998998,4422
2002-10-08,2.334693193435669,2.4877873656885416,2.296419544901117,2.372965998199551,11095
2002-10-09,2.334693193435669,2.372965998199551,2.334693193435669,2.372965998199551,4752
2002-10-10,2.3729658126831055,2.3729658126831055,2.2964193653690077,2.2964193653690077,2768
2002-10-11,2.3729658126831055,2.4112396691681073,2.3346930109113586,2.3346930109113586,4853
2002-10-14,2.4495136737823486,2.4495136737823486,2.3346933531518466,2.3346933531518466,2253
2002-10-15,2.4495136737823486,2.4495136737823486,2.4495136737823486,2.4495136737823486,0
2002-10-16,2.296419620513916,2.4112399370701874,2.2581457597764767,2.334693270308681,60016
2002-10-17,2.296419620513916,2.334693270308681,2.2581457597764767,2.334693270308681,41003
2002-10-18,2.296419620513916,2.372966076332748,2.296419620513916,2.296419620513916,66021
2002-10-21,2.3729658126831055,2.3729658126831055,2.2964193653690077,2.3346930109113586,7505
2002-10-22,2.3729658126831055,2.3729658126831055,2.2964193653690077,2.3346930109113586,13390
2002-10-23,2.334693193435669,2.41123985767677,2.296419544901117,2.296419544901117,12801
2002-10-24,2.334693193435669,2.334693193435669,2.334693193435669,2.334693193435669,0
2002-10-25,2.334693193435669,2.41123985767677,2.334693193435669,2.372965998199551,6431
2002-10-28,2.3729658126831055,2.4112396691681073,2.3729658126831055,2.4112396691681073,14624
2002-10-29,2.3729658126831055,2.4112396691681073,2.3729658126831055,2.3729658126831055,6830
2002-10-30,2.3729658126831055,2.4112396691681073,2.3346930109113586,2.3346930109113586,2883
2002-10-31,2.3729658126831055,2.3729658126831055,2.3729658126831055,2.3729658126831055,293
2002-11-01,2.3729658126831055,2.449513314710458,2.3729658126831055,2.4112396691681073,5490
2002-11-04,2.296419620513916,2.296419620513916,2.296419620513916,2.296419620513916,1098
2002-11-05,2.3729658126831055,2.3729658126831055,2.3729658126831055,2.3729658126831055,1271
2002-11-06,2.3729658126831055,2.3729658126831055,2.3729658126831055,2.3729658126831055,0
2002-11-07,2.4112398624420166,2.487787370605066,2.4112398624420166,2.487787370605066,4045
2002-11-08,2.4877874851226807,2.5260611354946807,2.449513623808003,2.449513623808003,4392
2002-11-11,2.3729658126831055,2.48778717119546,2.3346930109113586,2.3729658126831055,6819
2002-11-12,2.4495136737823486,2.4495136737823486,2.3729661605339682,2.3729661605339682,5542
2002-11-13,2.4112398624420166,2.487787370605066,2.3729660028891577,2.4112398624420166,6483
2002-11-14,2.3729658126831055,2.4112396691681073,2.3729658126831055,2.3729658126831055,15228
2002-11-15,2.6408824920654297,2.6408824920654297,2.4112401510339527,2.4112401510339527,5806
2002-11-18,2.4495136737823486,2.6408823514319586,2.4112400226294994,2.6408823514319586,2601
2002-11-19,2.4495136737823486,2.4495136737823486,2.4495136737823486,2.4495136737823486,0
2002-11-20,2.7557034492492676,2.870523767105455,2.449513614596655,2.449513614596655,11268
2002-11-21,2.6408824920654297,3.253261365007058,2.5643349747407065,3.253261365007058,33867
2002-11-22,2.9470713138580322,3.0618924768623486,2.679156180932904,2.985345175487924,30895
2002-11-25,3.023618698120117,3.0618923471863804,2.832250874674143,2.832250874674143,12231
2002-11-26,3.06189227104187,3.06189227104187,2.908797467641378,2.908797467641378,23131
2002-11-27,2.985344886779785,3.061892180751438,2.8705235239369875,2.908797381865473,22167
2002-11-28,3.023618698120117,3.0618923471863804,2.908797539978658,3.0618923471863804,13775
2002-11-29,3.214987277984619,3.406355096231073,3.061892263993863,3.061892263993863,27439
2002-12-02,3.482902765274048,3.5977239256380202,3.2532610773741277,3.5977239256380202,22252
2002-12-03,3.253261089324951,3.9804604383311952,3.2149874393772544,3.9804604383311952,16711
2002-12-04,3.253261089324951,3.444628917178086,3.0618924177011153,3.0618924177011153,21066
2002-12-05,3.291534900665283,3.521176375009143,3.2532610403510773,3.444628865323403,12543
2002-12-06,3.329807758331299,3.368081408301283,3.2532610912193567,3.2915349521320163,10518
2002-12-09,3.253261089324951,3.3680814063400164,3.100166278591488,3.100166278591488,18030
2002-12-10,3.329807758331299,3.329807758331299,3.138439930366729,3.138439930366729,3176
2002-12-11,3.214987277984619,3.214987277984619,3.214987277984619,3.214987277984619,2369
2002-12-12,3.214987277984619,3.368081237262052,3.061892263993863,3.061892263993863,12852
2002-12-13,3.023618698120117,3.2532610144030363,3.023618698120117,3.214987365336773,16563
2002-12-16,3.176713466644287,3.253260758761725,3.176713466644287,3.2149871127030063,11465
2002-12-17,2.985344886779785,3.1001660386799235,2.9470710288513,3.061892180751438,14563
2002-12-18,3.100166082382202,3.253260883426307,2.908797422870075,3.1767135883755855,7582
2002-12-19,3.214987277984619,3.214987277984619,3.061892263993863,3.061892263993863,29306
2002-12-20,3.253261089324951,3.2915349502153237,3.0618924177011153,3.0618924177011153,13349
2002-12-23,3.214987277984619,3.253260926010976,3.061892263993863,3.253260926010976,21585
2002-12-24,3.329807758331299,3.4063552692139427,3.1001662803967447,3.1001662803967447,11841
2002-12-25,3.329807758331299,3.329807758331299,3.329807758331299,3.329807758331299,0
2002-12-26,3.444628953933716,3.444628953933716,3.2532611240386062,3.2532611240386062,27884
2002-12-27,3.329807758331299,3.4063552692139427,3.2532610912193567,3.2915349521320163,25143
2002-12-30,4.018733501434326,4.018733501434326,3.2532607850233894,3.2532607850233894,34877
2002-12-31,4.018733501434326,4.133555073365332,3.942186208698967,4.133555073365332,27719
2003-01-01,4.133555889129639,4.2101031969717395,3.9421869866962944,4.2101031969717395,30934
2003-01-02,4.018733501434326,4.133555073365332,3.9804600660093024,4.133555073365332,22654
2003-01-03,3.9804608821868896,4.095282055776207,3.9421870170286515,3.9421870170286515,41473
2003-01-06,3.712545156478882,3.8273654752518405,3.7125451564788814,3.8273654752518405,7151
2003-01-07,3.8273658752441406,3.9421870497876035,3.6359982354043057,3.6359982354043057,19831
2003-01-08,3.8273658752441406,3.9421870497876035,3.6359982354043057,3.674271678995192,15354
2003-01-09,3.9039127826690674,4.018733945399503,3.82736548147723,3.8656393430158276,19965
2003-01-10,4.018733501434326,4.057007358744661,3.903912351388632,3.903912351388632,50431
2003-01-13,4.018733501434326,4.171828508790356,3.942186208698967,4.171828508790356,18679
2003-01-14,4.018733501434326,4.171828508790356,3.6359974596428413,3.6359974596428413,19072
2003-01-15,3.9804608821868896,4.095282055776207,3.9804608821868896,4.057008190617968,36437
2003-01-16,4.2101030349731445,4.324923359490087,4.018734139903395,4.095281866685446,54732
2003-01-17,5.013849258422852,5.052123119775525,4.133555509935624,4.133555509935624,181051
2003-01-20,4.8990278244018555,5.166943995233122,4.745933231257131,4.745933231257131,67361
2003-01-21,4.439743995666504,4.899027770000558,4.363196699944162,4.439743995666504,72623
2003-01-22,4.707660675048828,4.9373021652829685,4.363197174041498,4.516291782121174,56090
2003-01-23,4.860754489898682,4.899027928051958,4.516291437092484,4.516291437092484,23354
2003-01-24,4.82248067855835,5.2434910338078815,4.631113063974159,5.2434910338078815,109846
2003-01-27,4.5545654296875,5.1286708156635274,4.286649245390404,4.286649245390404,30408
2003-01-28,5.205218315124512,5.320038637316672,4.631113329080757,4.631113329080757,109101
2003-01-29,5.128670692443848,5.587954483927652,5.013849111744881,5.587954483927652,96169
2003-01-30,5.243490695953369,5.358311847945081,4.899027661863552,5.358311847945081,54263
2003-01-31,5.205218315124512,5.243491333969862,5.090397149161613,5.128671011777702,35174
2003-02-03,5.205218315124512,5.243491333969862,4.9755759831987145,5.166944452508423,30546
2003-02-04,5.090397357940674,5.243491549027973,4.899028458896735,4.899028458896735,28887
2003-02-05,4.8990278244018555,5.09039669866076,4.86075438705834,4.97557554285955,28421
2003-02-06,4.8990278244018555,4.937301683630703,4.8224805278294935,4.8990278244018555,18187
2003-02-07,4.937302112579346,5.013849415802073,4.899028250025298,4.899028250025298,19183
2003-02-10,4.669386386871338,4.899027856193315,4.669386386871338,4.899027856193315,17822
2003-02-11,4.51629114151001,4.707660007293039,4.51629114151001,4.66938614975937,22359
2003-02-12,4.2101030349731445,4.516291832674458,4.133555730076472,4.516291832674458,49342
2003-02-13,4.2101030349731445,4.2101030349731445,4.2101030349731445,4.2101030349731445,0
2003-02-14,4.2101030349731445,4.286649496099061,4.018734139903395,4.171829171582119,22307
2003-02-17,4.2101030349731445,4.40147066438676,4.0570080032944205,4.0570080032944205,4681
2003-02-18,4.248376369476318,4.478017833692489,4.2101025108500725,4.248376369476318,10634
2003-02-19,4.248376369476318,4.363196679699078,4.2101025108500725,4.286648962446587,15141
2003-02-20,4.133555889129639,4.1718293321079924,3.9804608515600424,4.095282024265891,17109
2003-02-21,4.095281600952148,4.133555461859672,4.057007740044624,4.133555461859672,9477
2003-02-24,3.9804608821868896,4.057008190617968,3.9804608821868896,4.0187343254597305,11911
2003-02-25,4.018733501434326,4.286648815065428,4.018733501434326,4.286648815065428,15563
2003-02-26,4.286649703979492,4.286649703979492,3.9804608914295985,3.9804608914295985,15604
2003-02-27,4.2101030349731445,4.286649496099061,3.9804606983977475,3.9804606983977475,17962
2003-02-28,4.2101030349731445,4.669386864353182,4.0570080032944205,4.669386864353182,11443
2003-03-03,4.171828746795654,4.324922919115175,4.018733730705463,4.018733730705463,4686
2003-03-04,4.018733501434326,4.095281216054997,3.827365058653273,3.903912351388632,14933
2003-03-05,4.018733501434326,4.592838829777487,3.942186208698967,4.592838829777487,3669
2003-03-06,3.9039127826690674,4.0570078069381,3.8656393430158276,3.942186644207665,19071
2003-03-07,3.8273658752441406,3.9039131843113157,3.8273658752441406,3.8273658752441406,6081
2003-03-10,3.750819444656372,4.592839852187019,3.712545578825913,4.592839852187019,10669
2003-03-11,3.8656394481658936,3.9039128888602175,3.559450235069827,3.6742714009235367,5684
2003-03-12,3.8656394481658936,3.9804606140196035,3.789092566777246,3.9804606140196035,11653
2003-03-13,3.750819444656372,3.8273659106610753,3.4446293617835084,3.4446293617835084,4163
2003-03-14,3.750819444656372,3.750819444656372,3.750819444656372,3.750819444656372,0
2003-03-17,3.521176338195801,3.827365319024243,3.482902689224412,3.482902689224412,2375
2003-03-18,3.521176338195801,3.521176338195801,3.521176338195801,3.521176338195801,0
2003-03-19,3.559450149536133,3.5977240111961035,3.138439991645928,3.138439991645928,3310
2003-03-20,3.8273658752441406,3.9804609152638917,3.521176849918142,3.9421870497876035,5816
2003-03-21,3.597723960876465,3.789092422729022,3.559450099751812,3.789092422729022,4386
2003-03-24,3.406355381011963,3.444629032238104,3.253261197992761,3.444629032238104,2895
2003-03-25,3.368081569671631,3.4446290842217926,3.368081569671631,3.4446290842217926,5490
2003-03-26,3.291534900665283,3.8273653590387426,3.291534900665283,3.6359977450090892,21869
2003-03-27,3.521176338195801,3.521176338195801,3.1767137083959693,3.1767137083959693,404
2003-03-28,3.368081569671631,3.674271416929592,3.2532612470884734,3.674271416929592,6971
2003-03-31,3.291534900665283,3.521176375009143,3.061892371608063,3.291534900665283,8137
2003-04-01,3.138439655303955,3.7508186339808987,3.138439655303955,3.7508186339808987,5663
2003-04-02,3.597723960876465,3.6359978220011175,3.1001662975680984,3.1384399477500744,2960
2003-04-03,3.521176338195801,3.5594499871671896,3.2532610063387475,3.2532610063387475,4366
2003-04-04,3.521176338195801,3.597723847081249,3.3298076714535156,3.3298076714535156,7929
2003-04-07,3.597723960876465,3.9039127404469207,3.2915349703633323,3.9039127404469207,3873
2003-04-08,3.521176338195801,3.6742711450240266,3.368081320424905,3.4446288293103526,8090
2003-04-09,3.482902765274048,3.6742712252522183,3.4446289045242744,3.4446289045242744,3496
2003-04-10,3.559450149536133,3.5977240111961035,3.406355335724288,3.406355335724288,9050
2003-04-11,3.368081569671631,3.4063554324180547,3.368081569671631,3.4063554324180547,6450
2003-04-15,3.7890923023223877,3.942186476300039,3.5977238465509784,3.5977238465509784,12376
2003-04-16,3.9039127826690674,4.36319701170545,3.7125451625175105,4.36319701170545,12251
2003-04-17,3.8656394481658936,4.05700791729362,3.4829029317958105,4.05700791729362,9381
2003-04-18,3.8656394481658936,3.865639448165894,3.865639448165894,3.865639448165894,0
2003-04-21,3.9804608821868896,3.9804608821868896,3.6359982051897344,3.9804608821868896,6125
2003-04-22,3.9039127826690674,3.9804605057462625,3.635997861325673,3.674271300978913,3779
2003-04-23,3.750819444656372,3.8656397764915345,3.59772440321994,3.59772440321994,6010
2003-04-24,3.8273658752441406,4.324923595123478,3.8273658752441406,3.8273658752441406,2555
2003-04-25,3.521176338195801,3.827365319024243,3.4446288293103526,3.827365319024243,24920
2003-04-28,3.521176338195801,3.6359977069953078,3.214987357367358,3.4446288293103526,1444
2003-04-29,3.8273658752441406,3.9421870497876035,3.750819409947768,3.750819409947768,4276
2003-04-30,3.712545156478882,3.865639336728184,3.635997855411552,3.865639336728184,5432
2003-05-01,3.712545156478882,3.7125451564788814,3.7125451564788814,3.7125451564788814,0
2003-05-02,3.8273658752441406,3.865639740720429,3.7125455444714803,3.8273658752441406,14410
2003-05-05,3.8273658752441406,3.9039131843113157,3.5594505044517297,3.5594505044517297,5779
2003-05-06,3.712545156478882,4.133555523291873,3.7125451564788814,4.133555523291873,4260
2003-05-07,3.635997772216797,3.7890923708485205,3.635997772216797,3.674271210932054,18221
2003-05-08,3.635997772216797,3.7890923708485205,3.559450051015588,3.559450051015588,931
2003-05-09,3.750819444656372,3.750819444656372,3.4446293617835084,3.4446293617835084,5894
2003-05-12,3.67427134513855,3.827365527476846,3.59772404302672,3.59772404302672,5894
2003-05-13,3.559450149536133,3.6742713126306863,3.559450149536133,3.5977240111961035,10456
2003-05-14,3.8273658752441406,4.210103264350817,3.5594505044517297,3.5594505044517297,25265
2003-05-15,4.2101030349731445,4.363197222881112,3.7890926470987543,4.363197222881112,37013
2003-05-16,4.324923038482666,4.363196899032903,3.903912681856797,4.2101027224879966,36729
2003-05-19,4.248376369476318,4.363196679699078,4.1718286522238275,4.2101025108500725,32460
2003-05-20,3.9804608821868896,4.095282055776207,3.865639708597573,4.0187343254597305,11558
2003-05-21,4.018733501434326,4.745932993362895,3.9804600660093024,4.745932993362895,7494
2003-05-22,4.133555889129639,4.1718293321079924,3.9421869866962944,4.018734294538396,15653
2003-05-23,4.171828746795654,4.2483764657834175,4.095281449693227,4.095281449693227,13838
2003-05-26,4.2101030349731445,4.24837689836417,4.018734139903395,4.018734139903395,20548
2003-05-27,4.095281600952148,4.2101027617893685,4.018733879137101,4.2101027617893685,22601
2003-05-28,4.018733501434326,4.095281216054997,4.018733501434326,4.057007358744661,8555
2003-05-29,4.36319637298584,4.401469807036308,4.05700721304091,4.095281068976674,21358
2003-05-30,4.324923038482666,4.439744198248029,4.1335554232728695,4.1335554232728695,16126
2003-06-02,4.324923038482666,4.439744198248029,4.01873384162216,4.01873384162216,17027
2003-06-03,4.401470184326172,4.937301682046064,4.324922887778378,4.478017902759298,18337
2003-06-04,4.286649703979492,4.592839782185582,4.133555930532643,4.133555930532643,19488
2003-06-05,4.592839241027832,4.631113101765271,4.363196920373894,4.363196920373894,21566
2003-06-06,4.975575923919678,5.052123226354502,4.363197082555718,4.363197082555718,76816
2003-06-09,5.970690727233887,5.970690727233887,5.166943914794145,5.281764225037168,205245
2003-06-10,5.473133087158203,6.391700630189179,4.975575457073762,4.975575457073762,54762
2003-06-11,5.128670692443848,5.358312166300406,5.090396832210859,5.358312166300406,23140
2003-06-12,5.358312129974365,5.434859428036056,5.052122937727603,5.052122937727603,60040
2003-06-13,5.090397357940674,5.5496811968587325,5.0521234937548085,5.4348600261865245,20309
2003-06-16,4.82248067855835,5.0138491369132305,4.784206818133235,4.975575698373462,14506
2003-06-17,5.281764984130859,5.358312712398276,5.013849622736447,5.052123486870155,46366
2003-06-18,5.128670692443848,5.243491007486783,4.937301813164248,4.937301813164248,12455
2003-06-19,5.205218315124512,5.358312499932761,4.9755759831987145,4.9755759831987145,12440
2003-06-20,5.090397357940674,5.358312719700182,5.090397357940674,5.166944664427017,24679
2003-06-23,5.243490695953369,5.358311847945081,4.975575377781572,4.975575377781572,46904
2003-06-24,5.205218315124512,5.320038637316672,5.013849423929434,5.013849423929434,27393
2003-06-25,5.434859752655029,5.970691292976909,5.281764725502088,5.970691292976909,67262
2003-06-26,5.396585941314697,6.047238652669146,5.281764775337943,6.047238652669146,55854
2003-06-27,5.358312129974365,5.741048198397478,5.281764410027334,5.741048198397478,11531
2003-06-30,6.3917012214660645,6.429975083575616,5.511407033685372,6.2768800570227725,474455
2003-07-01,6.429974555969238,6.69788988121107,6.123785371758385,6.506521852021952,150055
2003-07-02,7.693004608154297,7.731278888402955,6.736163211694762,7.195447402628184,399173
2003-07-03,8.0757417678833,9.18567821214533,7.76955257852219,8.037469173926503,287174
2003-07-04,7.157174110412598,8.420205133580938,6.927532221259808,8.420205133580938,224017
2003-07-07,7.310269355773926,7.846100900183152,7.233721630670863,7.578185127978538,163306
2003-07-08,7.386816501617432,8.037469160772988,7.348542220181925,7.65473140904195,144703
2003-07-09,6.889258861541748,7.654731880875114,6.889258861541748,7.4633638369844535,68012
2003-07-10,6.697890281677246,6.889258744193595,6.506522241046252,6.774437582306715,53169
2003-07-11,6.889258861541748,7.042353887293783,6.544796213784414,6.7361638357897125,32342
2003-07-14,7.157174110412598,7.578184451468711,7.042353376778869,7.578184451468711,23335
2003-07-15,7.042353630065918,7.195447806455336,6.774437450257059,7.042353630065918,43036
2003-07-16,7.3485426902771,7.425090414274292,6.697890411383866,6.927532739604717,63603
2003-07-17,7.501638889312744,8.037470479626743,7.19544880643988,7.425091157651826,227892
2003-07-18,7.616457462310791,8.267110077978236,7.463362878113265,7.578184027204063,183752
2003-07-21,7.616457462310791,8.114014650010096,7.501637156990608,7.731278611401589,75956
2003-07-22,7.19544792175293,7.578184845458044,7.15717448251363,7.501637966979445,45270
2003-07-23,7.042353630065918,7.463363564378848,6.889258609905807,7.233721245081354,50460
2003-07-24,6.965806484222412,7.271995687510133,6.889258761515126,7.233721404271134,45872
2003-07-25,7.578184604644775,7.654731480690931,7.157174255078878,7.654731480690931,40165
2003-07-28,7.960922718048096,8.152290780825002,7.5781857487234765,7.6547326363259165,156917
2003-07-29,8.420206069946289,8.573299835968879,7.846101072278553,8.190563733370892,200935
2003-07-30,9.262226104736328,9.262226104736328,8.611573432337396,9.223951822521787,239916
2003-07-31,10.219066619873047,10.219066619873047,9.721509413553388,9.798056286631498,429862
2003-08-01,11.25245475769043,11.25245475769043,10.640076428194195,10.716624141266527,270287
2003-08-04,12.400665283203125,12.400665283203125,12.171023817901036,12.171023817901036,82658
2003-08-05,13.663697242736816,13.663697242736816,13.625423803161775,13.625423803161775,71548
2003-08-06,12.553759574890137,15.041548103279888,12.324118115071657,14.888452671706721,1000134
2003-08-07,12.821675300598145,13.701970234222417,12.438938409621098,12.438938409621098,221628
2003-08-08,12.36239242553711,13.242687482465689,12.324119827980327,12.898223979205614,132409
2003-08-11,13.625423431396484,13.625423431396484,12.515486963838837,12.783402721095559,228097
2003-08-12,14.429170608520508,15.00327555779895,13.816791377191665,14.850180117138727,551378
2003-08-13,14.582263946533203,15.11809544227868,14.046433294558387,14.543990509343,244706
2003-08-14,14.6588134765625,16.036664056572043,14.543991469867416,14.6588134765625,351892
2003-08-15,14.6588134765625,14.6588134765625,14.6588134765625,14.6588134765625,0
2003-08-18,16.1514835357666,16.1514835357666,14.811906465139748,14.811906465139748,360870
2003-08-19,14.582263946533203,17.491062048401805,14.543990509343,17.14659942614866,477649
2003-08-20,13.855064392089844,15.232915721991468,13.127864868143545,13.93161211008082,223455
2003-08-21,13.434054374694824,14.735358017808803,13.204412902756754,13.778517004487268,141680
2003-08-22,12.515486717224121,14.16125466686574,12.247570965246618,13.242686253832773,101930
2003-08-25,12.438939094543457,14.161254776890312,12.247571060402997,12.438939094543457,577
2003-08-26,11.405550003051758,14.161254333510923,12.247570676939764,11.405550003051758,2775
2003-08-27,10.295614242553711,14.161254079448966,12.247570457210514,10.295614242553711,1155
2003-08-28,10.295614242553711,10.295614242553711,10.295614242553711,10.295614242553711,0
2003-08-29,10.295614242553711,10.295614242553711,10.295614242553711,10.295614242553711,0
2003-09-01,10.295614242553711,10.295614242553711,10.295614242553711,10.295614242553711,0
2003-09-02,10.295614242553711,10.295614242553711,10.295614242553711,10.295614242553711,0
2003-09-03,10.142518043518066,14.161253008908444,12.247569531337678,10.142518043518066,346
2003-09-04,10.142518043518066,10.142518043518066,10.142518043518066,10.142518043518066,0
2003-09-05,9.91287612915039,14.161252336303875,12.247568949625649,9.91287612915039,1040
2003-09-08,9.951152801513672,14.161255747582775,12.24757189992076,9.951152801513672,1300
2003-09-09,9.951152801513672,9.951152801513672,9.951152801513672,9.951152801513672,0
2003-09-10,9.951152801513672,9.951152801513672,9.951152801513672,9.951152801513672,0
2003-09-11,9.185678482055664,14.161255064801843,12.247571309407553,9.185678482055664,132
2003-09-12,9.185678482055664,9.185678482055664,9.185678482055664,9.185678482055664,0
2003-09-15,9.185678482055664,9.185678482055664,9.185678482055664,9.185678482055664,0
2003-09-16,9.185678482055664,9.185678482055664,9.185678482055664,9.185678482055664,0
2003-09-17,9.185678482055664,9.185678482055664,9.185678482055664,9.185678482055664,0
2003-09-18,9.185678482055664,9.185678482055664,9.185678482055664,9.185678482055664,0
2003-09-19,8.267111778259277,8.30538522123763,8.267111778259277,8.267111778259277,1155
2003-09-22,7.463362693786621,7.463362693786621,7.463362693786621,7.463362693786621,535
2003-09-23,8.152289390563965,8.228836265112385,7.004079522172345,7.004079522172345,851
2003-09-24,7.425090312957764,7.425090312957763,7.425090312957763,7.425090312957763,57
2003-09-25,7.501638889312744,7.501638889312744,7.501638889312744,7.501638889312744,2542
2003-09-26,8.190563201904297,8.228836640926469,7.654731680511069,7.693005119533242,6472
2003-09-29,8.037468910217285,8.11401493939008,7.3868162713448235,8.11401493939008,3669
2003-09-30,7.501638889312744,7.654732665092961,7.501638889312744,7.654732665092961,2918
2003-10-01,7.6547322273254395,7.6547322273254395,7.1954483949384045,7.1954483949384045,4160
2003-10-02,7.6547322273254395,7.6547322273254395,7.6547322273254395,7.6547322273254395,0
2003-10-03,7.042353630065918,7.1571743678293185,7.042353630065918,7.1571743678293185,4392
2003-10-06,7.769552230834961,7.769552230834961,7.271995031331494,7.271995031331494,17048
2003-10-07,7.807826519012451,8.26711117639912,7.34854270539651,7.501638153705884,18674
2003-10-08,7.731279373168945,7.7695528120467765,7.425090174604898,7.6930050905204155,13292
2003-10-09,7.769552230834961,8.037468814250014,7.348541903360966,7.654731079020119,16684
2003-10-10,7.616457462310791,8.305383513084964,7.578184027204063,7.846099760492387,17477
2003-10-13,7.501638889312744,7.769553840698934,7.46336460159688,7.7312803967538795,19475
2003-10-14,7.463362693786621,7.539910405880152,7.118899255021623,7.118899255021623,8273
2003-10-15,7.271995544433594,7.271995544433594,7.042353646486009,7.271995544433594,5910
2003-10-16,6.965806484222412,7.042353785044343,6.889258761515126,6.889258761515126,6872
2003-10-17,6.965806484222412,7.578184890797853,6.889258761515126,7.0040799236907,12451
2003-10-20,7.578184604644775,7.654731480690931,6.315153555947086,7.271995412918792,38379
2003-10-21,7.271995544433594,7.310268983148851,7.080627507086613,7.271995544433594,29589
2003-10-22,7.080626964569092,7.157173836134586,6.889258098114095,7.157173836134586,5079
2003-10-23,7.080626964569092,7.1188995565812085,7.080626964569092,7.080626964569092,5085
2003-10-24,6.927532196044922,6.927532196044922,6.697889885842655,6.736163322952813,3640
2003-10-27,6.621343612670898,7.425090505682493,6.621343612670898,7.425090505682493,2060
2003-10-28,6.3151535987854,6.621343214473734,6.3151535987854,6.5065220558549415,3265
2003-10-29,6.3151535987854,6.5065220558549415,6.123785563601202,6.123785563601202,5055
2003-10-30,5.970690727233887,6.965805989067976,5.932416868600887,6.123785317995235,10951
2003-10-31,5.894143581390381,6.2768800953991,5.779322416245082,5.970691306077492,13627
2003-11-03,5.358312129974365,5.932417076379715,5.3200382700008495,5.434859428036056,51521
2003-11-04,5.434859752655029,5.626228220182181,5.2434912851278765,5.281764725502088,17716
2003-11-05,6.008964538574219,6.008964538574219,5.0521230757246185,5.0521230757246185,41131
2003-11-06,6.3917012214660645,6.58307011012846,5.587954757904476,5.587954757904476,23523
2003-11-07,6.3151535987854,6.468248617572239,6.2386058784493095,6.429974757404193,28631
2003-11-10,6.774437427520752,6.812711287903662,6.200332474974516,6.774437427520752,13229
2003-11-11,7.080626964569092,7.195447271917333,6.391700479741178,7.195447271917333,40731
2003-11-12,7.769552230834961,7.807825666849697,6.774436988057393,6.889258139872235,82399
2003-11-13,7.004079818725586,8.267110896187326,7.004079818725586,8.267110896187326,49092
2003-11-14,6.506522178649902,7.1189001559277045,6.429974878754509,6.965806399907618,30051
2003-11-17,6.46824836730957,6.506521804111437,6.047238031177075,6.238605637071736,20952
2003-11-18,6.46824836730957,6.736163268693292,6.315153354446124,6.429974508622377,23636
2003-11-19,6.506522178649902,6.506522178649902,6.1620595400633045,6.506522178649902,24882
2003-11-20,6.46824836730957,6.812710986067679,6.27687949575893,6.27687949575893,33053
2003-11-21,6.429974555969238,6.506521852021952,6.200332245925769,6.200332245925769,16137
2003-11-24,6.73616361618042,6.73616361618042,6.3917009796530975,6.5065221397524375,16403
2003-11-25,7.425090312957764,7.425090312957763,6.583070001217137,6.774437621057426,52782
2003-11-26,7.425090312957764,7.425090312957763,7.425090312957763,7.425090312957763,0
2003-11-27,7.425090312957764,7.807826396409054,7.233721427461403,7.6547317942743955,44698
2003-11-28,7.463362693786621,7.539910405880152,7.310268113370153,7.348541547531622,34664
2003-12-01,7.386816501617432,7.578184533712279,6.96580615599223,6.96580615599223,54025
2003-12-02,7.233721733093262,7.463364067883222,6.88925907467907,7.386817185467068,41553
2003-12-03,7.233721733093262,7.539911794070125,7.195448291885184,7.539911794070125,31265
2003-12-04,7.271995544433594,7.5016378642665265,7.195447823232385,7.271995544433594,27483
2003-12-05,7.118900299072266,7.807826433868868,7.00407997974843,7.271995745712149,32520
2003-12-08,7.080626964569092,7.5399107252739475,6.927531955782158,7.5399107252739475,22484
2003-12-09,7.807826519012451,7.807826519012451,7.118900376703176,7.27199582501255,90558
2003-12-10,8.535026550292969,8.611573427134424,7.654731560221404,7.654731560221404,111722
2003-12-11,8.611573219299316,9.070857000575582,8.190562875520072,9.070857000575582,107352
2003-12-12,9.491867065429688,9.491867065429688,8.535026093497574,9.032582453879153,106492
2003-12-15,10.448708534240723,10.448708534240723,9.338772920266658,10.027698182812394,149132
2003-12-16,10.754899024963379,11.099361670773042,9.951152570150589,11.099361670773042,167197
2003-12-17,10.90799331665039,11.482098272462027,10.716625279303411,11.137634792712628,121054
2003-12-18,11.32900333404541,11.482097928085446,10.984539864627324,11.405550209180094,95174
2003-12-19,10.869720458984375,11.367278563962847,10.716625852168862,10.793172733691248,85433
2003-12-22,10.831446647644043,11.405550770732185,10.793172364421599,10.831446647644043,81710
2003-12-23,10.410436630249023,11.405551151872174,10.180794298323226,10.333888905016845,71280
2003-12-24,10.257341384887695,10.7166251763715,9.75978331128556,10.410435982048963,116258
2003-12-25,10.257341384887695,10.257341384887695,10.257341384887695,10.257341384887695,0
2003-12-26,10.180794715881348,10.563530826427677,9.836332047635498,10.333889328854035,99440
2003-12-29,10.410436630249023,11.02281421325276,10.257342023555404,10.410436630249023,134651
2003-12-30,10.065971374511719,10.716623972162377,9.95115107237095,10.716623972162377,59972
2003-12-31,9.644962310791016,10.333888431210573,9.415320833164962,9.951152353910253,45487
2004-01-01,9.72150993347168,9.951152252528859,9.72150993347168,9.9128779701722,33241
2004-01-02,9.377047538757324,9.874604784426984,9.185678653386082,9.721510182392418,50848
2004-01-05,9.03258228302002,9.377046578937723,8.994309691142291,9.070856562439001,49306
2004-01-06,8.91776180267334,9.415319831509684,8.49675233118651,8.535025766090657,114302
2004-01-07,8.267111778259277,8.994311413701935,8.037470276618368,8.879490240996086,46541
2004-01-08,8.267111778259277,8.535027566649328,7.7312802014791755,8.420206393943479,67544
2004-01-09,8.0757417678833,8.61157327115058,8.037469173926503,8.61157327115058,66737
2004-01-12,7.578184604644775,8.420205303776568,7.501637728598619,7.654731480690931,62305
2004-01-13,7.807826519012451,7.846100802975158,7.578185034089844,7.807826519012451,32669
2004-01-14,7.693004608154297,8.152289220973042,7.61645773519827,8.152289220973042,34523
2004-01-15,7.578184604644775,7.9991949542106715,7.463363446804862,7.463363446804862,18637
2004-01-16,7.501638889312744,7.654732665092961,7.080628474604718,7.501638889312744,33527
2004-01-19,7.271995544433594,7.539911302981784,7.042353646486009,7.425090143065318,34004
2004-01-20,7.19544792175293,7.3102690832415345,7.080627604035031,7.080627604035031,45969
2004-01-21,6.583069801330566,6.889258574417494,6.583069801330566,6.621343239759429,84132
2004-01-22,6.200332164764404,6.88925824210622,6.0089641380802625,6.506521766852614,58369
2004-01-23,6.850984573364258,6.850984573364258,6.200331954653801,6.200331954653801,20595
2004-01-26,6.850984573364258,6.850984573364258,6.850984573364258,6.850984573364258,0
2004-01-27,6.965806484222412,7.539911451329566,6.889258761515126,7.271995687510133,32594
2004-01-28,6.774437427520752,6.965806307549957,6.736163567137842,6.889258586784137,30601
2004-01-29,6.697890281677246,6.889258744193595,6.200332616643022,6.697890281677246,23751
2004-01-30,6.3917012214660645,6.850985457353868,6.3151539191323245,6.506522385909356,20107
2004-02-02,6.3917012214660645,6.3917012214660645,6.3917012214660645,6.3917012214660645,0
2004-02-03,6.27687931060791,6.659615776763518,6.123785146030981,6.123785146030981,37758
2004-02-04,6.238605976104736,6.4299748580551945,5.970691060161352,6.162059520226461,26470
2004-02-05,6.123785495758057,6.276879669078136,6.0089643384113245,6.123785495758057,16968
2004-02-06,6.047237873077393,6.123785166565192,5.9706905795895935,5.9706905795895935,14563
2004-02-09,6.200332164764404,6.315153318283148,5.970690701497563,6.162059150067029,25312
2004-02-10,6.27687931060791,6.3917004613972495,6.123785146030981,6.353427025724346,28471
2004-02-11,6.353426933288574,6.391700368404639,6.162058913937634,6.162058913937634,16052
2004-02-12,6.429974555969238,6.583069569959994,6.200332245925769,6.46824841493826,19602
2004-02-13,6.238605976104736,6.391700997288033,6.008964499043164,6.391700997288033,11408
2004-02-16,6.3917012214660645,6.697890430801024,6.2768800570227725,6.3151539191323245,24913
2004-02-17,6.162059307098389,6.315153479215896,6.123785447655011,6.276879619772518,22272
2004-02-18,6.162059307098389,6.315153479215896,6.123785447655011,6.200332322771097,15870
2004-02-19,6.162059307098389,6.200332322771097,5.932416994208792,5.932416994208792,27375
2004-02-20,6.123785495758057,6.238605809334112,5.970690900552639,6.200332371475428,14840
2004-02-23,6.008964538574219,6.047238399593172,5.970691099440618,5.970691099440618,9354
2004-02-24,6.085512161254883,6.085512161254883,5.932417141563983,5.932417141563983,14983
2004-02-25,5.932416915893555,6.200332240919047,5.932416915893555,5.97069077483167,3944
2004-02-26,5.894143581390381,6.162059774024534,5.817596278588637,5.932417443733936,19331
2004-02-27,5.894143581390381,6.00896474653568,5.741048553901527,5.894143581390381,5350
2004-03-01,6.008964538574219,6.123785699745726,5.855869938269111,6.123785699745726,14998
2004-03-02,6.008964538574219,6.008964538574219,6.008964538574219,6.008964538574219,0
2004-03-03,6.008964538574219,6.162059560764679,5.970691099440618,6.123785699745726,46821
2004-03-04,6.047237873077393,6.08551173076395,5.81759557072868,5.81759557072868,10409
2004-03-05,5.970690727233887,6.123785317995235,5.741047997321213,5.741047997321213,6073
2004-03-08,6.047237873077393,6.123785166565192,5.9706905795895935,6.008964015390836,25616
2004-03-09,5.894143581390381,6.085512471222791,5.894143581390381,5.894143581390381,29532
2004-03-10,6.008964538574219,6.047238399593172,5.855869938269111,5.855869938269111,16301
2004-03-11,6.047237873077393,6.850984665641942,5.9706905795895935,6.391700482829831,26526
2004-03-12,5.932416915893555,6.047238070822572,5.8175957609645375,5.855869619902653,7657
2004-03-15,5.7410478591918945,6.008964019406193,5.549680258172492,5.7410478591918945,39201
2004-03-16,5.320038318634033,5.741048250879327,5.2817644583106365,5.702774812441276,41956
2004-03-17,5.090397357940674,5.587955061044598,5.013849629568944,5.587955061044598,31976
2004-03-18,5.013849258422852,5.243491160882828,4.93730195760286,5.128670842480873,38056
2004-03-19,4.8990278244018555,4.937301683630703,4.86075438705834,4.8990278244018555,25959
2004-03-22,4.592839241027832,4.937301878238041,4.592839241027832,4.592839241027832,16352
2004-03-23,4.669386386871338,4.7459332620551065,4.592839089802234,4.631112949279453,24984
2004-03-24,4.631113052368164,4.631113052368164,4.32492301350528,4.401470312278328,38067
2004-03-25,4.592839241027832,4.707660401354801,4.363196920373894,4.439744219963424,15140
2004-03-26,4.707660675048828,4.822480998280525,4.210102987847196,4.210102987847196,12829
2004-03-29,4.7459330558776855,4.89902764336501,4.5162911746467,4.5928388902756785,17975
2004-03-30,4.860754489898682,4.899027928051958,4.745933331668168,4.899027928051958,33259
2004-03-31,5.013849258422852,5.166944281948191,4.401470429977562,4.401470429977562,18806
2004-04-01,5.702774524688721,5.77932181958772,5.1286704457742145,5.166943882281052,21902
2004-04-02,6.162059307098389,6.276879619772518,5.741048118877237,5.741048118877237,29843
2004-04-05,6.238605976104736,6.4299748580551945,5.855869899745216,6.4299748580551945,19741
2004-04-06,6.085512161254883,6.429974795374711,5.970691001958044,6.1237855997635995,32654
2004-04-07,6.238605976104736,6.315153697639059,5.855869899745216,5.855869899745216,9824
2004-04-08,6.238605976104736,6.391700997288033,6.162059520226461,6.391700997288033,12277
2004-04-09,6.238605976104736,6.238605976104736,6.238605976104736,6.238605976104736,0
2004-04-12,6.047237873077393,6.391700482829831,6.008964015390836,6.200332038167676,9246
2004-04-13,6.008964538574219,6.162059560764679,6.008964538574219,6.162059560764679,4103
2004-04-14,6.008964538574219,6.008964538574219,6.008964538574219,6.008964538574219,0
2004-04-15,5.626227378845215,6.008963834780362,5.358311648747961,5.894142687057166,41436
2004-04-16,5.664501667022705,6.353427340202871,5.511406651097333,6.238605761844841,27527
2004-04-19,5.7410478591918945,6.123785170657277,5.7410478591918945,5.932416725867243,32184
2004-04-20,5.894143581390381,6.123785911680979,5.664502094870516,6.047238608879235,39523
2004-04-21,5.970690727233887,6.238605628238258,5.779321855954213,6.047238022614561,45297
2004-04-22,6.085512161254883,6.27687977568381,5.970691001958044,6.085512161254883,22532
2004-04-23,5.855869293212891,6.008963876653787,5.741047722804259,5.779321579607136,13753
2004-04-27,5.702774524688721,5.855869536372041,5.664501510067206,5.664501510067206,35593
2004-04-28,5.626227378845215,5.741047682797805,5.396585083398825,5.741047682797805,11402
2004-04-29,5.817595958709717,6.123785574966307,5.817595958709717,6.123785574966307,26352
2004-04-30,5.7410478591918945,5.81759557461616,5.7410478591918945,5.81759557461616,22434
2004-05-03,5.587954521179199,5.702774836987573,5.511406800202924,5.549680660691061,39409
2004-05-04,5.855869293212891,6.1237850251771135,5.511406269528218,5.511406269528218,21631
2004-05-05,5.7410478591918945,5.779321716904027,5.6645014094235755,5.779321716904027,10171
2004-05-06,5.970690727233887,6.123785317995235,5.6645015457111905,6.123785317995235,14580
2004-05-07,5.817595958709717,6.047238276373496,5.817595958709717,5.855869818948794,24485
2004-05-10,5.702774524688721,5.855869536372041,5.587954215168207,5.81759567797988,13879
2004-05-11,5.549680233001709,5.741047833153156,5.549680233001709,5.587954090540249,8610
2004-05-12,5.473133087158203,5.587954240979738,5.43485922858925,5.43485922858925,45268
2004-05-13,5.587954521179199,5.587954521179199,5.358312202021066,5.358312202021066,9328
2004-05-14,5.281764984130859,5.549681189296045,5.1286712151375715,5.320038848264568,29184
2004-05-17,4.669386386871338,5.1286705911712955,4.592839089802234,4.9755755751477535,35726
2004-05-18,5.205218315124512,5.243491333969862,5.013849423929434,5.052123286545523,20027
2004-05-19,5.320038318634033,5.320038318634033,5.0521229839116355,5.0521229839116355,7935
2004-05-20,5.358312129974365,5.4731332880095716,5.281764410027334,5.281764410027334,8246
2004-05-21,5.052123069763184,5.128670791710764,4.9373019087271635,5.013849208789393,37333
2004-05-24,5.358312129974365,5.358312129974365,5.281764410027334,5.358312129974365,12194
2004-05-25,5.1669440269470215,5.2434909021038845,5.12867058936859,5.2434909021038845,8302
2004-05-26,5.243490695953369,5.281764132027061,5.052122671814274,5.205217681764996,44987
2004-05-27,5.052123069763184,5.166944230799203,4.975575769700955,4.975575769700955,8582
2004-05-28,4.860754489898682,5.013849086282471,4.860754489898682,4.860754489898682,7281
2004-05-31,4.8990278244018555,5.09039669866076,4.784206668600646,4.8224805278294935,19612
2004-06-01,4.669386386871338,4.9755755751477535,4.592839089802234,4.7459332620551065,29300
2004-06-02,4.592839241027832,4.8224807179110725,4.439744219963424,4.8224807179110725,46117
2004-06-03,4.478017807006836,5.396585345938842,4.401470090210513,5.396585345938842,34617
2004-06-04,4.248376369476318,4.516291270433409,4.133555215482907,4.248376369476318,53809
2004-06-07,4.439743995666504,4.592839008996516,4.2101025303848045,4.2101025303848045,5289
2004-06-08,4.478017807006836,4.554565101917836,4.28664893690135,4.28664893690135,15719
2004-06-09,4.5545654296875,4.7459334697941555,4.516291568534957,4.592839290840043,20860
2004-06-10,4.669386386871338,4.784206699646991,4.592839089802234,4.592839089802234,12301
2004-06-11,4.592839241027832,4.745933418321543,4.516291519552953,4.592839241027832,4721
2004-06-14,4.592839241027832,4.592839241027832,4.401470359225984,4.401470359225984,5894
2004-06-15,4.439743995666504,4.516291291388846,4.439743995666504,4.516291291388846,3467
2004-06-16,4.36319637298584,4.439743662972072,4.21010221489867,4.439743662972072,5259
2004-06-17,4.248376369476318,4.324922821072833,4.2101025108500725,4.248376369476318,3062
2004-06-18,4.286649703979492,4.324923569226603,4.171829373894355,4.210103239141466,14237
2004-06-21,4.171828746795654,4.171828746795654,4.018733730705463,4.018733730705463,3756
2004-06-22,4.171828746795654,4.171828746795654,4.171828746795654,4.171828746795654,1386
2004-06-23,4.2101030349731445,4.2101030349731445,3.9804606983977475,3.9804606983977475,8800
2004-06-24,4.133555889129639,4.1718293321079924,3.903913121832547,3.903913121832547,2427
2004-06-25,4.286649703979492,4.363197434473714,4.171829373894355,4.171829373894355,3432
2004-06-28,4.631113052368164,4.707660351141213,4.478018032936721,4.478018032936721,12425
2004-06-29,4.478017807006836,4.7842065647655145,4.28664893690135,4.669386255226999,7718
2004-06-30,4.8990278244018555,4.97557554285955,4.2866490299376245,4.363196748395319,13049
2004-07-01,4.669386386871338,4.784206699646991,4.631112949279453,4.784206699646991,5605
2004-07-02,4.5545654296875,4.7842069090613455,4.516291568534957,4.7842069090613455,11209
2004-07-05,4.592839241027832,4.669386540617362,4.592839241027832,4.592839241027832,1386
2004-07-06,4.7459330558776855,4.7459330558776855,4.6693861840193405,4.6693861840193405,8668
2004-07-07,4.8990278244018555,5.587954337323781,4.707660215798948,4.97557554285955,8079
2004-07-08,4.5545654296875,5.090396954510985,4.516291568534957,5.090396954510985,28440
2004-07-09,4.5545654296875,4.7842069090613455,4.40147040696268,4.4397442681152235,16656
2004-07-12,4.5545654296875,4.592839290840043,4.210102788741378,4.592839290840043,16216
2004-07-13,4.51629114151001,4.592838856577346,4.4397438483279865,4.4397438483279865,2770
2004-07-14,4.784207344055176,4.860755073320201,4.478018536422034,4.59283970843418,28106
2004-07-15,5.473133087158203,5.741047987714251,4.669386276063437,5.741047987714251,59802
2004-07-16,5.587954521179199,5.664501820270128,5.2817644810447915,5.2817644810447915,39205
2004-07-19,5.587954521179199,5.855869857054778,5.549680660691061,5.855869857054778,51335
2004-07-20,5.320038318634033,5.626227935565171,5.320038318634033,5.626227935565171,14368
2004-07-21,5.511406898498535,5.587954620840034,5.243491135959349,5.243491135959349,9570
2004-07-22,5.358312129974365,5.702774760309302,5.358312129974365,5.358312129974365,19532
2004-07-23,5.587954521179199,5.664501820270128,5.358312202021066,5.358312202021066,23710
2004-07-26,5.549680233001709,5.664501383732016,5.243490638349327,5.281764074002553,18217
2004-07-27,5.434859752655029,5.511407055288817,5.3965858903954524,5.511407055288817,15662
2004-07-28,5.320038318634033,6.353427484741604,5.243491019872584,6.353427484741604,5626
2004-07-29,5.358312129974365,5.39658556806254,5.243490971939159,5.281764410027334,15141
2004-07-30,5.549680233001709,5.741047833153156,5.320037931541094,5.70277439749993,38860
2004-08-02,5.358312129974365,5.39658556806254,5.281764410027334,5.281764410027334,10906
2004-08-03,5.396585941314697,5.587954832532868,5.281764775337943,5.473133666556113,13900
2004-08-04,5.473133087158203,5.549680382410784,5.358311933336669,5.396585370020297,59482
2004-08-05,6.3151535987854,6.5065220558549415,5.434859455659128,5.702774789294074,111971
2004-08-06,6.008964538574219,6.353427600203387,5.894143377402712,6.353427600203387,22899
2004-08-09,7.233721733093262,7.233721733093262,6.123786031663784,6.123786031663784,194957
2004-08-10,7.157174110412598,7.654731325967643,7.042353376778869,7.501637576969779,93745
2004-08-11,6.46824836730957,7.3485420544911015,6.429974508622377,7.195447463512981,64435
2004-08-12,6.3151535987854,6.5065220558549415,6.2386058784493095,6.5065220558549415,18123
2004-08-13,6.506522178649902,6.506522178649902,6.238605996187998,6.353427578859114,13524
2004-08-16,6.429974555969238,6.506521852021952,6.276879541978482,6.315153400947503,24156
2004-08-17,6.583069801330566,6.736163555046014,6.506522080702155,6.506522080702155,20804
2004-08-18,6.544795989990234,6.736163605451868,6.468248690674373,6.50652212938963,36913
2004-08-19,6.506522178649902,6.659616356555341,6.506522178649902,6.506522178649902,22734
2004-08-20,6.123785495758057,6.5065219837716,6.085512057899371,6.31515352882216,56862
2004-08-23,6.123785495758057,6.238605809334112,6.047238198155347,6.085512057899371,11442
2004-08-24,6.200332164764404,6.391700613333869,5.817595689510797,5.817595689510797,12346
2004-08-25,6.238605976104736,6.315153697639059,6.085512220577487,6.085512220577487,14563
2004-08-26,6.123785495758057,6.200332371475428,6.123785495758057,6.123785495758057,15906
2004-08-27,6.085512161254883,6.391700934980649,6.085512161254883,6.1237855997635995,25276
2004-08-30,6.3151535987854,6.468248617572239,6.200332440166607,6.200332440166607,36148
2004-08-31,6.353426933288574,6.429974225406013,6.200331927168391,6.429974225406013,21995
2004-09-01,6.544795989990234,6.659616306136006,6.238605948956093,6.238605948956093,46178
2004-09-02,6.697890281677246,6.774437582306715,6.468248801674195,6.621343402933132,44352
2004-09-03,6.621343612670898,6.889258962417852,6.468249006562535,6.889258962417852,50996
2004-09-06,6.73616361618042,6.812711337503545,6.544796000413999,6.583069861075562,17068
2004-09-07,6.73616361618042,6.850985198165108,6.583069861075562,6.73616361618042,47780
2004-09-08,6.812711238861084,6.889258537190519,6.506522045543344,6.850985098968472,38188
2004-09-09,6.621343612670898,6.889258962417852,6.506522447146942,6.889258962417852,31438
2004-09-10,6.697890281677246,6.736163721049302,6.429974940416783,6.429974940416783,35764
2004-09-13,6.965806484222412,7.042353785044343,6.583069980112762,6.583069980112762,74459
2004-09-14,8.381932258605957,8.381932258605957,6.850985384451472,6.965806547672934,297453
2004-09-15,8.956036567687988,9.377046905807566,8.496752792585902,8.764667695234126,379265
2004-09-16,8.496752738952637,9.491867156840462,8.420205021700145,9.491867156840462,72268
2004-09-17,8.0757417678833,8.573298989652436,7.960921454700888,8.420205238742554,100386
2004-09-20,8.190563201904297,8.420205523578737,8.114015480089249,8.190563201904297,57389
2004-09-21,7.769552230834961,8.267110274109063,7.348541903360966,8.267110274109063,50936
2004-09-22,8.152289390563965,8.420205139024764,7.8078259237840815,7.999194797696459,46430
2004-09-23,8.190563201904297,8.611573562460304,8.037469445815605,8.037469445815605,46441
2004-09-24,8.267111778259277,8.573300165856892,7.922648260141731,8.114016318804287,63692
2004-09-27,8.037468910217285,8.573298708362653,7.960921193503201,8.573298708362653,28410
2004-09-28,8.420206069946289,8.72639528953298,8.075742565083194,8.267111460152943,34388
2004-09-29,8.343657493591309,8.76466783859733,8.228836336995,8.420205212579072,43430
2004-09-30,8.228836059570312,8.458478365020834,8.1522891869339,8.1522891869339,34172
2004-10-01,8.458477973937988,8.611572555903034,8.07574109714007,8.11401453168868,49948
2004-10-04,8.994311332702637,9.45359517561911,8.496754047152486,8.802942431992687,150792
2004-10-05,8.535026550292969,8.956036904233041,8.343657670647952,8.802941463008754,54919
2004-10-06,8.726393699645996,8.956035994382198,8.496752248680398,8.802940568710994,77861
2004-10-07,8.764668464660645,8.9177630698011,8.496753538492893,8.802941905003076,60726
2004-10-08,8.649846076965332,8.802940660461594,8.496752337239682,8.496752337239682,31297
2004-10-11,8.496752738952637,9.109130258119308,8.381931584959226,9.032582540866818,43986
2004-10-12,8.611573219299316,8.802941250555094,8.343657469278828,8.343657469278828,42803
2004-10-14,8.420206069946289,8.573299835968879,8.037469967348303,8.343658343164238,25814
2004-10-15,8.152289390563965,8.535026294618058,8.11401510951909,8.34365742070568,21565
2004-10-18,7.960922718048096,8.267111955999468,7.884374986674849,8.152290780825002,38795
2004-10-19,7.999195098876953,8.573299210917895,7.84610050024523,8.573299210917895,25775
2004-10-20,8.420206069946289,8.573299835968879,8.22883717487654,8.343658343164238,66318
2004-10-21,8.420206069946289,8.49675379672834,8.267111460152943,8.343658343164238,20546
2004-10-22,8.420206069946289,8.420206069946289,8.420206069946289,8.420206069946289,0
2004-10-25,8.267111778259277,8.420206393943479,8.228837491510136,8.381932950965126,39124
2004-10-26,8.190563201904297,8.34365780176369,8.152289762882123,8.34365780176369,20556
2004-10-27,8.381932258605957,8.458479138239786,8.228836811796862,8.343657975018324,19706
2004-10-28,8.420206069946289,8.573299835968879,8.420206069946289,8.573299835968879,22664
2004-10-29,8.420206069946289,8.49675379672834,8.22883717487654,8.22883717487654,71911
2004-11-01,8.420206069946289,8.49675379672834,8.190563733370892,8.49675379672834,18843
2004-11-02,8.688119888305664,8.87948875879492,8.075741527789596,8.190562681329022,55441
2004-11-03,9.30049991607666,9.56841483969616,8.649847217590303,8.688120657568698,131489
2004-11-04,9.109130859375,9.491867783359018,8.99431054157343,9.41532090482464,53422
2004-11-05,8.802940368652344,9.185677236590935,8.802940368652344,9.185677236590935,19254
2004-11-08,8.91776180267334,9.606687849801027,8.764667219286144,9.606687849801027,48919
2004-11-09,9.03258228302002,9.147403433735711,8.68811967464357,8.994309691142291,35502
2004-11-10,9.03258228302002,9.33877229951874,8.956036255493936,9.33877229951874,63605
2004-11-11,8.91776180267334,9.185677534543586,8.879488367769193,9.185677534543586,18198
2004-11-12,9.070857048034668,9.377047080924845,8.917762453474916,9.377047080924845,8755
2004-11-15,9.070857048034668,9.070857048034668,9.070857048034668,9.070857048034668,0
2004-11-16,9.185678482055664,9.415320802709601,8.649846963043606,8.649846963043606,59971
2004-11-17,8.994311332702637,9.262227118679942,8.9177636036645,9.070858217969992,47468
2004-11-18,9.338772773742676,9.453593930289,8.879488991328053,8.879488991328053,77931
2004-11-19,10.640077590942383,11.21418254852597,9.185678477566718,9.568414553441979,319568
2004-11-22,12.745128631591797,12.783402068167696,10.486982373283317,10.640076963357565,372215
2004-11-23,12.859949111938477,13.778516664571036,12.668581082749357,13.778516664571036,314392
2004-11-24,12.592034339904785,13.204412714713008,12.32411858998352,13.013043839757438,184713
2004-11-25,12.592034339904785,13.127864995976648,12.247570871247158,13.127864995976648,175844
2004-11-26,12.592034339904785,12.592034339904785,12.592034339904785,12.592034339904785,0
2004-11-29,12.93649673461914,13.204412479773515,12.400665244310392,12.93649673461914,220843
2004-11-30,11.596920013427734,12.821676863846438,11.329004241455959,12.6303088169112,159772
2004-12-01,11.099360466003418,12.13274913503493,10.640076706852815,11.673465375884327,173235
2004-12-02,10.90799331665039,11.482098272462027,10.869719877935134,11.482098272462027,83972
2004-12-03,12.821675300598145,13.089591039905015,10.716624509650972,11.32900286019774,380385
2004-12-06,11.903108596801758,13.395782089866726,11.826562557927037,13.395782089866726,141159
2004-12-07,12.66858196258545,13.204413494053401,11.864834665383519,12.171024714630004,229954
2004-12-08,13.587150573730469,14.926727729741003,13.089592476476666,13.319233961249346,543514
2004-12-09,16.07493782043457,16.30457843926489,13.395780392001281,14.16125418405955,911918
2004-12-10,16.11321258544922,17.60588348108296,15.883570260143479,16.763864434197625,483826
2004-12-13,15.96011734008789,17.223147613839227,15.309465483157895,16.649042637126538,296699
2004-12-14,14.926725387573242,15.845292870072045,14.697084782604431,15.845292870072045,199921
2004-12-15,14.352622032165527,15.194642736224422,14.199528279177382,14.773633227965659,164401
2004-12-16,14.352622032165527,14.926726980953802,13.548875610124352,14.352622032165527,193533
2004-12-17,14.122981071472168,14.850180643411228,13.969886469157142,14.850180643411228,91547
2004-12-20,14.084707260131836,14.54399105495613,13.816791502208323,14.505717616330111,76286
2004-12-21,14.620538711547852,15.232917137289402,14.0081602858063,14.467444948883202,169455
2004-12-22,14.008159637451172,14.850180355758997,13.85506503810163,14.773633477969577,111880
2004-12-23,13.969886779785156,14.467444881200507,13.855065614553096,14.046434504530108,81809
2004-12-24,14.582263946533203,14.811906257215739,14.008159013597524,14.467443634962596,139995
2004-12-27,14.505717277526855,15.156369094054964,14.122980368894005,14.122980368894005,165361
2004-12-28,14.697087287902832,15.118096822986399,14.620538718990066,14.620538718990066,129562
2004-12-29,14.008159637451172,15.692201074066825,13.740244721417499,15.692201074066825,316288
2004-12-30,13.855064392089844,14.352621605833876,13.701970643649213,14.352621605833876,82367
2004-12-31,14.161253929138184,14.926726019875646,13.77851619622819,14.926726019875646,164324
2005-01-03,14.543991088867188,15.232916360824596,14.352622207749514,14.543991088867188,299631
2005-01-04,14.543991088867188,15.04154916724831,14.314348769034256,14.735358282443475,184143
2005-01-05,13.893338203430176,14.773633187070002,13.204412941807842,14.773633187070002,289415
2005-01-06,13.013044357299805,13.66369703923868,12.630308279708185,13.62542360023366,186699
2005-01-07,14.314348220825195,14.314348220825195,13.395780664214037,13.395780664214037,91807
2005-01-10,15.76874828338623,15.76874828338623,15.118096433413728,15.615654524588669,344550
2005-01-11,14.735357284545898,16.610767467378004,14.620536976175908,16.572494031254674,244662
2005-01-12,13.35750675201416,14.926727004048013,13.280960719172343,14.926727004048013,153391
2005-01-13,14.084707260131836,14.199528419780583,13.548875744284812,14.161254981154563,98740
2005-01-14,13.893338203430176,14.276075116153114,13.816791327147998,13.855064765289086,53808
2005-01-17,13.395781517028809,14.543991457776503,13.013044588856006,14.161255373374416,90723
2005-01-18,13.35750675201416,14.0464337041508,13.280960719172343,14.0464337041508,23896
2005-01-19,13.395781517028809,13.855065324573744,13.357507233572028,13.510602679857723,30689
2005-01-20,13.013044357299805,13.62542360023366,12.285845641121586,13.62542360023366,91332
2005-01-24,12.132750511169434,12.974771253668811,11.979655907421431,12.630308606178485,67722
2005-01-25,12.400665283203125,12.47721300081759,11.750013480448107,12.247570691744846,38593
2005-01-27,13.280960083007812,13.434053828899552,12.477212854452306,12.82167547025001,45879
2005-01-28,13.395781517028809,13.6636972823727,13.127865751684919,13.395781517028809,50613
2005-01-31,13.701970100402832,13.855063842773708,13.510601234897985,13.625422385446768,60075
2005-02-01,13.35750675201416,14.161254862840241,13.013044119716525,13.778517104694984,72475
2005-02-02,13.242687225341797,13.855065649775254,13.166140344172984,13.395781831450162,61610
2005-02-03,13.625423431396484,13.740244590759463,13.31923339183831,13.510602272033505,78209
2005-02-04,13.855064392089844,14.084706702292111,13.434054052566129,13.969885547190978,112390
2005-02-07,14.39089584350586,14.467444409525871,13.472329082909138,14.084707485820756,119091
2005-02-08,14.352622032165527,14.811906666212694,13.893338241889042,14.620537787436147,118116
2005-02-09,15.194642066955566,15.30946406418055,14.161254217178477,14.161254217178477,259613
2005-02-10,15.232914924621582,15.692199520984774,14.77363201579962,15.462557222803177,237720
2005-02-11,15.003277778625488,15.845296920499921,14.735360295926869,15.309467017727542,127626
2005-02-14,15.079821586608887,16.228031420616315,14.9267261545553,16.228031420616315,143431
2005-02-15,14.27607536315918,15.194642957062559,14.161255046749279,14.543991122323673,56353
2005-02-16,14.199528694152832,14.926727417181338,14.084707532285439,14.697086780987968,56716
2005-02-17,13.740243911743164,14.2760745560062,13.625422758054423,13.855064221661253,87075
2005-02-18,13.855064392089844,14.314348168723718,13.778516674098869,14.161254420283086,59659
2005-02-21,13.663697242736816,14.199528771870249,13.587150363586735,14.161255332295209,34522
2005-02-22,13.548874855041504,13.778516315496416,13.280959958472545,13.625422571040232,49973
2005-02-23,13.472329139709473,14.084707545202924,13.395781417137437,14.084707545202924,48539
2005-02-24,13.395781517028809,13.625423842686635,13.319233793885962,13.510602679857723,112005
2005-02-25,13.204413414001465,13.778517537959978,13.05131881219172,13.204413414001465,61415
2005-02-28,13.280960083007812,13.931611878130289,13.089591213101846,13.395780392426618,50950
2005-03-01,13.051318168640137,13.62542310806064,12.974770449624424,13.62542310806064,55790
2005-03-02,13.434054374694824,13.5106020945213,13.08959174490238,13.127865182930279,53994
2005-03-03,13.319232940673828,13.96988559251059,13.204412628970866,13.778516718797663,82285
2005-03-04,13.816792488098145,13.969887097296894,13.24268749266015,13.395782101858897,174745
2005-03-07,14.505717277526855,14.735357903919356,12.630307859636027,12.66858129736811,258093
2005-03-08,14.6588134765625,14.96500099430557,14.543991469867416,14.543991469867416,167956
2005-03-09,14.161253929138184,14.658811969396416,13.855063911564317,13.931611626900441,52319
2005-03-10,14.237802505493164,14.467444835227553,13.778517846024384,14.390896266955115,45776
2005-03-11,14.27607536315918,14.543991122323673,13.204413170271902,14.161255046749279,147045
2005-03-14,15.730474472045898,15.730474472045898,13.855065002064014,13.855065002064014,365293
2005-03-15,15.46255874633789,16.610768662838417,15.232916425529504,16.30457946427437,372311
2005-03-16,17.031780242919922,17.031780242919922,15.845295173713348,15.883570300980569,256363
2005-03-17,17.605880737304688,17.912071581688494,16.68731326677677,17.605880737304688,804088
2005-03-18,16.993505477905273,18.141713642756777,16.72558804563623,17.988619895793097,235098
2005-03-21,16.687314987182617,17.452788801977565,16.534221236748433,17.146599613567854,181882
2005-03-22,15.883569717407227,16.84041073802121,15.883569717407227,16.84041073802121,134596
2005-03-23,15.118096351623535,16.074939089097427,15.118096351623535,15.46255899459591,121425
2005-03-24,14.39089584350586,15.232916569394687,14.39089584350586,15.00327593395889,101265
2005-03-28,15.118096351623535,15.118096351623535,14.352622499152707,14.390895938645034,58740
2005-03-29,14.429170608520508,15.309464751578028,14.390895482699424,15.309464751578028,317854
2005-03-30,15.118096351623535,15.156369791115862,14.658813390174178,14.850180587635817,29101
2005-03-31,15.80702018737793,15.883568746881181,15.271188708561514,15.271188708561514,72482
2005-04-01,16.1514835357666,16.266305536490357,15.768747470950549,15.768747470950549,40028
2005-04-04,15.347737312316895,16.266304841133,15.347737312316895,15.99838910095231,60971
2005-04-05,15.347737312316895,16.036662537043654,14.582263527866171,16.036662537043654,54498
2005-04-06,15.615654945373535,15.998391040222213,15.309465731986299,15.309465731986299,66467
2005-04-07,16.03666114807129,16.304576865047178,15.386009415790328,15.386009415790328,129001
2005-04-08,16.07493782043457,16.30457843926489,15.692200080634793,16.07493782043457,102910
2005-04-11,16.840412139892578,17.223148242490563,15.615655261545811,15.998391364143798,108655
2005-04-12,16.993505477905273,17.337968096114853,16.610767735413468,16.610767735413468,95810
2005-04-13,17.299694061279297,17.950345838462844,17.108325196649506,17.491061238367845,197514
2005-04-15,15.69219970703125,17.529336426723855,15.57737940034976,16.840409524011157,227201
2005-04-18,15.80702018737793,16.22803135825137,15.309463832083773,15.998389054824155,81436
2005-04-19,16.1514835357666,17.29969510529745,16.074938347853006,17.29969510529745,131182
2005-04-20,16.266305923461914,16.49594824283122,15.960116726816635,16.457674804193232,89690
2005-04-21,16.342851638793945,16.381125074710766,15.692199853125437,15.768746724959081,70658
2005-04-22,16.1514835357666,16.763863602030167,16.113211785580475,16.763863602030167,58866
2005-04-25,17.797252655029297,17.797252655029297,16.22803316718219,16.725589577938713,175055
2005-04-26,18.141714096069336,19.02200822573058,17.912073469885716,18.25653609670249,267668
2005-04-27,17.797252655029297,18.52445308235261,17.605883766251274,18.294810753327276,151898
2005-04-28,16.955230712890625,18.371356340017726,16.76386352513111,18.333082902465822,153434
2005-04-29,16.419401168823242,17.10832643113529,16.151483726484663,17.10832643113529,110266
2005-05-02,15.921845436096191,17.835527751406865,15.61565619814482,17.835527751406865,106615
2005-05-03,15.998390197753906,16.07493876272581,15.768747877920974,15.807021316636233,43856
2005-05-04,16.457674026489258,16.534220900148025,16.07493797065412,16.1132114074835,66330
2005-05-05,16.6490421295166,16.95523132859192,16.228032613616065,16.95523132859192,47592
2005-05-06,16.610767364501953,17.070051970219964,16.11321101043892,16.151482758783946,43166
2005-05-09,16.457674026489258,16.87868351915378,16.266305154801035,16.419400589659876,31867
2005-05-10,16.57249641418457,16.802138751485693,16.228033752003647,16.41940264767817,89544
2005-05-11,16.610767364501953,16.84040966736096,16.34285162575666,16.34285162575666,21876
2005-05-12,16.57249641418457,16.840412193112293,16.53422297255797,16.57249641418457,59924
2005-05-13,16.57249641418457,16.840412193112293,16.45767608930477,16.57249641418457,58008
2005-05-16,16.610767364501953,17.223145713765124,16.228031318097788,16.228031318097788,90419
2005-05-17,16.763864517211914,17.758979015076,16.68731595003665,17.758979015076,119355
2005-05-18,16.57249641418457,17.146601413666613,16.49594953093137,16.57249641418457,98704
2005-05-19,16.534223556518555,17.299697478710353,16.45767667056185,17.299697478710353,88210
2005-05-20,16.18975830078125,16.840410102752653,16.074937990153817,16.534220920204856,33855
2005-05-23,16.993505477905273,17.452788406337614,15.615653317525645,15.615653317525645,133617
2005-05-24,16.763864517211914,17.797252454892917,16.457675311135162,17.605883568266908,107993
2005-05-25,16.534223556518555,16.99350824734195,16.266307768128502,16.304581211106857,89216
2005-05-26,15.96011734008789,16.763864644993944,15.883570459870585,16.419401996474623,45572
2005-05-27,15.998390197753906,16.266305956302098,15.3094649257965,15.3094649257965,38745
2005-05-30,15.65392780303955,16.228032767699514,15.577380924429267,16.074939010478946,87305
2005-05-31,15.386011123657227,15.84529405549608,15.079821939917553,15.50083143473161,101196
2005-06-01,15.577380180358887,15.692200492789796,15.194642430506518,15.309464430478762,86049
2005-06-02,15.309466361999512,15.96011825628025,15.232917789846477,15.424286688916743,140733
2005-06-03,15.309466361999512,15.692202472598495,14.926728563858978,14.926728563858978,133745
2005-06-06,15.347737312316895,15.692199924680274,14.735357272231552,14.735357272231552,40969
2005-06-07,15.232914924621582,15.462557222803177,15.194641489514854,15.386010352589723,61633
2005-06-08,15.347737312316895,15.692199924680274,15.232915316501586,15.347737312316895,91561
2005-06-09,15.118096351623535,15.500832434088238,14.9650009061128,15.500832434088238,45005
2005-06-10,17.452787399291992,18.14171259595939,15.079820957947394,15.692199285549794,736356
2005-06-13,20.70604705810547,20.973962776513137,17.835522709124128,18.17998529349366,1227054
2005-06-14,21.35670280456543,22.50491275978712,20.514683745774878,21.43325137244394,863327
2005-06-15,21.012237548828125,22.39008966167261,20.744323500884573,21.892531626123528,324997
2005-06-16,21.394975662231445,21.777713428579172,18.907188618678244,21.050513022551613,520802
2005-06-17,22.734554290771484,23.07901690217656,20.667775247258493,21.777711640984723,821514
2005-06-20,22.849374771118164,24.495140968590647,22.390090160752045,23.729668868035493,489110
2005-06-21,22.466636657714844,22.77282751786772,21.471522268612386,22.77282751786772,250684
2005-06-22,24.72478675842285,24.72478675842285,22.9641983164553,22.9641983164553,909596
2005-06-23,27.059476852416992,27.212572287687156,25.260615191355082,26.408825049486737,612563
2005-06-24,26.98293113708496,28.322509924934813,26.638468502363963,28.322509924934813,378482
2005-06-27,25.64335060119629,28.09286569092463,25.64335060119629,27.557034212310892,224627
2005-06-28,24.418598175048828,26.026092892312963,24.38032473238181,25.719901975893695,266645
2005-06-29,23.19384002685547,24.80133297114465,23.19384002685547,24.80133297114465,272242
2005-06-30,22.65800666809082,24.074132295789163,22.198723729741378,22.581459792956135,315675
2005-07-01,23.61484718322754,23.806214353445128,21.81598397039392,23.34692976984055,278325
2005-07-04,24.035860061645508,24.380322704539424,23.423481654824894,24.035860061645508,197514
2005-07-05,22.849374771118164,24.22722522713396,22.849374771118164,23.57657343539969,185069
2005-07-06,22.19872283935547,22.964194935082066,21.854258539983103,21.892531976015306,156089
2005-07-07,21.433250427246094,23.270385599567287,21.088787793378543,22.61973377031287,255691
2005-07-08,21.930805206298828,22.428363245132058,21.509795726353122,22.236996066766395,152870
2005-07-11,23.040742874145508,23.040742874145508,22.390091056384335,22.658006808558,85254
2005-07-12,23.040742874145508,24.227226196254005,22.390091056384335,23.99758556942631,295177
2005-07-13,22.887651443481445,23.614851898123273,22.466640209862092,23.614851898123273,67086
2005-07-14,23.117292404174805,23.50002848577022,22.81110151384877,23.50002848577022,83972
2005-07-15,22.7728271484375,24.112404124054205,22.198722248161417,23.1172897510949,152337
2005-07-18,22.964195251464844,23.653122172159804,22.84937494178633,23.193837558363164,99948
2005-07-19,22.849374771118164,23.57657343539969,22.619732465935105,23.57657343539969,45807
2005-07-20,22.619735717773438,23.270387603046142,22.19872617069743,22.19872617069743,75555
2005-07-21,22.849374771118164,23.346931130216632,22.696279338482363,22.964195079939053,116150
2005-07-22,22.65800666809082,23.193838169116283,22.504911230280115,23.193838169116283,40344
2005-07-25,21.54806900024414,23.729668317563345,21.54806900024414,23.729668317563345,278322
2005-07-26,20.78260040283203,21.815988394178042,20.476409493313,21.815988394178042,189434
2005-07-27,21.2036075592041,21.43324987167706,20.323313434342204,20.667776059280975,67119
2005-07-28,24.507789611816406,24.507789611816406,24.507789611816406,24.507789611816406,0
2005-07-29,21.318429946899414,21.548070576007188,20.706049873321252,20.706049873321252,60733
2005-08-01,20.629505157470703,21.356703934220583,20.476409701157202,20.66777859966369,32731
2005-08-02,20.97396469116211,21.433249303942265,20.629502075347638,21.050511564111705,62876
2005-08-03,20.55295753479004,21.662894068682224,20.51468409397189,21.662894068682224,56806
2005-08-04,21.241880416870117,21.58634303240637,20.28503944314913,20.28503944314913,60933
2005-08-05,22.31354522705078,22.31354522705078,21.969082583116133,22.275271787451537,190489
2005-08-08,23.079017639160156,23.461753698772032,22.581459580385793,23.270384825195432,133329
2005-08-09,22.466636657714844,23.46175273435856,22.275269479545862,22.9641946960367,70345
2005-08-10,23.19384002685547,23.72967157079902,22.581461601646115,22.581461601646115,119426
2005-08-11,22.925926208496094,23.72967359290204,22.50491495057514,23.72967359290204,107133
2005-08-12,22.734554290771484,23.155563774146295,22.42836342781001,22.96419490668069,92437
2005-08-16,23.040742874145508,23.729669817252645,22.198723867361256,23.729669817252645,89179
2005-08-17,23.079017639160156,23.423480261564976,22.313543832395084,23.23211138798838,67930
2005-08-18,22.65800666809082,23.882763420411116,22.581459792956135,23.57657423233104,153919
2005-08-19,23.040742874145508,23.5000275028836,22.811100559776463,23.346932064123788,156921
2005-08-22,23.2703857421875,24.418595653810772,22.964196544924054,23.729670381853367,302845
2005-08-23,22.275270462036133,23.691396080653586,22.083901587885236,23.691396080653586,125086
2005-08-24,21.586345672607422,22.19872579323295,21.43325190810716,21.43325190810716,55946
2005-08-25,22.50490951538086,22.96419410627364,21.662890577979443,22.19872203817395,38750
2005-08-26,23.232112884521484,23.461755210097913,22.31354526975721,23.308659763866483,79541
2005-08-29,22.6962833404541,22.92592568612935,22.198726893622908,22.198726893622908,73294
2005-08-30,24.418598175048828,24.992703190137224,22.390093900905928,23.34693503020607,374473
2005-08-31,26.86811065673828,26.86811065673828,25.069248929462468,26.332279144881362,552457
2005-09-01,28.092866897583008,28.245960648024823,26.102636329050036,28.245960648024823,606832
2005-09-02,26.753286361694336,28.32250732445809,26.71501292663296,28.32250732445809,305976
2005-09-05,27.021203994750977,28.054593564239248,26.86811024374018,27.557035498371462,340979
2005-09-06,26.63846778869629,28.05459341575793,25.719898537327722,28.016318290666458,136434
2005-09-08,26.561920166015625,27.93977231674774,26.408824732582595,27.93977231674774,116985
2005-09-09,25.528532028198242,27.059478008607197,25.260616270684,26.791562251092955,86600
2005-09-12,25.451984405517578,26.79156146630819,25.222342093297627,26.40882540430249,68479
2005-09-13,24.60996437072754,25.91126802852937,24.188954860127353,25.719899148688533,129352
2005-09-14,24.265501022338867,25.75817530736602,24.11240726236159,25.451986099870016,132071
2005-09-15,24.954425811767578,25.26061499235447,24.150678579898997,24.456867760485892,127953
2005-09-16,24.916152954101562,25.298889016843308,24.112405703556696,25.260615579323268,78606
2005-09-19,25.681625366210938,25.949542806924054,24.839606356289814,24.877879794237014,146105
2005-09-20,24.495141983032227,25.834720745792975,24.418595107314854,25.834720745792975,125644
2005-09-21,23.2703857421875,25.2606163681706,23.2703857421875,25.2606163681706,102773
2005-09-22,22.122175216674805,22.964195907668593,22.122175216674805,22.23699721717566,46834
2005-09-23,21.012237548828125,21.85425819070302,21.012237548828125,21.050510984248632,33992
2005-09-26,22.08390235900879,22.08390235900879,19.978851420010265,20.01712485866861,189142
2005-09-27,23.19384002685547,23.19384002685547,21.85426116699659,22.581461601646115,41088
2005-09-28,24.380321502685547,24.380321502685547,23.538300812930153,24.34204806508867,138059
2005-09-29,23.232112884521484,25.60507964454788,23.193839444848987,25.260616999953957,135866
2005-09-30,22.08390235900879,22.54318699799167,22.08390235900879,22.08390235900879,32300
2005-10-03,21.624616622924805,22.083899515223575,21.012236620624492,22.083899515223575,84375
2005-10-04,21.854257583618164,22.50490934277496,21.050510399490904,21.50979498686111,34639
2005-10-05,21.73944091796875,22.19872558218603,21.433251704337724,21.433251704337724,34576
2005-10-06,21.54806900024414,21.662890993942714,21.127059523459355,21.127059523459355,39817
2005-10-07,22.65800666809082,22.65800666809082,21.50979679090521,21.624618791148574,113804
2005-10-10,23.53830337524414,23.76794571336499,22.198726163365322,23.614851946312108,180385
2005-10-11,23.38520622253418,24.188955191363718,22.390091746326057,23.921037743392937,92413
2005-10-13,23.002470016479492,23.461754656801066,22.581460502469206,22.619733941239105,39372
2005-10-14,21.854257583618164,22.964193930145164,21.854257583618164,22.964193930145164,40184
2005-10-17,20.97396469116211,21.47152274041706,20.782597508788122,21.47152274041706,72352
2005-10-18,20.859146118164062,21.54807140714281,20.782599238842295,21.356702521296967,24772
2005-10-19,19.902305603027344,20.935693564482477,19.825757034090998,19.97885248442221,65163
2005-10-20,19.328201293945312,20.66777851540489,18.907190056455732,20.66777851540489,101805
2005-10-21,18.447906494140625,19.136831804590276,18.37135792489173,19.136831804590276,69441
2005-10-24,18.33308219909668,18.830640243264725,17.988619586803907,17.988619586803907,43780
2005-10-25,18.409631729125977,18.754094359574424,18.256536289181465,18.562725481529124,41651
2005-10-26,18.907188415527344,19.136830735360277,18.677546095694414,18.677546095694414,33655
2005-10-27,18.141714096069336,19.44301941548324,17.988620345280257,19.213377101758272,97396
2005-10-28,17.26141929626465,18.79236686996724,17.26141929626465,18.754093433755866,26277
2005-10-31,17.75897789001465,18.103440514086024,16.457674268513596,17.414515265943272,50636
2005-11-02,17.605880737304688,18.333081039519186,17.414513568991268,17.988618449013863,24462
2005-11-04,17.605880737304688,17.605880737304688,17.605880737304688,17.605880737304688,0
2005-11-07,18.294811248779297,18.486180142739887,17.070054377531136,17.070054377531136,25414
2005-11-08,17.491064071655273,18.294811408245796,17.37624374680299,17.912075304530006,74030
2005-11-09,17.64415740966797,18.179987215593382,17.184872790256115,17.452788536989477,26077
2005-11-10,17.184873580932617,17.605883095146382,17.03177982577903,17.605883095146382,22694
2005-11-11,17.223146438598633,17.605882501110187,17.031779251113523,17.223146438598633,70722
2005-11-14,17.108325958251953,17.797251201521735,16.993505646887428,17.299694831400814,51232
2005-11-16,17.108325958251953,17.60588232837288,16.9552305222246,17.376241705643828,23121
2005-11-17,17.070053100585938,17.29969541865168,16.87868422094092,17.108326539006665,35364
2005-11-18,17.797252655029297,17.950348103560003,16.916958466716732,16.916958466716732,136745
2005-11-21,17.797252655029297,18.63927340309455,17.605883766251274,18.63927340309455,74701
2005-11-22,18.715818405151367,18.715818405151367,17.18487251120698,17.18487251120698,58574
2005-11-23,19.67266082763672,19.67266082763672,19.060280789920913,19.44301852443595,35205
2005-11-24,20.667776107788086,20.667776107788086,20.093671169028934,20.59122923263122,59067
2005-11-25,21.7011661529541,21.7011661529541,20.820872006539727,20.820872006539727,98557
2005-11-28,21.509798049926758,23.079019207286194,20.89741963792259,23.079019207286194,115276
2005-11-29,21.394975662231445,21.62461967207321,21.050513022551613,21.54807110627882,89144
2005-11-30,21.241880416870117,21.815985338610965,20.93569123777775,21.050511547109405,104253
2005-12-01,20.97396469116211,21.394974179926177,20.935691254687313,21.16533356107739,52035
2005-12-02,20.859146118164062,21.54807140714281,20.744325799181414,20.97396643714671,59985
2005-12-05,19.978851318359375,20.97396578103736,19.82575587696356,20.97396578103736,38775
2005-12-06,19.940576553344727,20.39986288584678,19.519567035081977,20.361587759148886,21270
2005-12-07,19.7874813079834,20.85914427390275,19.557839002780497,19.902303304355488,19199
2005-12-08,19.251649856567383,20.093670518663476,19.213376420227736,19.28992329290703,43415
2005-12-09,19.251649856567383,19.90230333696524,19.13682954754844,19.825754776744663,52373
2005-12-12,19.09855842590332,19.902305749071807,18.98373641542697,19.78748373859546,59876
2005-12-13,19.67266082763672,19.902303130837485,18.600997871060645,18.600997871060645,69330
2005-12-14,19.749210357666016,20.20849502588492,19.557841464651222,19.557841464651222,43727
2005-12-15,19.213376998901367,20.01712424886529,19.098556686424235,19.82575537386207,52711
2005-12-16,19.136831283569336,19.749209695638914,18.75409519791121,19.213378163192672,32825
2005-12-19,18.371356964111328,19.44302000213544,18.218263208702965,19.136830803777322,93171
2005-12-20,18.179988861083984,19.519567715997542,17.223147786169424,19.481294275505938,131438
2005-12-21,18.065166473388672,18.600997954067864,17.835524169163122,17.835524169163122,37312
2005-12-22,18.065166473388672,18.75409338606532,17.529336680250754,17.98861960116058,26141
2005-12-23,18.21826171875,18.562724327788857,17.988619416877007,17.988619416877007,24716
2005-12-26,17.682432174682617,18.715820114656893,17.605883607337475,18.715820114656893,38263
2005-12-27,17.87380027770996,18.371356662150443,17.37624220572811,17.37624220572811,128210
2005-12-28,18.026891708374023,18.371354295548727,17.6441556879067,17.720702554491936,29570
2005-12-29,17.720705032348633,17.98862079040032,17.644158155059976,17.98862079040032,40997
2005-12-30,18.75409507751465,19.4812938043508,17.60588345282862,17.988621223571105,105166
2006-01-02,18.409631729125977,19.328199306168962,17.797251656889287,19.136830428123663,77026
2006-01-03,19.022008895874023,19.328199783321946,18.40963218360239,18.945462017782745,74063
2006-01-04,18.75409507751465,19.51956724391676,18.562726192143405,18.71581995040726,104578
2006-01-05,18.371356964111328,18.907188483123385,18.371356964111328,18.830641605419203,49856
2006-01-06,17.988622665405273,18.60100112262724,17.91207578013792,18.486180794726206,84850
2006-01-09,18.141714096069336,18.715819036611073,17.79725146925256,18.3713564097943,73321
2006-01-10,17.64415740966797,18.562724960950366,17.567608848071785,18.562724960950366,104577
2006-01-12,17.64415740966797,18.10344034153851,17.452788536989477,17.60588228509922,58872
2006-01-13,17.529338836669922,18.333084469022385,17.452790267483724,18.333084469022385,58434
2006-01-16,17.41451644897461,17.720705656454303,17.184874121479478,17.184874121479478,26166
2006-01-17,16.916955947875977,17.52933596327737,16.878682513327366,17.45278740663894,55880
2006-01-18,16.916955947875977,17.146598242708848,16.457673045751438,17.070051373611626,50880
2006-01-19,17.337970733642578,17.414517618769064,17.07005494815832,17.07005494815832,43889
2006-01-20,17.37624168395996,17.60588230640244,17.22314624812366,17.60588230640244,65792
2006-01-23,16.993505477905273,17.491061843078533,16.916956916882132,17.10832578812803,61553
2006-01-24,17.223146438598633,17.605882501110187,16.955230688578144,17.18487300110161,108200
2006-01-25,17.491064071655273,17.98862218776486,16.91695907231083,17.14660140955691,129686
2006-01-27,17.491064071655273,18.14171595423457,17.223148292791766,18.14171595423457,74677
2006-01-30,17.031780242919922,17.376242887993442,16.87868479647534,17.376242887993442,78753
2006-01-31,17.37624168395996,17.98862005222254,16.916957063992367,17.031779062754925,107667
2006-02-01,16.763864517211914,17.72070557525909,16.53422219076899,17.72070557525909,65964
2006-02-02,16.57249641418457,16.802138751485693,16.38112751851005,16.49594953093137,44278
2006-02-03,15.500831604003906,17.146599539290104,15.386011291675661,16.45767429023796,51991
2006-02-06,15.76874828338623,16.419401820900166,15.462559078249674,15.692201403987449,48121
2006-02-07,15.46255874633789,15.998390265710322,15.156369547773842,15.692201067146275,49379
2006-02-08,15.309466361999512,15.692202472598495,15.079824020623501,15.347739804305254,38876
2006-02-10,18.371356964111328,18.371356964111328,15.19464297643247,15.19464297643247,296018
2006-02-13,18.409631729125977,20.131944881368224,18.179987725438526,20.131944881368224,283171
2006-02-14,17.1466007232666,18.447906123882145,16.95523183529746,18.447906123882145,84916
2006-02-15,17.031780242919922,17.529338334438023,16.840411356749552,17.529338334438023,62469
2006-02-16,17.184873580932617,17.414515901204396,16.916957821872444,17.184873580932617,39287
2006-02-17,16.916955947875977,17.567607710284772,16.840409078778755,17.567607710284772,128424
2006-02-20,16.916955947875977,17.070051373611626,16.76386220968153,16.916955947875977,39378
2006-02-21,16.955230712890625,17.223146463295283,16.87868383778682,16.91695727533872,19580
2006-02-22,16.840412139892578,18.29481135481474,16.649043244822828,18.29481135481474,48829
2006-02-23,17.1466007232666,17.223147603437678,16.1897596585038,17.184874163352138,60245
2006-02-24,17.26141929626465,17.87379933827045,16.49594719695463,16.49594719695463,59789
2006-02-27,17.37624168395996,17.98862005222254,16.61076787986108,16.61076787986108,95581
2006-02-28,17.682432174682617,17.988621381438858,17.223147520777534,17.988621381438858,59388
2006-03-01,17.337970733642578,17.988622632300828,17.108328390721564,17.835527174506296,64961
2006-03-02,17.299694061279297,17.682430102997635,16.993504890396377,16.993504890396377,46412
2006-03-03,17.184873580932617,17.720705099052967,17.14660014214422,17.223147019721015,40413
2006-03-06,17.108325958251953,17.452788579886846,17.031779084008935,17.22314626961648,46682
2006-03-07,17.223146438598633,17.376241876128056,16.8786838135841,16.8786838135841,58682
2006-03-08,18.524452209472656,20.399862506011058,17.146599987787088,17.223146864674792,419431
2006-03-09,17.950347900390625,19.136831284794045,17.68243213415036,18.754095199111422,101036
2006-03-10,17.87380027770996,18.677545855475884,17.261420203517716,17.261420203517716,90213
2006-03-13,18.026891708374023,18.524449716260346,17.605880567072933,17.682429121199316,64553
2006-03-14,17.337970733642578,18.02689607486407,17.261422160974533,17.91207574717434,51085
2006-03-16,17.184873580932617,18.677546131387082,16.916957821872444,18.677546131387082,39414
2006-03-17,16.955230712890625,17.797251401656503,16.840410400234916,17.797251401656503,56532
2006-03-20,16.993505477905273,17.376241532855776,16.84041004340029,17.223146098350792,78330
2006-03-21,16.955230712890625,17.60588252635565,16.91695727533872,17.60588252635565,62384
2006-03-22,16.878684997558594,17.79725262454509,16.84041155737684,17.79725262454509,56089
2006-03-23,16.916955947875977,17.108324808160237,16.53421991484866,16.916955947875977,62012
2006-03-24,17.031780242919922,18.9071889147321,16.68731591030497,18.9071889147321,66885
2006-03-27,18.371356964111328,18.486178968208996,16.916957850024914,17.03177985412258,227506
2006-03-28,18.639272689819336,19.28992452420786,18.371356930799113,18.600999251036647,217658
2006-03-29,19.136831283569336,19.32820017016912,18.371357424711643,18.677546630746434,153994
2006-03-30,19.404747009277344,19.940576853063387,18.639273152017882,18.639273152017882,120461
2006-03-31,19.136831283569336,19.902305142427025,19.098557843757664,19.32820017016912,67399
2006-04-03,20.09366798400879,20.59122596874383,19.404742841714935,19.7109319813501,104379
2006-04-04,19.55784034729004,20.552956509065076,19.519566908381982,19.749209229371715,98608
2006-04-05,19.749210357666016,20.285041908074238,19.519568023556563,19.825757239855335,83461
2006-04-07,21.012237548828125,21.318428407274673,19.251649394237322,19.90230285900968,251691
2006-04-10,22.887651443481445,23.04074521022192,21.93080865118738,22.04563066378426,278834
2006-04-12,24.686511993408203,25.719899925667285,22.658007880964718,22.964197085434975,451420
2006-04-13,22.964195251464844,25.260614945365457,22.27527001831118,24.87787889222912,206638
2006-04-17,23.232112884521484,24.342049385189686,22.39009214910221,22.39009214910221,118588
2006-04-18,22.16044807434082,23.729669102298953,20.859144478025588,23.040742179948566,113529
2006-04-19,21.73944091796875,22.92592433173166,21.548072026621302,22.887650890970466,97604
2006-04-20,22.19872283935547,22.73455431888885,21.8159851039509,22.73455431888885,85335
2006-04-21,22.122175216674805,23.079017908169448,21.624618839642242,23.079017908169448,68636
2006-04-24,21.892532348632812,23.461753377909368,21.70116516521467,22.734554705837834,120415
2006-04-25,21.241880416870117,22.543185693668644,21.088786671094578,22.19872307813239,82095
2006-04-26,21.088788986206055,23.38520723772724,20.973966976728036,23.38520723772724,77855
2006-04-27,21.624616622924805,22.122172948953374,20.89741631943509,20.89741631943509,87852
2006-04-28,21.088788986206055,21.73944085226275,19.97885245732024,21.01224041737355,42246
2006-05-02,22.08390235900879,22.887649633458135,21.509797404050886,21.509797404050886,92992
2006-05-03,22.31354522705078,22.925923635721585,21.930807455975458,22.19872490825304,135674
2006-05-04,22.466636657714844,22.887647824769108,22.007353742568036,22.887647824769108,152098
2006-05-05,26.944658279418945,26.98293171881961,22.581460874622042,22.581460874622042,1858296
2006-05-08,27.978044509887695,31.384398767556103,25.911265531865702,28.934885441813318,1409837
2006-05-09,27.557037353515625,28.70524562601821,27.021205813822878,28.284237782396204,510694
2006-05-10,28.016319274902344,28.9731619974357,27.633583198413838,27.90149895821821,454861
2006-05-11,26.52364730834961,28.55214961092949,26.140909560185463,27.174299117670802,202617
2006-05-12,26.791563034057617,28.322510746748833,25.260617008907836,26.026090865253444,313902
2006-05-15,27.36566734313965,29.85345773803073,27.17430014933371,28.24596149727113,791236
2006-05-16,27.518762588500977,28.51387705178411,24.992700460494188,27.939773786939465,306257
2006-05-17,33.03017044067383,33.03017044067383,28.322510413942638,28.322510413942638,1718475
2006-05-18,30.159643173217773,33.45117893072775,29.508991383957905,32.53260971348879,1168575
2006-05-19,31.42267608642578,35.13521996871257,29.930001820560758,32.41779226366913,1308880
2006-05-22,28.322507858276367,33.68081924360364,25.643350478071465,32.91534715286618,602251
2006-05-23,31.728864669799805,32.14987584879414,28.36078198801036,29.087980660758674,444219
2006-05-24,33.2980842590332,35.97724186036899,31.422675625639556,32.64743242194083,953018
2006-05-25,33.2980842590332,34.82903194195119,32.14987771569821,33.6808220235334,681576
2006-05-26,38.771217346191406,39.65150976170848,33.68081991054434,34.216651397195754,2210493
2006-05-29,45.277740478515625,46.46422380846464,39.230503514597956,39.72806158442862,4563202
2006-05-30,49.64094161987305,49.83230881865002,44.81845783494755,46.31113211065654,5604007
2006-05-31,45.08637237548828,48.87546291697325,44.70363462757845,47.65070617376097,2900791
2006-06-01,40.646629333496094,47.26797492153504,40.608355893686586,45.77530064371571,1974366
2006-06-02,36.66616439819336,40.416984759954175,36.58961752602636,39.80460640753563,1017236
2006-06-05,34.63766098022461,37.50818546408528,33.56599805623897,35.977237947665444,1426635
2006-06-06,32.915348052978516,34.293198529001536,32.915348052978516,34.293198529001536,494473
2006-06-07,31.269580841064453,31.76713890601959,31.269580841064453,31.269580841064453,229122
2006-06-08,29.738632202148438,29.738632202148438,29.738632202148438,29.738632202148438,9890
2006-06-09,28.28423500061035,29.164527416688827,28.28423500061035,28.28423500061035,430401
2006-06-12,26.86811065673828,28.284236313062596,26.86811065673828,26.906384095079293,64349
2006-06-13,25.528532028198242,25.987816666091618,25.528532028198242,25.643352343900894,17599
2006-06-14,24.265501022338867,25.26061721235697,24.265501022338867,24.342049589868953,61768
2006-06-15,25.490257263183594,25.490257263183594,23.07901725857151,23.729669055444408,66326
2006-06-16,26.791563034057617,26.791563034057617,26.63846927531336,26.791563034057617,52225
2006-06-19,28.131139755249023,28.131139755249023,27.86322400995779,28.092866318427603,62227
2006-06-20,29.547266006469727,29.547266006469727,27.250846246248873,28.85834075342001,53279
2006-06-21,31.03993797302246,31.03993797302246,30.15964549910664,30.236192377266033,73245
2006-06-22,32.60915756225586,32.60915756225586,31.690591692592154,32.60915756225586,177798
2006-06-23,31.958507537841797,32.91535027328549,31.001664802398103,32.149878109980236,125919
2006-06-26,30.465829849243164,32.57088228044303,30.465829849243164,32.57088228044303,48181
2006-06-27,29.317626953125,30.65720409341666,28.97316262058118,30.465833519744375,82095
2006-06-28,28.054595947265625,28.858343270968625,27.939775624254406,28.360785162837033,30787
2006-06-29,27.939773559570312,28.934888014755376,27.557035802733367,27.557035802733367,24710
2006-06-30,29.049707412719727,29.241074597558914,28.51387592008738,29.241074597558914,30860
2006-07-03,29.317626953125,29.700361350303837,28.70524516747313,28.70524516747313,32934
2006-07-04,29.355899810791016,29.623813883504155,28.820068290281938,29.011435485077037,33430
2006-07-05,29.317626953125,29.470720711996535,28.36078421001218,28.36078421001218,15582
2006-07-06,28.820066452026367,29.355897938358034,28.16941296860003,28.16941296860003,18319
2006-07-07,27.557037353515625,29.087983404393867,27.40394359219853,28.322511222725474,24381
2006-07-10,27.978044509887695,28.20768511852017,27.17429731705039,27.71012709140071,25709
2006-07-11,28.131139755249023,28.32250862689742,27.55703482784514,28.284235190076,13753
2006-07-12,28.054595947265625,28.092869388269364,26.944659407991217,27.097753172006176,29633
2006-07-13,28.322507858276367,28.705242216103837,27.74840294645264,27.939771812907637,28455
2006-07-14,29.738632202148438,29.738632202148438,27.557034515282957,27.557034515282957,43659
2006-07-17,30.465829849243164,31.231305301542637,29.623810901812693,30.465829849243164,130470
2006-07-18,29.049707412719727,30.77202220152028,28.973160538784054,30.61892845364893,55448
2006-07-19,28.016319274902344,30.197918792232027,27.633583198413838,30.006551597758474,66544
2006-07-20,29.43244743347168,29.43244743347168,28.016320030905668,29.087983099041328,61081
2006-07-21,29.738632202148438,30.542381116447025,28.32250830565295,28.934886662932428,52784
2006-07-24,29.27935218811035,29.47071937803775,28.47560324024985,28.743520681230923,29526
2006-07-25,29.47071647644043,29.853454193694745,29.08797875918611,29.08797875918611,15597
2006-07-26,29.85345458984375,30.15964206764434,28.934885406277125,28.934885406277125,21749
2006-07-27,29.662084579467773,30.50410690886596,29.470717402369317,29.470717402369317,27923
2006-07-28,29.700361251831055,30.121372462414758,29.24107660165636,30.121372462414758,33317
2006-07-31,28.705244064331055,30.35101203420181,28.62869718783698,30.236191719460702,70338
2006-08-01,28.322507858276367,30.083096029530296,27.939771812907637,30.083096029530296,27804
2006-08-02,28.62869644165039,29.087981063726634,27.93977288361868,29.087981063726634,41036
2006-08-03,28.399057388305664,29.470720440707062,28.322510509574542,28.513877706402347,28955
2006-08-04,28.131139755249023,28.896613554301304,27.86322400995779,28.437328937361674,23360
2006-08-07,27.480487823486328,28.245959931356193,27.327392389387576,28.169413058077467,19554
2006-08-08,27.786678314208984,28.13114094774503,26.9446576058201,27.021204482707805,16415
2006-08-09,29.202800750732422,29.202800750732422,27.86322372549371,28.24595977734173,32304
2006-08-10,30.69547462463379,30.69547462463379,29.470717919545653,29.470717919545653,56406
2006-08-11,31.03993797302246,32.26469814882117,30.84857077762398,31.920233822021093,181220
2006-08-14,30.3127384185791,31.231307681298407,30.236191542532943,30.618929297846442,32535
2006-08-16,31.23130989074707,31.843688317521547,30.08309991865956,31.07821612782419,51583
2006-08-17,31.03993797302246,31.307855421663145,30.236192377266033,30.274465816345728,30067
2006-08-18,29.8917293548584,30.618928022080187,29.85345591843002,30.006549664143538,22045
2006-08-21,30.159643173217773,30.618927781837257,29.700358564598293,30.618927781837257,22134
2006-08-22,29.585540771484375,30.42755981297046,29.50899389272044,30.1596457372967,37136
2006-08-23,30.69547462463379,30.92511524118186,29.891729091632996,29.891729091632996,106995
2006-08-24,31.3843994140625,31.92023088699196,30.618927327770063,31.26957910738101,129106
2006-08-25,32.111602783203125,32.91535179823968,31.26958370206525,32.111602783203125,151665
2006-08-28,32.41779327392578,33.60427668565921,32.3029729518386,32.91535137805318,310828
2006-08-29,31.690589904785156,32.91534657863123,31.460945919012477,32.91534657863123,101149
2006-08-30,30.35101318359375,31.384402805563624,30.19791942480795,31.384402805563624,84514
2006-08-31,30.006555557250977,30.618934035455084,29.700364630607304,30.465836884591628,30516
2006-09-01,29.662084579467773,30.542380344285654,28.896612495991455,28.896612495991455,25728
2006-09-04,29.126256942749023,30.427560668489768,29.01143662137477,30.427560668489768,160569
2006-09-05,29.585540771484375,30.58065694558116,28.896615487526148,29.62381421086634,168417
2006-09-06,29.738632202148438,30.08309650471677,29.5089915838246,29.853455886392933,38629
2006-09-07,29.700361251831055,29.93000188937697,29.126256282883404,29.470720614285135,42445
2006-09-08,30.083099365234375,30.427560325473962,29.662088149858654,30.044825925207757,50299
2006-09-11,29.01143455505371,30.23619131264576,28.820067366393296,30.23619131264576,62589
2006-09-12,28.62869644165039,29.087981063726634,27.78667744707949,29.087981063726634,27426
2006-09-13,29.126256942749023,29.700361924703227,28.858342859542432,29.623815043787058,45580
2006-09-14,29.241077423095703,29.47072144217563,28.89661645710024,29.087983660431053,17216
2006-09-15,29.049707412719727,29.16452772362324,28.705243104926566,28.705243104926566,44845
2006-09-18,28.820066452026367,29.43244481139362,28.513875584801447,28.89661332506195,86050
2006-09-19,28.399057388305664,29.087982671968607,28.360783948940103,28.934888914506363,53736
2006-09-20,28.51387596130371,28.666969709396355,28.32250877618791,28.628696272373194,25037
2006-09-21,28.475605010986328,29.08798343191706,28.322511249524375,28.437331570620838,47439
2006-09-22,27.901498794555664,28.32250999501074,27.78667847854504,27.901498794555664,56507
2006-09-25,27.86322593688965,28.437330903996802,27.633583612538505,28.437330903996802,36888
2006-09-26,29.27935218811035,29.27935218811035,27.710129417916185,27.939773420911777,63593
2006-09-27,29.8917293548584,30.389284028427333,29.738632234062305,29.9299994162042,108056
2006-09-28,29.126256942749023,30.618931245863124,29.08798350229094,30.618931245863124,31390
2006-09-29,29.662084579467773,30.006548873327485,29.164526543929295,29.164526543929295,37332
2006-10-03,29.394174575805664,30.159646764601508,29.202803997294488,29.470721457176953,57151
2006-10-04,28.781795501708984,29.853458566943655,28.70524524697833,29.81518175203689,37266
2006-10-05,29.164527893066406,29.355898454100064,28.62869639732093,28.62869639732093,25445
2006-10-06,29.241077423095703,29.394174560843304,29.087983660431053,29.087983660431053,41967
2006-10-09,29.049707412719727,29.585538905352074,28.781793353944867,29.087980849687565,54187
2006-10-10,28.8966121673584,29.85345479213376,28.781791862405143,29.776904547082474,114696
2006-10-11,28.55215072631836,29.317626252549932,28.43733040990846,29.317626252549932,46981
2006-10-12,28.360782623291016,28.74352037413941,28.28423574813787,28.437329498444157,140043
2006-10-13,28.169414520263672,28.70524434856931,28.092867643011633,28.70524434856931,70917
2006-10-16,27.480487823486328,28.628695985291127,27.17429864283012,28.628695985291127,64143
2006-10-17,27.289119720458984,29.470719170606905,27.212572845026806,29.470719170606905,29606
2006-10-18,27.824953079223633,28.2076891694507,27.59531075007081,28.054595408376453,32404
2006-10-19,27.7484073638916,28.207690353941903,27.55703846697142,27.824954247643063,39596
2006-10-20,28.092866897583008,29.011434462857917,27.82495114676849,28.13114033519346,122633
2006-10-23,28.62869644165039,28.973160751978234,28.09286663261654,28.245960381614406,41529
2006-10-26,28.820066452026367,29.585538557464783,28.705242767390406,29.049707071133117,78846
2006-10-27,29.27935218811035,29.738633443936106,28.666970430177248,28.666970430177248,89528
2006-10-30,29.01143455505371,29.662086371581818,28.820067366393296,29.470719182921403,82238
2006-10-31,31.53749656677246,31.92023433884923,29.47072069775678,29.47072069775678,973727
2006-11-01,31.80541229248047,34.67593698945822,31.499221416430924,32.37951723187602,608158
2006-11-02,31.346128463745117,32.83880269419703,30.925117264117745,32.83880269419703,281467
2006-11-03,31.614044189453125,31.99677855458522,31.269579885751657,31.843684808532384,133508
2006-11-06,32.14987564086914,32.80052406088838,31.843684774012804,32.14987564086914,174739
2006-11-07,31.958507537841797,33.68082243659074,31.767140340786195,33.68082243659074,94155
2006-11-08,31.767139434814453,32.532611576289085,31.384401676535763,32.4560646996499,118469
2006-11-09,31.843690872192383,32.14988179768537,31.614050209385063,31.614050209385063,53469
2006-11-10,32.3795166015625,32.91534809290647,31.767138236466913,32.53261034906574,156874
2006-11-13,34.063560485839844,34.33147456392035,32.83880366444892,33.06844430280364,330850
2006-11-14,33.45117950439453,34.98212372593747,33.29808238217415,34.829029978799696,194446
2006-11-15,32.53261184692383,33.60427487895299,32.341244653733895,33.566001440315006,111323
2006-11-16,31.499221801757812,32.76225200886201,31.384401487490653,32.76225200886201,123388
2006-11-17,29.623815536499023,31.80541517922658,29.470721772120385,31.76714173813192,169138
2006-11-20,29.96827507019043,30.46582972454131,28.399054111990303,29.279349866006758,121304
2006-11-21,30.772022247314453,31.575767799917774,30.1979173168599,30.1979173168599,76647
2006-11-22,29.92999839782715,31.30785218761466,29.662084351944348,30.963387896397165,49104
2006-11-23,29.317626953125,30.465833519744375,29.202803258888483,30.465833519744375,52134
2006-11-24,29.394174575805664,30.963392394082998,29.24107743798013,30.963392394082998,79456
2006-11-27,29.202800750732422,30.23619028452575,29.087980441440404,30.23619028452575,47420
2006-11-28,29.126256942749023,29.662088484245142,29.01143662137477,29.662088484245142,29410
2006-11-29,28.820066452026367,29.623811993982574,28.705242767390406,29.16452738068649,75088
2006-11-30,28.820066452026367,29.47071824791141,28.74351957899078,29.16452738068649,48002
2006-12-01,29.049707412719727,29.700359216255585,28.322508735248196,29.049707412719727,70424
2006-12-04,29.700361251831055,30.504110233407477,29.279353416330203,29.70036125183105,127836
2006-12-05,29.700361251831055,30.159645902005746,29.470720614285135,29.547267493467107,55548
2006-12-06,29.049707412719727,29.85345633920956,28.36078217221603,28.36078217221603,82834
2006-12-07,28.62869644165039,29.39417193680501,28.322508943654665,29.087981063726634,151376
2006-12-08,28.399057388305664,29.202802990065294,28.284237070208977,28.284237070208977,115327
2006-12-11,27.480487823486328,29.164527473324814,27.17429864283012,28.93488685348863,152365
2006-12-12,25.834720611572266,28.169413809153315,24.495141855771113,27.93977318319427,203882
2006-12-13,26.829837799072266,27.44221620086484,25.490258990437628,26.715015794022776,56337
2006-12-14,27.59531021118164,28.284237185186544,27.059478682802748,28.169415179081682,54846
2006-12-15,27.097749710083008,28.245959543669482,26.44709792106168,28.245959543669482,134393
2006-12-18,26.829837799072266,27.939774285149337,26.447100032295847,27.939774285149337,73516
2006-12-19,26.40882682800293,27.174300680822373,25.796448420763948,27.174300680822373,63600
2006-12-20,26.14090919494629,26.791560995176614,25.987815447852707,26.791560995176614,59659
2006-12-21,26.14090919494629,26.600192123768334,25.643351141809543,25.643351141809543,64061
2006-12-22,26.52364730834961,27.059477118205027,25.83472037417894,25.83472037417894,81044
2006-12-26,28.43733024597168,28.89661488404636,26.944657703541036,27.097751457871677,129458
2006-12-27,27.67185401916504,29.241073303085123,27.518760278071,28.322507481438418,95576
2006-12-28,27.518762588500977,27.863225222424315,27.02120451308872,27.633582903961628,31943
2006-12-29,27.63358497619629,28.207689971634284,27.365669199155793,28.207689971634284,37209
2007-01-02,28.016319274902344,28.322510161142823,27.250847121925336,27.365667438609467,28809
2007-01-03,27.901498794555664,28.28423655634053,27.824951917215248,28.28423655634053,34054
2007-01-04,27.978044509887695,28.16941168374809,27.633580221856555,27.71012709140071,29546
2007-01-05,30.3127384185791,31.767139188704217,28.32250951613089,28.628697020315514,416034
2007-01-08,33.18326187133789,33.68081992161217,30.159643508221606,30.618928121942677,444674
2007-01-09,31.23130989074707,34.29320202461945,30.618931463972597,32.953624848878334,267216
2007-01-10,30.274465560913086,31.346128596268326,30.006551489615664,31.154761402484457,120404
2007-01-11,30.772022247314453,31.346127177769006,30.42755793900867,31.346127177769006,64555
2007-01-12,31.42267608642578,32.149878187148225,30.848571118798134,30.925117997804108,91614
2007-01-15,32.3795166015625,33.60427333175368,30.695475253778973,31.384400492626185,204864
2007-01-16,32.8770751953125,33.2980830078522,32.3412436951793,32.91534863281611,194546
2007-01-17,32.95362091064453,34.06355730935462,32.22642224858423,32.22642224858423,198333
2007-01-18,32.838802337646484,33.680821352676155,32.68570520984613,32.99189609036411,114948
2007-01-19,31.92023468017578,33.37463552955328,31.61404715930656,32.532613096997125,90662
2007-01-22,31.767139434814453,32.532611576289085,31.53749542981414,31.53749542981414,44619
2007-01-23,31.460948944091797,32.30297134775088,31.231308311320838,32.07332733989714,56623
2007-01-24,30.92511749267578,32.03505397029848,30.618929981653128,31.15476150102556,90095
2007-01-25,32.76225280761719,33.030170255855204,31.231308496564655,31.38440225265335,138291
2007-01-29,33.75736999511719,34.06356089165414,32.417792838589925,32.417792838589925,176184
2007-01-31,33.98701095581055,36.58961815452352,33.60427321331874,34.29319844973791,278744
2007-02-01,34.48457336425781,35.97724433585757,34.06356213184733,35.51795966187186,206497
2007-02-02,33.680824279785156,35.403139272788366,33.41291018924562,35.09695174074319,198362
2007-02-05,34.101829528808594,34.82902816492353,33.872185544979054,34.216649833182146,142025
2007-02-06,33.221534729003906,34.44629142753025,33.06844098545875,33.14498785723133,94274
2007-02-07,34.063560485839844,34.446294883097714,33.298084941158365,33.60427583404753,155022
2007-02-08,33.03017044067383,33.83391603971958,32.91535012296484,33.83391603971958,113043
2007-02-09,31.843690872192383,33.910466962707936,31.23131239628964,33.680826299900616,156830
2007-02-12,30.427560806274414,31.88196167551637,29.85345919680345,31.767141353622176,117771
2007-02-13,30.197919845581055,31.652320699560143,30.006552644432325,30.083099524891818,110403
2007-02-14,29.8917293548584,30.312737155570574,28.437328645332247,29.164527312554036,122396
2007-02-15,30.504106521606445,31.61404288485147,30.236189101987417,31.61404288485147,66199
2007-02-19,30.04482650756836,31.460950566167927,29.5472684024952,30.733751816483906,112313
2007-02-20,29.738632202148438,30.42755743220253,29.470718147437292,29.929999384084972,73678
2007-02-21,29.662084579467773,30.35100979210471,29.279350225270857,30.35100979210471,36290
2007-02-22,29.087982177734375,29.623813694830755,28.743521229297063,29.470719939969726,42933
2007-02-23,28.322507858276367,29.815178603968544,28.16941242760412,29.815178603968544,63927
2007-02-26,28.781795501708984,28.973162700828436,27.71013074893288,27.939774762959093,60690
2007-02-27,28.399057388305664,29.547267319438184,27.939774428377508,29.011435793237485,199854
2007-02-28,28.054595947265625,29.011437034983583,27.174301741555144,27.557037839134033,74010
2007-03-01,27.67185401916504,28.934885820897044,27.55703371334451,27.786676012526804,73275
2007-03-02,27.21257209777832,28.169413077030075,26.791560919379467,27.557034715305647,67427
2007-03-05,24.992700576782227,26.638468564624098,24.763058257251043,26.408826245092914,99555
2007-03-06,25.41370964050293,26.17918172452739,24.95442504005526,25.9495411118448,82181
2007-03-07,23.99758529663086,26.332278476503333,23.84448985961138,26.026089290005697,54929
2007-03-08,25.260616302490234,25.605078937573296,23.653123442922144,23.882764074616595,30815
2007-03-09,25.069250106811523,26.02609117289791,24.916154658716145,25.83472228466405,43508
2007-03-12,25.18406867980957,25.796447054617794,25.107521804843874,25.260615554775264,17726
2007-03-13,25.375438690185547,26.255732912845833,25.2606183649635,25.413713819467752,71254
2007-03-14,24.57168960571289,25.49025714178361,23.882762688003883,23.882762688003883,67643
2007-03-15,24.686511993408203,25.260616962732612,24.571691674559894,25.22234352311651,26868
2007-03-16,25.030973434448242,25.413711187296876,24.380321617163453,24.495141930493237,24012
2007-03-19,24.533416748046875,25.184068557169432,24.342047874023223,24.609963622639803,40715
2007-03-20,24.80133056640625,25.33716205839555,24.571689944874816,24.648236818718626,42646
2007-03-21,24.916152954101562,25.260615579323268,24.41859489125836,24.724784078960024,56935
2007-03-22,25.451984405517578,25.987815904850358,24.992699781077675,25.987815904850358,31450
2007-03-23,25.490257263183594,25.643351009487194,24.6865100324658,25.337161829338697,39307
2007-03-26,24.72478675842285,25.719901304410005,24.571692991751686,24.87788221263554,36560
2007-03-28,24.418598175048828,24.763060846593554,23.959315175503047,24.15068238883814,82381
2007-03-29,24.916152954101562,24.992699829141646,24.34204801621828,24.34204801621828,15832
2007-03-30,25.60508155822754,25.68162844329352,25.26061888788907,25.33716577295505,38493
2007-04-02,24.72478675842285,25.98781877116759,24.571692991751686,25.911270200290485,36414
2007-04-03,25.222341537475586,25.375435283887622,23.76794250885477,23.76794250885477,20430
2007-04-04,25.451984405517578,25.605078155303325,25.184068655851192,25.260615530744065,8931
2007-04-05,28.74352264404297,30.236193577572283,24.87788151795707,24.87788151795707,263701
2007-04-09,29.815181732177734,30.61893071810982,29.39417389439537,29.853458547059006,191240
2007-04-10,29.776905059814453,30.159642791331493,29.08797984314979,29.126253278793243,69285
2007-04-11,30.733753204345703,31.30785821688101,30.083101306816772,30.083101306816772,159629
2007-04-12,30.197919845581055,31.307856362409517,29.85345888351334,30.006552644432325,53296
2007-04-13,30.733753204345703,31.154764446893758,29.776910391759156,29.776910391759156,85068
2007-04-16,32.3795166015625,33.29808246166458,31.00166274878546,31.078212997619698,163361
2007-04-17,31.881959915161133,33.2215370134615,31.652319284052304,33.2215370134615,73354
2007-04-18,33.3746337890625,33.987012173948244,31.499221821209858,32.57088483853059,153859
2007-04-19,33.18326187133789,33.8721871043782,32.188149145871925,32.91534781546544,121660
2007-04-20,33.221534729003906,34.06355706866735,33.14498785723133,33.87218651415337,61476
2007-04-23,33.48945236206055,34.06355727898205,33.37463205369275,33.833913287163924,90799
2007-04-24,33.56599807739258,33.83391212101662,33.0684400498655,33.298080658686104,70644
2007-04-25,36.55134582519531,38.120566904364246,33.68082110724371,33.68082110724371,660229
2007-04-26,36.32170486450195,38.044019679468846,35.709326488630346,38.044019679468846,254234
2007-04-27,34.599388122558594,35.90069167692569,34.29319726413443,35.90069167692569,144946
2007-04-30,36.972354888916016,37.43163949236667,34.14010377189993,34.40801782178134,228215
2007-05-03,37.08717727661133,38.656398353483844,36.58961920955015,37.5081884679835,268914
2007-05-04,37.24026870727539,37.890920485167676,36.819260917221996,37.43163925965488,180321
2007-05-07,37.04890441894531,37.96747031668052,36.934084103613756,37.92920025331942,159790
2007-05-08,35.47968292236328,37.20199775840355,35.21176885624006,36.7427131271096,94897
2007-05-09,34.8673095703125,35.5179614855828,34.561122021989156,34.94385645739333,87826
2007-05-10,35.40313720703125,36.13033592828986,34.86730568213469,34.86730568213469,79760
2007-05-11,36.474796295166016,37.278541807671765,34.2166501230279,34.2166501230279,141602
2007-05-14,37.0106315612793,37.81437715629548,36.58962035670758,37.81437715629548,131345
2007-05-15,36.32170486450195,37.163723865669404,35.78587336372896,36.81926292772563,96966
2007-05-16,43.59369659423828,43.59369659423828,35.21176688618416,35.21176688618416,2186142
2007-05-17,41.22072982788086,46.119759967057895,40.99108921396987,46.119759967057895,947879
2007-05-18,42.36894607543945,44.93328352856313,40.18734641198217,42.02448510231442,1015886
2007-05-21,42.9047737121582,43.74679272241739,42.330668767636986,43.172691152978885,378803
2007-05-22,43.67024612426758,44.320897948852554,42.13930184586153,42.90477398506455,486077
2007-05-23,44.43572235107422,45.77529945993013,43.823343954875845,43.93816427133502,601470
2007-05-24,45.201194763183594,46.61731875784439,43.28751268591465,43.63197363727834,703472
2007-05-25,48.72237014770508,49.679212849181525,43.82334307633095,43.82334307633095,1383185
2007-05-28,47.57415771484375,50.90396689804419,47.153146543672044,49.75575706763593,908460
2007-05-29,45.201194763183594,48.03344612758799,44.78018355865627,47.650708362101085,489976
2007-05-30,42.9047737121582,45.66047812087658,42.56030939541239,45.66047812087658,370699
2007-05-31,42.943050384521484,44.55054502527131,42.48376571929539,43.555428813128614,316531
2007-06-01,44.81845474243164,46.69386666137223,42.44548814100267,46.69386666137223,699026
2007-06-04,44.473995208740234,45.85184573841113,44.206077765420325,45.85184573841113,287527
2007-06-05,41.259010314941406,46.69387285717672,41.144189988362434,46.69387285717672,442225
2007-06-06,41.52692794799805,46.69387304003351,41.18246359182911,46.69387304003351,314862
2007-06-07,41.144187927246094,41.98620698839403,40.76145014940635,41.87138666756698,164450
2007-06-08,40.30216979980469,41.25900920394739,39.42187390290376,39.804611689610645,94607
2007-06-11,39.95770263671875,41.029365663865335,39.115680240353825,39.115680240353825,63677
2007-06-12,39.5749626159668,40.57007870933228,38.46502621377051,39.99597379009566,106465
2007-06-13,38.8477668762207,41.3355539218413,38.618126241270915,41.3355539218413,45364
2007-06-14,39.76633834838867,40.187346202233016,39.345327119461324,39.651514649529936,39930
2007-06-15,41.33555221557617,41.6417430912863,39.99597515016571,40.18734233805787,59429
2007-06-18,40.60835266113281,41.83310938770821,40.3787120405559,41.25900446118333,51440
2007-06-19,40.646629333496094,41.14418742610254,39.804610282604095,40.26389493540104,54874
2007-06-20,41.02936553955078,41.18245929294136,40.57008090429629,41.18245929294136,37885
2007-06-21,43.09613800048828,43.09613800048828,40.072519729599506,40.072519729599506,125859
2007-06-22,44.35917282104492,44.55054000370103,42.17757343843495,43.210959599860516,77565
2007-06-25,44.550540924072266,45.162919296305546,43.70851855282485,43.70851855282485,126223
2007-06-26,42.789955139160156,44.70363724039392,42.59858794156164,44.70363724039392,86064
2007-06-27,41.87138366699219,42.86649979301405,41.718289916860414,42.86649979301405,44847
2007-06-28,41.52692794799805,43.59370395976237,41.37383080354347,43.59370395976237,70142
2007-06-29,41.56520080566406,42.40721990044606,41.18246301253603,41.71829457288205,52564
2007-07-02,42.33066940307617,42.59858684791865,41.94793164262239,42.101028771853564,108962
2007-07-03,42.06275939941406,43.555430396819176,41.871388813146496,43.09614571489334,261680
2007-07-04,44.12953186035156,44.1678052995138,41.98620576693511,42.71340786118322,246803
2007-07-05,46.272857666015625,46.34940454386408,42.866501351262535,45.16292118704742,437485
2007-07-06,46.96178436279297,48.07172087534774,46.04321505065009,46.69387028221632,281509
2007-07-09,49.334747314453125,49.334747314453125,47.459338770904964,48.53100176009895,301364
2007-07-10,51.822540283203125,51.822540283203125,49.75576431257448,49.75576431257448,294865
2007-07-11,54.080684661865234,54.42514899732492,51.286706663394575,54.27205523715745,365078
2007-07-12,52.47319412231445,55.496812800932354,52.05218290121588,55.496812800932354,253243
2007-07-13,50.6743278503418,53.58312595239645,50.1767697917547,53.5065757029285,173182
2007-07-16,53.23866653442383,53.23866653442383,51.286707557912,52.12873000368497,88243
2007-07-17,51.47807312011719,55.649901376488295,51.363252809177936,54.73133213880905,217349
2007-07-18,51.36325454711914,52.05217981114792,50.52123215490849,51.32497773376162,118922
2007-07-19,50.52123260498047,51.899086520395485,50.25331853467027,50.903970366220655,59179
2007-07-20,48.492733001708984,50.903973272497524,48.30136242262152,49.90885706150821,90459
2007-07-23,47.99517059326172,49.56439165066077,47.382792220266445,47.76552659396183,77641
2007-07-24,49.602664947509766,50.368137067814665,47.84207670825064,47.91862358277287,103487
2007-07-25,48.033443450927734,49.6792113632035,47.53588539604598,48.30135750928111,58646
2007-07-26,50.44468307495117,50.44468307495117,47.88034932221921,47.88034932221921,64657
2007-07-27,50.52123260498047,52.05218027485846,48.607550548945056,51.28670475237808,211091
2007-07-30,53.04729461669922,53.04729461669922,50.1384965058666,51.439800124508984,114473
2007-07-31,55.7264518737793,55.7264518737793,54.73133569743814,55.68817843431101,411064
2007-08-01,53.04729461669922,58.175962216652465,52.970744367000265,56.645017974161185,296937
2007-08-02,55.7264518737793,55.7264518737793,53.58312913830668,54.96097970933071,148070
2007-08-03,58.52042770385742,58.52042770385742,56.45365517830863,58.40560738300282,303364
2007-08-06,60.54893112182617,61.23785976961367,56.10918860046088,58.520425367386004,456286
2007-08-07,63.61082458496094,63.61082458496094,61.77368607882903,62.00333345471954,342587
2007-08-08,62.42434310913086,66.78754212721906,62.07988216038671,66.21343379581323,399286
2007-08-09,60.01311111450195,65.06523271591503,59.3241823733245,63.38119443216616,287069
2007-08-10,61.544044494628906,61.92677886487685,57.10429879909166,58.17596178595117,160423
2007-08-13,62.50088882446289,63.84046590594708,61.62059299943084,62.309521634274496,136338
2007-08-14,59.93655014038086,63.22808579658138,59.70690953068045,63.22808579658138,148429
2007-08-16,57.60186004638672,59.706912576349666,57.41049286187468,58.137688163020435,130071
2007-08-17,55.68817901611328,58.17596610787449,54.73133626924379,57.4104973105115,172491
2007-08-20,58.02286911010742,58.482150362892426,56.64501860158704,57.18084672983621,73048
2007-08-21,55.45854187011719,59.40072667534345,55.15235095680281,59.324179790785635,3195542
2007-08-22,58.25251388549805,58.25251388549805,55.879550451848004,56.64502263609263,1787834
2007-08-23,61.199581146240234,61.199581146240234,59.89827758858628,61.199581146240234,421949
2007-08-24,63.802188873291016,64.26147010386723,60.931667681859544,64.22319666798587,356755
2007-08-27,67.0171890258789,67.0171890258789,65.83070556354627,66.67272804492737,153716
2007-08-28,68.85430908203125,70.38526001031671,67.05545085401862,70.38526001031671,352602
2007-08-29,68.66294860839844,69.61979134447024,66.71099644698427,67.47646523570917,159415
2007-08-30,69.31360626220703,70.4235427949877,68.89259166346311,70.2321755910886,201745
2007-08-31,72.33722686767578,72.79651494074606,68.12712782389116,69.65807231707043,333605
2007-09-03,73.6385269165039,74.86328368589456,72.75823109002035,73.6385269165039,222542
2007-09-04,77.35106658935547,77.35106658935547,73.10268818323212,74.55708550463679,486523
2007-09-05,76.96833038330078,80.91052155196624,75.01637826839574,79.22647675656579,434954
2007-09-06,75.5904769897461,77.31279515858557,74.63363431263141,75.16946918188835,237672
2007-09-07,75.20774841308594,77.580715195068,74.82501401281974,76.47077868413021,150503
2007-09-10,74.44227600097656,76.31768814168251,73.98299470129318,74.25090879277515,183282
2007-09-11,77.00659942626953,78.19308945312888,74.32744538216394,75.01637398644273,553283
2007-09-12,78.61410522460938,80.29814334448633,76.62387283280094,80.29814334448633,581980
2007-09-13,78.34618377685547,79.53266706230855,77.38934111113554,78.99683219943269,333428
2007-09-14,77.54243469238281,79.7623075120697,76.93005295756755,78.95855859455129,248644
2007-09-17,81.44635772705078,81.44635772705078,78.07827455411014,78.07827455411014,676697
2007-09-18,85.54164123535156,85.54164123535156,82.2883784584729,82.97730715540189,167868
2007-09-19,89.82827758789062,89.82827758789062,89.82827758789062,89.82827758789062,96879
2007-09-20,92.89016723632812,94.34457127414422,91.665410559859,94.34457127414422,1258206
2007-09-21,89.06281280517578,95.45451090412791,88.25906383159335,94.15320722081128,401044
2007-09-24,93.54083251953125,93.54083251953125,88.79489904024423,90.3258433641597,456370
2007-09-25,95.79898834228516,97.59784691813609,91.09132784036014,94.53595796982964,517798
2007-09-26,95.8372573852539,99.51152800462637,94.91868804286928,97.21510802374783,289937
2007-09-27,94.53594970703125,97.98057953542711,92.6222642189783,94.15320855932121,182103
2007-09-28,99.01396179199219,99.28187585033949,92.16297608469117,95.60760565679506,364974
2007-10-01,99.51152038574219,103.9895396806221,98.7460448673343,101.04246467239244,469473
2007-10-03,99.20532989501953,102.95614699710447,94.57421698576371,101.73139025458356,437052
2007-10-04,96.37307739257812,99.39669925275629,95.14832062330105,98.05712216918751,180399
2007-10-05,95.07176971435547,98.01884457333024,94.15320048882013,95.7224248845745,174716
2007-10-08,90.32584381103516,96.79409559312288,90.32584381103516,94.95695699520279,288340
2007-10-09,92.46916961669922,93.1963649654018,85.80955065916565,85.80955065916565,323748
2007-10-10,92.46916961669922,96.41135412595239,90.55548414609788,96.41135412595239,142355
2007-10-11,91.12958526611328,92.77534978029853,89.560360874508,92.66052947118085,92687
2007-10-12,89.06281280517578,91.09131858365417,88.4887044668553,88.94799248754481,151976
2007-10-15,93.54083251953125,93.54083251953125,90.89994495431586,90.89994495431586,46649
2007-10-16,98.24849700927734,98.24849700927734,97.215107350027,97.36820111433579,112784
2007-10-17,102.4585952758789,103.185790604871,93.34946294296972,102.11412758040136,505324
2007-10-18,99.43497467041016,107.58726439857625,97.36819547168285,106.32423416605747,769655
2007-10-19,98.21022033691406,101.34866265248212,95.03350458152808,98.74604849436517,916553
2007-10-22,103.14752197265625,103.14752197265625,95.68416064214735,95.68416064214735,1765761
2007-10-23,108.31446075439453,108.31446075439453,107.1662508992237,107.1662508992237,94890
2007-10-24,113.74932098388672,113.74932098388672,113.74932098388672,113.74932098388672,61959
2007-10-25,117.95942687988281,119.45210449317852,116.54329614417503,118.4952550229983,595484
2007-10-26,123.8918228149414,123.8918228149414,115.8160876461223,119.64345809125084,444851
2007-10-29,130.09217834472656,130.09217834472656,127.06856308982995,129.97735802493295,499012
2007-10-30,136.59869384765625,136.59869384765625,131.661393449592,136.59869384765625,435318
2007-10-31,143.4496612548828,143.4496612548828,141.53597613989956,142.3779916503475,126766
2007-11-01,150.6451416015625,150.6451416015625,150.6451416015625,150.6451416015625,230920
2007-11-02,158.18504333496094,158.18504333496094,149.26727793808845,155.6972562693482,412491
2007-11-05,166.1077117919922,166.1077117919922,163.3520104429731,165.34222944480237,115446
2007-11-06,174.41307067871094,174.41307067871094,174.41307067871094,174.41307067871094,22187
2007-11-07,168.6720428466797,183.13948478987513,165.7249743398063,183.13948478987513,906974
2007-11-08,160.25181579589844,175.67610575129464,160.25181579589844,175.67610575129464,221291
2007-11-12,144.67446899414062,145.51648476303205,144.67446899414062,145.51648476303205,16774
2007-11-13,151.1809539794922,151.90816278430427,137.44070906651538,137.44070906651538,898608
2007-11-14,149.68829345703125,158.338130941258,146.35847735220418,157.99366999944777,366006
2007-11-15,145.82264709472656,149.2672699629445,142.2249169764941,149.0376293384187,219567
2007-11-16,142.91384887695312,149.26726633507883,138.5506501163466,140.84706980612214,333527
2007-11-19,139.27784729003906,148.88453398023782,135.79495102202816,145.21027052718952,458149
2007-11-20,143.7176055908203,143.7176055908203,138.55066414089342,138.55066414089342,587694
2007-11-21,143.9089813232422,150.3389601866975,138.74203956703073,150.3389601866975,483986
2007-11-22,137.78517150878906,145.4781864470132,134.37882207122342,145.4781864470132,253073
2007-11-23,143.41140747070312,143.41140747070312,141.61254240614522,141.61254240614522,613313
2007-11-26,150.60684204101562,150.60684204101562,145.51644825989754,148.80797712202764,127104
2007-11-27,158.14675903320312,158.14675903320312,158.14675903320312,158.14675903320312,140707
2007-11-28,166.06942749023438,166.06942749023438,166.06942749023438,166.06942749023438,21602
2007-11-29,174.37478637695312,174.37478637695312,174.37478637695312,174.37478637695312,26312
2007-11-30,183.10121154785156,183.10121154785156,177.58980894453006,183.10121154785156,585349
2007-12-03,192.28688049316406,192.28688049316406,186.77547820686138,192.24860705368044,272841
2007-12-04,201.93182373046875,201.93182373046875,196.03768756053844,201.7787299858124,1048576
2007-12-05,212.0360870361328,212.0360870361328,203.30968923313102,211.95954016067947,574908
2007-12-06,206.7543182373047,222.63788986545583,202.92696085123063,222.63788986545583,781065
2007-12-07,206.71603393554688,214.3325018692555,196.72661291737603,210.5051311839781,487538
2007-12-10,217.04995727539062,217.04995727539062,199.7885270371277,208.97420706183848,542273
2007-12-11,227.91966247558594,227.91966247558594,219.2315379471386,221.98723901554396,495485
2007-12-12,239.3251953125,239.3251953125,229.64197512032848,233.4693188717828,185539
2007-12-13,235.84231567382812,251.30486652498388,235.80402873327577,248.3195381877687,872347
2007-12-14,236.7608642578125,248.0133360202042,234.2348173524151,237.29669238926044,349085
2007-12-17,224.93431091308594,241.12407013960816,224.93431091308594,240.35860135832195,272621
2007-12-18,221.9872589111328,224.2836789240089,213.72014146464605,215.28936608188323,327013
2007-12-19,216.973388671875,231.55564952623888,214.3325079541842,221.9872360417273,214677
2007-12-20,216.89683532714844,224.24537569206225,210.5051308820162,218.1598587412601,248345
2007-12-24,213.26083374023438,224.28365113643653,211.2706015089435,220.45628042239022,121668
2007-12-26,223.93919372558594,223.93919372558594,217.9302235000372,217.9302235000372,78107
2007-12-27,235.1533966064453,235.1533966064453,235.1533966064453,235.1533966064453,37726
2007-12-28,246.90341186523438,246.94167180581547,241.12408178637665,246.94167180581547,658804
2007-12-31,258.883056640625,259.26579103536704,247.24785003847896,248.77881461810986,463218
2008-01-01,261.1794738769531,271.85783143624724,254.90260254133565,261.79187593468566,687633
2008-01-02,261.56219482421875,271.743010625939,251.0752185103871,264.08826880526607,392936
2008-01-03,256.8162536621094,265.61919839128893,250.3097422104236,261.02635883696314,256147
2008-01-04,245.7169189453125,268.6811182392979,243.99460062318065,260.2609073313927,289581
2008-01-07,244.22422790527344,250.3097451103743,237.33498199430062,244.8748898582449,271934
2008-01-08,256.28045654296875,256.4335503132832,244.26254157195422,244.95146353836924,723168
2008-01-09,254.5963897705078,267.0353243855998,251.11349347841428,255.66804601412716,878261
2008-01-10,243.3822021484375,263.32278422441965,241.88952461289148,256.43351159902596,1407359
2008-01-11,250.34803771972656,252.60618413625312,231.93839193386475,231.93839193386475,361589
2008-01-14,247.70709228515625,256.43348911172944,244.9514050771806,255.9742079104002,141835
2008-01-15,246.78857421875,254.13712876152363,243.42051147058683,248.77882011605521,154550
2008-01-16,234.77064514160156,244.1859648674982,234.4644576383634,243.4204961094028,268251
2008-01-17,245.48724365234375,246.5206398998936,229.64196052632423,237.2966745434286,251746
2008-01-18,233.2396697998047,242.65498908872462,233.2396697998047,241.12405164358654,309877
2008-01-21,221.60450744628906,229.64198362326906,221.60450744628906,229.64198362326906,47924
2008-01-22,210.5434112548828,210.5434112548828,210.5434112548828,210.5434112548828,3483
2008-01-23,200.09469604492188,210.19895123677279,200.01814916848102,200.01814916848102,757355
2008-01-24,190.10528564453125,206.6777798531758,190.10528564453125,200.5540023836634,791256
2008-01-25,199.40576171875,199.6354023337485,180.61339672206554,181.49368574622645,489383
2008-01-28,201.58737182617188,209.39519365404257,189.45462451755503,189.45462451755503,239278
2008-01-29,211.6150665283203,211.69161340406572,208.97418581477245,210.5051368300117,751739
2008-01-30,208.97418212890625,220.4562807898533,201.05154012800153,210.50513311714272,509046
2008-01-31,215.32760620117188,216.51409621603892,203.61586729796352,203.61586729796352,196196
2008-02-01,218.0450439453125,223.82437354794553,213.56702472682338,219.6908152692893,260562
2008-02-04,219.00189208984375,224.89602847044185,217.3943942131667,221.98723371767488,151071
2008-02-05,227.23074340820312,229.64198356057258,213.41393745531636,215.86345104660705,137076
2008-02-06,218.8870849609375,225.4318701737766,216.62893851020607,220.45629599426627,79985
2008-02-07,208.55319213867188,224.28367067324274,207.97909053165552,221.9872507448455,66698
2008-02-08,198.1427459716797,209.73966497764098,198.1427459716797,209.73966497764098,70401
2008-02-11,188.2681427001953,195.19567576072942,188.2681427001953,195.19567576072942,17813
2008-02-12,178.85281372070312,182.94809855121485,178.85281372070312,179.5417490989526,4815
2008-02-13,170.89190673828125,176.82431687346417,169.9350572485111,169.9350572485111,292468
2008-02-14,179.46519470214844,179.46519470214844,164.19401156420864,170.89190387921653,118127
2008-02-15,188.45950317382812,188.45950317382812,176.82431046244665,179.120730254171,114876
2008-02-18,197.9130859375,197.9130859375,193.66472102285013,195.96114069308285,54663
2008-02-19,200.86016845703125,207.8259743724562,199.02303001223484,199.02303001223484,100048
2008-02-20,191.1769561767578,198.25758318327982,190.8324817112923,195.96116324872318,47679
2008-02-21,191.789306640625,200.4008836663868,186.6223658252999,192.89923627488636,52569
2008-02-22,188.00022888183594,194.35366035777494,185.09143397128886,189.83736748335622,38248
2008-02-25,197.41554260253906,197.41554260253906,179.96276020686645,191.3683123405828,325625
2008-02-26,202.23802185058594,207.29015619080602,199.023039543474,199.023039543474,179464
2008-02-27,212.38055419921875,212.38055419921875,205.1468337559124,207.44325358713652,356976
2008-02-28,214.33251953125,220.45629693192495,213.56703723091695,214.33251953125,231635
2008-02-29,219.2315216064453,225.04911081719862,203.61586538230588,210.88785864591253,178798
2008-03-03,209.16554260253906,222.7526933736605,208.28525357524262,210.54339979776796,249683
2008-03-04,204.80235290527344,214.33250638228984,198.71684931793456,210.50513561642245,248039
2008-03-05,204.5727081298828,207.32842258559663,199.8650483935065,202.812130033599,161307
2008-03-07,194.35365295410156,204.38134775075642,194.35365295410156,204.38134775075642,155475
2008-03-10,190.296630859375,192.89923800825633,159.98389403666314,185.2445103056447,338540
2008-03-11,190.2200927734375,199.0230374632218,182.60363815503746,187.27302456436104,174199
2008-03-12,182.3357391357422,203.615893798027,176.4798621718462,200.32436437737206,187062
2008-03-13,171.3129119873047,179.88621632456923,165.34221500235304,179.88621632456923,155246
2008-03-14,177.74288940429688,179.88621547853256,168.40411633095962,172.8438622347099,128190
2008-03-17,150.1858367919922,172.99693910549684,142.37800203348814,165.53357876308078,136663
2008-03-18,141.76564025878906,158.07021962359062,127.91057446755563,151.5636945530615,500686
2008-03-19,137.4407196044922,150.03276237059796,135.10602626339738,147.73634246951568,170888
2008-03-24,138.93338012695312,140.84706539184444,134.68500180896697,140.84706539184444,509260
2008-03-25,157.91712951660156,163.8112797049652,141.2298153799112,141.2298153799112,143684
2008-03-26,159.2567138671875,169.16958873541506,154.77869442858056,159.21844042754694,98036
2008-03-27,159.1418914794922,164.53847339931912,153.86011637676305,153.86011637676305,82418
2008-03-28,187.31129455566406,189.83735490272667,160.74936722393915,164.42364418348322,323253
2008-03-31,188.65087890625,202.85041961992312,176.93913878822084,188.38296482679053,492630
2008-04-01,183.86666870117188,205.5295703221055,180.72823318203334,191.36831679623143,122737
2008-04-02,177.0922088623047,196.7266024196286,172.61420348992877,195.1956515271463,106091
2008-04-03,167.79171752929688,179.80965758436534,166.26078007030497,172.99694539086036,100905
2008-04-04,166.75833129882812,182.18262038177903,164.6915522715636,168.4423759692529,114073
2008-04-07,167.447265625,170.70053490134185,164.99775205827478,169.93505263026262,44956
2008-04-08,170.8536376953125,175.98230573134387,165.38049519388733,166.1077040649056,88308
2008-04-09,171.77220153808594,177.4749847250253,168.90167997435955,170.70054519441865,74223
2008-04-10,169.89678955078125,175.67611962330417,168.40412535681062,171.5425610085679,41188
2008-04-11,165.61013793945312,173.6858880019669,164.5767550311497,169.93506377857207,44772
2008-04-15,165.22738647460938,171.31290347414892,161.5531230128914,161.5531230128914,78504
2008-04-16,170.70053100585938,172.76731014004545,168.40411124568936,168.40411124568936,104740
2008-04-17,176.6329345703125,182.18262333545405,171.50426710485056,172.61421025801098,144837
2008-04-21,182.37399291992188,187.5409338897675,177.66633319178155,179.80965915340343,81576
2008-04-22,178.4318084716797,185.24452097447926,177.58979283100695,182.18263241715653,40882
2008-04-23,174.2982635498047,182.18264642929043,172.9969665504971,182.10609954697821,45977
2008-04-24,181.76161193847656,191.29176559916547,175.446467603515,176.78603794715428,307485
2008-04-25,176.6712188720703,184.32596060506313,175.29337508037,184.32596060506313,90176
2008-04-28,171.73390197753906,178.96762169808324,170.77706610193658,178.96762169808324,58819
2008-04-29,173.07350158691406,179.73312039325944,169.93505262625837,172.23147243877983,80171
2008-04-30,173.3031463623047,180.95787475364563,171.9252890417109,176.02057406370918,169412
2008-05-02,172.72903442382812,180.65167641675433,168.40410902418827,176.05883695700072,381084
2008-05-05,170.4709014892578,176.8243195561858,168.82513006212267,175.67611635143916,234396
2008-05-06,163.08407592773438,172.84387081278922,161.51486485824722,171.46601344656622,168099
2008-05-07,165.61013793945312,167.2559094048609,162.242061626873,162.242061626873,110166
2008-05-08,165.8780517578125,169.8585027967532,163.04579035467845,165.41875700302668,136553
2008-05-09,164.95948791503906,169.93506220593295,163.0458023800033,167.6386422639564,89594
2008-05-12,156.69236755371094,166.10768696409116,153.89837967963032,166.10768696409116,116028
2008-05-13,153.63047790527344,161.51486048108353,151.563698662116,159.98390939347357,83864
2008-05-14,156.96029663085938,157.87885919769658,152.061269273731,153.8601209671205,135676
2008-05-15,162.7778778076172,165.3422116692362,155.39106372858552,155.39106372858552,216446
2008-05-16,180.57513427734375,185.39761448650347,166.0694202117019,168.32756656363102,930322
2008-05-20,175.33164978027344,187.08166303456343,173.49451121112648,182.71846399546365,302469
2008-05-21,174.98719787597656,178.3552741765854,168.40412553807593,170.77709237496657,151166
2008-05-22,165.8780517578125,173.68587358453976,165.30393668941295,170.01159654823823,110236
2008-05-23,161.40003967285156,171.46600828002465,159.4480807546562,169.13131496616967,95433
2008-05-26,156.9220428466797,161.89761770761993,155.39109154318524,160.36666640412548,72186
2008-05-27,153.0946502685547,161.4383141488245,151.56369917575643,154.9317888798463,156403
2008-05-28,162.08895874023438,163.77300355191153,149.49692984237777,153.47738098770856,124516
2008-05-29,168.74856567382812,171.4659931434553,158.18502978448745,163.12233005330717,173231
2008-05-30,177.9725341796875,180.95787597744365,163.84955392449726,168.82512808753467,261774
2008-06-02,173.7624053955078,186.00997195412762,172.3080013821628,180.65166411604326,200315
2008-06-03,169.4757843017578,172.99696791658897,166.10770795309207,169.2461436530078,67731
2008-06-04,166.29905700683594,174.14515215029533,163.81127008328392,166.87315856604087,73780
2008-06-05,166.1842498779297,169.01649796167905,163.81128307797778,169.01649796167905,72996
2008-06-06,172.46112060546875,177.5898020944451,168.63376308425546,168.63376308425546,330768
2008-06-09,160.02218627929688,168.02138934641886,157.76403978909954,168.02138934641886,101736
2008-06-10,160.7876434326172,164.57674076869162,158.4912236683998,164.57674076869162,82994
2008-06-11,163.61990356445312,166.83488580944856,161.70621819229817,163.7347238767626,54964
2008-06-12,164.23228454589844,166.1076965489322,156.15653495130337,159.29498393608026,49989
2008-06-13,160.97903442382812,166.8731712123408,159.21844267517784,161.5148625863599,30449
2008-06-16,164.34710693359375,166.8731674285838,162.47169490692488,164.95948196260193,38812
2008-06-17,169.13131713867188,172.99696158515107,160.8259266448497,163.81128197000444,58817
2008-06-18,165.45704650878906,171.46601733911177,164.04092917003064,171.46601733911177,55100
2008-06-19,164.11746215820312,165.9546006992211,159.8690835009525,162.35687049388045,30439
2008-06-20,161.97415161132812,166.45217132721103,160.3666535465585,165.7249759290132,86681
2008-06-23,146.01400756835938,161.51484351346508,143.14348639343757,159.33324418044532,110240
2008-06-24,143.755859375,148.34869859146,140.8470648046633,145.47817745625497,466801
2008-06-25,145.63128662109375,147.7363392766188,140.1198708774108,140.1198708774108,228730
2008-06-26,152.78846740722656,154.62560607451624,144.521350154589,145.0571918286169,72207
2008-06-27,147.736328125,151.56368525496404,142.37800654252194,144.5978793480398,58280
2008-06-30,137.82347106933594,152.63537373923245,135.48877766786137,144.7892778327573,66905
2008-07-01,122.01642608642578,138.5506444801349,120.94475640794967,135.90976396937307,144624
2008-07-02,126.07344055175781,127.06856349346164,97.75093290872275,125.88207335149393,474029
2008-07-03,112.37146759033203,130.13044389406295,111.14671083663215,124.00666687572892,122760
2008-07-04,114.05550384521484,122.399167117586,108.31446129107968,111.75909087365994,75948
2008-07-07,115.12718200683594,120.82995154125854,113.3665902746055,113.82587155249217,41748
2008-07-08,113.02213287353516,114.74445122015126,109.42440916635476,112.5245713899982,29565
2008-07-09,117.65323638916016,119.41382802941462,115.739550997608,117.04086138396933,38701
2008-07-10,116.96431732177734,122.43744606298254,115.58646002662422,117.11741107675756,44411
2008-07-11,107.66380310058594,118.07423843123395,105.67357093071006,117.11740253241388,54052
2008-07-14,105.36737823486328,110.18985792720544,103.95125442444235,110.18985792720544,26001
2008-07-15,96.41134643554688,106.36250063867206,95.79897145390755,106.36250063867206,43263
2008-07-16,96.4878921508789,102.57340895891465,95.68414999711818,101.04245802284984,58886
2008-07-17,97.32992553710938,103.3388894051777,93.770475344553,100.20044705523044,47591
2008-07-18,97.6361083984375,101.04246466744581,96.06689067345195,99.47324694246026,32980
2008-07-21,95.8372573852539,98.05713048344757,94.2297593485393,98.05713048344757,50050
2008-07-22,98.8608627319336,102.87960066624859,96.60271642126419,97.21509817084342,57939
2008-07-23,107.54899597167969,108.69720594112941,101.96103988700227,106.17114535837321,119886
2008-07-24,109.7305908203125,113.67277528571051,108.85029497361555,110.2281455270476,87733
2008-07-25,105.90321350097656,108.6971946275921,104.4870895944218,104.4870895944218,33127
2008-07-28,106.97486877441406,111.75908176312942,105.63529183763966,106.40076726586705,71482
2008-07-29,105.32911682128906,110.22814394084541,103.49197827637268,105.5970308902911,65333
2008-07-30,109.04165649414062,110.91706840687961,106.4007758416431,107.05142427043786,92046
2008-07-31,111.29981231689453,115.58646462763666,107.2428073979296,112.44802227511718,134227
2008-08-01,125.2314224243164,130.8959319424714,108.69720214217575,108.69720214217575,263205
2008-08-04,130.66627502441406,133.1540755269455,126.45618329015029,126.45618329015029,145287
2008-08-05,135.60357666015625,139.69884770354412,129.44151312708885,131.50829211643858,131438
2008-08-06,124.389404296875,143.14349718774162,123.24118764012243,141.1532648829466,125458
2008-08-07,126.2265396118164,129.36498882858083,124.84869571206514,129.36498882858083,30683
2008-08-08,127.25994110107422,132.42688293141623,124.7721537938602,126.30310502150448,52510
2008-08-11,129.28843688964844,131.66140368009457,127.18338418034426,129.67117129127982,30282
2008-08-12,125.00177764892578,130.89592760772092,124.00666825994612,130.28353909878717,26388
2008-08-13,125.42280578613281,126.60929605784597,124.0066883493243,126.60929605784597,25368
2008-08-14,119.68175506591797,125.11661082670622,119.10763993599517,124.84869673289731,25766
2008-08-18,116.5050277709961,119.60520344876441,116.04574648549908,118.64835393698057,9767
2008-08-19,114.09378051757812,116.96431537637555,112.5245628049652,114.4382414605544,23115
2008-08-20,119.29901123046875,124.77214000126084,114.0555095930572,114.0555095930572,50042
2008-08-21,118.8397216796875,121.71025672776089,117.11741685124161,118.03597942641277,38129
2008-08-22,118.15080261230469,119.41383968411303,115.9692029430591,116.35193735865795,25723
2008-08-25,122.5522689819336,124.77214197662272,117.95942923432379,119.41383343785508,98800
2008-08-26,120.60031127929688,121.09786599856274,119.56692840082162,121.02131911867568,29763
2008-08-27,120.17930603027344,121.71025716134436,119.52865753720933,121.71025716134436,28122
2008-08-28,120.10274505615234,120.94476065425863,119.41382320315628,120.56202629148305,51102
2008-08-29,125.76725006103516,129.2118865850949,120.1793009446394,120.1793009446394,68106
2008-09-01,123.58565521240234,124.77214537130934,122.47572543502554,123.24119424700953,31147
2008-09-02,123.77702331542969,126.30309741400855,122.85846073436964,123.66220299279718,36191
2008-09-04,121.93988800048828,123.62391925888444,120.17929636637972,120.17929636637972,51120
2008-09-05,122.43743896484375,124.00666336274857,117.19395116009272,117.19395116009272,33690
2008-09-08,124.0832290649414,124.61905725761811,123.2411998332599,124.0832290649414,29338
2008-09-09,123.31773376464844,124.58077072933526,122.82017906656887,124.1597629078833,7302
2008-09-10,122.93501281738281,124.73387811506547,120.82995997972566,120.82995997972566,50401
2008-09-11,122.28434753417969,124.38940008331035,120.17929498504903,124.38940008331035,75575
2008-09-12,116.8494873046875,124.6955965038724,112.48629489538096,124.6955965038724,23229
2008-09-15,107.93172454833984,113.78759440122091,104.83156252339226,113.78759440122091,34777
2008-09-16,99.16705322265625,105.63529765959883,95.72242373103352,102.57340927826645,63924
2008-09-17,93.42601013183594,102.95615031863277,91.85678565317406,99.51152060350753,23510
2008-09-18,88.02942657470703,91.78024401176371,84.08724193425448,84.202062256292,3010958
2008-09-19,92.20125579833984,94.53594910892036,89.63691510051994,91.85678809256362,33059
2008-09-22,93.84700775146484,95.6841460998489,91.93332253441183,91.93332253441183,38066
2008-09-23,92.31607055664062,95.5693329697362,90.70857269361372,91.09131381584957,35828
2008-09-24,89.79000854492188,97.44474367179899,88.94799287859297,95.68415871021831,7008651
2008-09-25,90.3641128540039,92.23952480021103,88.79489515932973,92.23952480021103,23900
2008-09-26,84.2020492553711,90.32583256934713,82.74764523379284,88.41214733053249,41563
2008-09-29,76.31767272949219,87.79977040445242,69.6580547279823,83.43657193793459,165638
2008-09-30,83.66622161865234,87.79977993016864,69.81115603769172,70.61490498718997,97051
2008-10-01,78.04000091552734,83.51313690156091,76.5473299193968,81.14016998456725,45302
2008-10-03,77.38933563232422,82.67109651292265,73.86815946187036,78.88200630508055,122312
2008-10-06,65.48623657226562,76.58560213544594,63.07499625167233,75.78185311185948,139071
2008-10-07,63.917015075683594,69.65806473818006,61.620595210685,68.89258919979197,79561
2008-10-08,53.50657272338867,63.91700781156697,51.21015311937632,63.91700781156697,303303
2008-10-10,47.57415771484375,51.28670125812525,44.39744565075827,50.521229162880594,177596
2008-10-13,52.358367919921875,52.358367919921875,48.22481291309465,49.75576058695328,33268
2008-10-14,55.649906158447266,57.60186511247553,53.58313025869624,53.58313025869624,146844
2008-10-15,50.100223541259766,55.80299988898367,50.100223541259766,52.28182313570553,45357
2008-10-16,48.492733001708984,49.75576329830461,45.08637651993112,47.61243711312236,49659
2008-10-17,46.502498626708984,50.52123336760457,44.78018373775373,48.990285674616736,25931
2008-10-20,44.39744567871094,47.497610872732075,44.091254815370775,46.77041221303768,28223
2008-10-21,45.507381439208984,47.45933677487891,44.81845285007137,45.92838922969226,35017
2008-10-22,45.009822845458984,46.23457951641376,42.483759258417614,45.12464315053303,23491
2008-10-23,42.17757797241211,45.12464977753146,40.53180989940614,41.71829330958299,76318
2008-10-24,37.96746826171875,42.44548731794196,37.96746826171875,40.263891319471426,44745
2008-10-27,34.216651916503906,36.74271226685399,34.178378479382395,34.44629253923296,34835
2008-10-29,37.0106315612793,38.27366179991164,35.47968387425302,38.27366179991164,22835
2008-10-31,38.771217346191406,39.039131401975816,36.742711709207676,36.742711709207676,39043
2008-11-03,40.60835266113281,42.63685830989262,39.804607114031015,41.33555133470897,64324
2008-11-04,41.33555221557617,42.024480842153295,37.929199395682375,40.60835352650329,67877
2008-11-05,40.57007598876953,44.20607244174993,40.57007598876953,41.412094905480295,78974
2008-11-06,38.46503448486328,40.41699365504488,37.66128877513652,40.41699365504488,20542
2008-11-07,36.742713928222656,39.039133759679245,36.359979539701754,39.039133759679245,40132
2008-11-10,38.8477668762207,40.378714567801055,37.20199886716546,38.12056815713023,32066
2008-11-11,35.97724533081055,40.18734764609694,35.59450752939065,39.804613219760164,27306
2008-11-12,35.97724533081055,39.804613219760164,34.44629750021407,39.804613219760164,18144
2008-11-14,35.441410064697266,37.355092122162006,34.14010640062455,37.355092122162006,15653
2008-11-17,32.49433898925781,36.58962062232204,31.116488423489923,36.58962062232204,29954
2008-11-18,30.504106521606445,31.767136624586662,30.274462536921213,30.61892682640784,15830
2008-11-19,27.86322593688965,31.499222936874006,27.55703673360193,29.08798275004053,30176
2008-11-20,28.092866897583008,28.092866897583008,24.648237262146093,26.408825517475005,59609
2008-11-21,26.332279205322266,28.70524420070134,24.87788010731863,26.829837279980225,48407
2008-11-24,27.67185401916504,28.552148093079474,26.52364589833604,27.55703371334451,21891
2008-11-25,30.58065414428711,30.96338850304697,28.05459218860063,28.896612840496122,67116
2008-11-26,29.049707412719727,31.996778934656323,28.705243104926566,31.0016628233273,19123
2008-11-27,29.049707412719727,29.049707412719727,29.049707412719727,29.049707412719727,0
2008-11-28,28.973163604736328,29.24107769186197,28.016320829121646,28.705246142527706,23494
2008-12-01,28.28423500061035,29.470718284291724,27.978045820548747,27.978045820548747,33595
2008-12-02,29.43244743347168,30.61893082138983,26.102637909282205,26.102637909282205,31851
2008-12-03,27.097749710083008,30.23619003438879,26.791560533629365,29.087980200802317,77333
2008-12-04,27.824953079223633,28.32251117779784,26.98293233069092,28.131142288913576,15141
2008-12-05,28.43733024597168,29.01143519979434,27.939773856855723,27.939773856855723,31423
2008-12-08,28.322507858276367,32.14987506212872,27.939771812907637,29.087979949013828,61732
2008-12-10,26.906383514404297,28.896614077974764,26.10263626396484,28.62869664028694,168864
2008-12-11,26.63846778869629,27.71012910272405,26.408825475854147,27.557035352523513,101328
2008-12-12,29.126256942749023,29.623815043787058,25.260617518443414,25.260617518443414,185507
2008-12-15,31.728864669799805,32.11159903699229,29.700359023349247,29.700359023349247,194800
2008-12-16,37.27854537963867,38.082294344240744,31.499222372624576,32.915349732832475,222966
2008-12-17,37.661285400390625,43.631975959268715,36.81926632160853,38.27366383270933,275026
2008-12-18,40.60835266113281,41.33555133470897,37.66128115498276,38.23538608150764,168377
2008-12-19,41.22072982788086,42.71340394354982,40.493531175413544,41.22072982788086,92177
2008-12-22,40.26388931274414,42.4837586369501,39.804604724084065,41.10590824605228,61420
2008-12-23,39.9959716796875,41.56519260948884,37.20199410348398,41.56519260948884,76551
2008-12-24,37.39337158203125,39.42187409897596,36.81926658665701,38.84776910360172,32950
2008-12-26,35.709327697753906,38.962586875014345,34.484570904540234,34.59939122107599,30393
2008-12-29,37.0106315612793,38.27366179991164,34.21665363562067,34.86730547445907,23357
2008-12-30,36.55134582519531,38.19711378016526,36.35997863569278,37.92919971486171,25135
2008-12-31,37.04890441894531,37.77610312446126,36.74271353631174,36.895810665169904,12904
2009-01-02,40.53181076049805,42.10103198555084,39.03913641836251,39.728065114783846,55051
2009-01-05,41.22072982788086,42.48375995455632,40.646624918020876,40.95281577831803,34863
2009-01-06,42.789955139160156,44.74191067991362,41.33555431216285,41.33555431216285,66162
2009-01-07,38.54157257080078,43.631969903288386,38.54157257080078,43.631969903288386,62092
2009-01-09,34.82903289794922,38.27366274775186,34.714212577972376,38.27366274775186,36301
2009-01-12,33.71909713745117,35.020400876277414,33.298085913095754,33.75737057829412,12083
2009-01-13,32.838802337646484,34.829031248223814,32.532611457128496,34.063559109552955,17881
2009-01-14,34.48457336425781,35.17349868769486,32.341247135713196,32.91535213442457,29473
2009-01-15,32.22642517089844,34.21665415677104,31.767140520286958,32.91535045927423,19946
2009-01-16,31.03993797302246,34.29320054529349,29.930001489545653,32.532612222379036,64256
2009-01-19,31.154760360717773,31.958505922816816,30.695475735911465,31.384400985579592,14879
2009-01-20,30.504106521606445,31.38439890016624,30.312735971855012,30.504106521606445,22900
2009-01-21,29.508991241455078,31.614043718663968,27.710127939333454,27.710127939333454,8683
2009-01-22,27.327394485473633,29.585540920732488,26.7915629563402,29.508994041582405,55248
2009-01-23,27.786678314208984,28.666970773500342,25.29888962748619,25.29888962748619,18128
2009-01-27,29.355899810791016,29.547267005586114,27.595309805886306,27.939774131600284,15515
2009-01-28,31.154760360717773,31.575768172964445,29.279351799098233,30.925116360773284,31831
2009-01-29,30.35101318359375,32.14987834965835,30.2361928645044,31.537496564349425,16494
2009-01-30,30.84857177734375,31.269582995947065,29.470721175656614,30.618931135423534,6897
2009-02-02,29.43244743347168,30.580657381462334,29.241076858751313,29.89173208768452,9693
2009-02-03,28.820066452026367,30.427557535938785,28.01631753498757,29.087980507650908,9032
2009-02-04,29.776905059814453,30.61892739413544,28.32250775519822,28.628695240345845,43560
2009-02-05,29.049707412719727,30.236190708887932,28.74351991697703,29.547265468384236,8889
2009-02-06,30.504106521606445,30.61892682640784,29.662084202898004,29.853454752649437,26792
2009-02-09,33.56599807739258,33.56599807739258,31.11648474964308,31.384398793267117,30898
2009-02-10,36.93408203125,36.93408203125,35.517954763037814,36.93408203125,107026
2009-02-11,35.93896484375,37.43163893913248,35.096945895770816,36.70443692146584,55417
2009-02-12,37.661285400390625,37.73783228254509,34.905580767414975,35.21177167111582,104764
2009-02-13,37.125450134277344,39.57496361837621,36.7427123867309,39.57496361837621,29104
2009-02-16,35.90069580078125,38.27366256958809,35.40313770811483,37.163726064812906,54632
2009-02-17,34.101829528808594,35.59450023582964,34.101829528808594,35.2117658879178,22897
2009-02-18,32.72398376464844,33.91046378643614,32.60916006891667,33.75737002557101,17216
2009-02-19,32.22642517089844,33.336358295175465,31.88196083916911,32.60915956717229,13609
2009-02-20,31.92023468017578,32.149878695910594,31.843687799958474,32.07332844061039,3783
2009-02-24,31.3078556060791,31.767140252823637,30.73375064141914,31.46094936329967,16598
2009-02-25,31.03993797302246,32.14987783158208,30.925117655783374,31.767140065702307,6330
2009-02-26,31.346128463745117,32.11160061072717,30.657203193952995,32.11160061072717,4188
2009-02-27,32.76225280761719,32.91534993878869,30.657203536149254,30.7337504141936,25862
2009-03-02,31.614044189453125,33.68081988641419,31.422673631804496,31.422673631804496,7151
2009-03-03,31.614044189453125,32.149875675720644,30.77202183599735,31.193033012725238,17330
2009-03-04,31.3843994140625,32.073324629233944,30.657200763330557,30.963388247814535,16674
2009-03-05,30.427560806274414,32.49434010070168,30.31274048438022,31.38440357222525,17067
2009-03-06,31.346128463745117,31.575769095314904,29.16452896350109,30.465832625895406,33958
2009-03-09,31.23130989074707,32.073328961905865,30.618931463972597,30.618931463972597,362192
2009-03-12,30.96338653564453,31.805408821579494,30.274461358568306,30.618925634647574,55386
2009-03-13,35.13521957397461,37.16372534517439,29.700360849864555,32.49433877760697,851963
2009-03-16,33.98701095581055,36.47479784430076,33.1449885973451,35.97723979158619,290186
2009-03-17,32.57088851928711,34.75248823857851,32.34124786465985,33.71909854258963,50672
2009-03-18,31.843690872192383,35.135223914513425,31.575773390500615,33.10672126779909,156702
2009-03-19,32.915348052978516,34.06355790802524,31.84368507159056,33.29808242127235,123285
2009-03-20,32.72398376464844,33.64254970492215,32.30297254718641,33.64254970492215,20304
2009-03-23,32.8770751953125,33.604273882963746,32.53261088269735,33.2980830078522,38174
2009-03-24,32.30297088623047,35.13521881693842,31.881959690416014,33.642547975087766,126466
2009-03-25,33.2980842590332,36.742714014286584,32.53261210511561,32.53261210511561,1851964
2009-03-26,32.95362091064453,34.06355730935462,32.532609737838015,33.642546136548106,174186
2009-03-27,33.642547607421875,34.982124681639476,32.91534891356798,33.106716102718295,134136
2009-03-30,33.83391189575195,35.135215420569544,33.06843982969732,33.10671326424593,724279
2009-03-31,35.13521957397461,36.47480006677774,33.71909557810831,33.71909557810831,240130
2009-04-01,37.54645919799805,38.197110969512565,35.17349272244541,35.44140676803508,306448
2009-04-02,37.92919921875,39.80460777659276,37.584734907068295,38.311933592748936,247518
2009-04-06,41.60346984863281,43.249237797464325,38.54157457751631,38.92431233017655,537989
2009-04-08,44.35917282104492,45.43083241900171,40.87626647112565,42.71340492495464,1103377
2009-04-09,44.28262710571289,48.60755287710525,43.823345820325756,45.50738732532739,566967
2009-04-13,44.78018569946289,47.45934343578816,44.09126038871724,44.397451290761396,450227
2009-04-15,47.95689392089844,49.52611149736124,43.97643307739493,45.660474333303426,836526
2009-04-16,45.12464141845703,49.75575387934151,44.85672400848561,48.91373159095397,378917
2009-04-17,44.16780471801758,48.76064435768082,43.7085200790347,45.6222055122829,456030
2009-04-20,52.47319412231445,53.009025665053656,42.94305004973236,44.01471313521077,1555190
2009-04-21,52.320091247558594,56.10918507176321,50.253315559423626,50.253315559423626,1305141
2009-04-22,50.44468307495117,54.65478472686029,49.83230471422044,52.97074339108013,480117
2009-04-23,53.65967559814453,55.03752615840712,48.41618068111406,51.018791420044614,517815
2009-04-24,53.46830368041992,55.879547162767686,52.664558103025826,55.42026252922131,472666
2009-04-27,51.36325454711914,54.807884242345814,50.52123215490849,54.15722904150907,290026
2009-04-28,48.224815368652344,52.05218306064312,47.45934318028737,51.40153119427045,167833
2009-04-29,48.99028396606445,50.82742248361217,48.30135870952541,49.44956859545138,78906
2009-04-30,48.99028396606445,48.99028396606445,48.99028396606445,48.99028396606445,0
2009-05-04,49.14337921142578,51.28670177471617,48.684094599619776,51.28670177471617,219604
2009-05-05,49.602664947509766,51.286702937164016,48.76064257759999,49.75575869655422,124865
2009-05-06,49.48784255981445,53.583127454925425,48.99028448727529,49.75576000275835,426290
2009-05-07,52.320091247558594,52.81764929518809,49.83230438449365,50.32986243212316,272862
2009-05-08,57.29566955566406,61.16131393678912,53.0472975305995,53.123844409420535,1124824
2009-05-11,55.075801849365234,59.2476305149715,53.65967779203468,58.290787746451095,338047
2009-05-12,54.348602294921875,55.11407447334462,53.46830642091525,55.11407447334462,198019
2009-05-13,53.430030822753906,56.64501991742795,52.43491466843821,56.64501991742795,164486
2009-05-14,53.20038986206055,56.64501956716157,51.28670444250482,56.64501956716157,301553
2009-05-15,55.4968147277832,57.41050032190198,54.34860472134517,54.96098316643992,293203
2009-05-18,62.30952072143555,62.768801971159185,57.41049372372203,57.41049372372203,433
2009-05-19,67.74439239501953,71.49521006091412,55.22889890245003,66.59617560425966,853148
2009-05-20,74.17435455322266,76.47077432422333,67.74438324452,68.81603950416594,527351
2009-05-21,73.8681640625,78.84373778168442,72.71995422344474,75.70529575488933,596612
2009-05-22,73.17924499511719,76.08804678318532,68.16539718627308,75.01638367707243,362689
2009-05-25,80.03022003173828,81.2932501635014,75.01637294049183,75.78184165661187,544992
2009-05-26,79.03511047363281,87.57014136411449,77.35107240901473,80.37468758756742,1044124
2009-05-27,82.59455871582031,84.58479099817707,80.45123268100002,82.51801183958855,305387
2009-05-28,81.79081726074219,83.43658186488832,81.14016205667735,83.43658186488832,181286
2009-05-29,84.58478546142578,87.26393945449634,82.09699864640811,83.28348190050107,462746
2009-06-01,93.04325866699219,93.04325866699219,86.34537392298986,87.57013056905014,702400
2009-06-02,100.58318328857422,101.15728486405467,91.8567853399473,93.38773637489284,809792
2009-06-03,98.51639556884766,104.56363205672083,96.44961657610881,103.7981633558286,474644
2009-06-04,97.17682647705078,100.2004415912411,96.06689002053187,99.51151970453897,420152
2009-06-05,93.88528442382812,99.43496634455413,92.73707460402844,97.98056903951853,263746
2009-06-08,89.21590423583984,94.80385996567723,89.21590423583984,94.80385996567723,97566
2009-06-09,86.61329650878906,88.02942046581093,84.77615798334715,85.80954756013755,276376
2009-06-10,82.86248779296875,89.52210043982494,82.2883794138349,88.48871075751691,222517
2009-06-11,79.991943359375,84.08722782557793,78.88200701574507,82.67109725772387,252049
2009-06-12,79.1882095336914,82.67111296328014,77.69553856391511,81.90564413271078,237537
2009-06-15,81.21670532226562,81.82908706063593,75.896670611573,77.3127945219625,248264
2009-06-16,81.90563201904297,83.36002933218855,78.00171455985608,78.00171455985608,109697
2009-06-17,78.61410522460938,82.55628981783973,77.81035622980869,81.25498610016984,82851
2009-06-18,74.7101821899414,78.07826494852331,74.7101821899414,78.00171807333955,131591
2009-06-19,77.4276123046875,78.46100181371462,72.87304647793147,74.71017813274025,185736
2009-06-22,74.93983459472656,81.33153285233266,73.67680431926948,81.33153285233266,90943
2009-06-23,75.78184509277344,76.39422684360161,72.33721546354894,74.55708834128242,74024
2009-06-24,77.65726470947266,78.72892781673764,75.01638375771819,76.47078127823279,91918
2009-06-25,80.6808853149414,81.56117444894358,76.81524081279007,78.84374666538771,269768
2009-06-26,84.7378921508789,84.7378921508789,80.45123970688101,81.14016840329711,276012
2009-06-29,88.98626708984375,88.98626708984375,83.66622521924543,86.49848000832503,208752
2009-06-30,87.07257080078125,93.46427494041464,85.73299382694844,90.86166111250802,520935
2009-07-01,88.90971374511719,90.40238453545176,84.27860087623856,88.02941794562132,186717
2009-07-02,89.2924575805664,93.38774276661528,88.02942727789852,90.78512852914373,552786
2009-07-03,88.41215515136719,90.32584055946417,86.49847649343566,88.79489628308586,196353
2009-07-06,84.01068115234375,91.70368932524522,84.01068115234375,89.56036332930425,202453
2009-07-07,84.43169403076172,88.37387825708521,80.48950980443823,84.27860028412763,156689
2009-07-08,80.25987243652344,84.20206390429864,75.9349465544656,84.20206390429864,215533
2009-07-09,87.41703033447266,88.94798120909495,77.23624279410785,80.33640447738016,595621
2009-07-10,82.2500991821289,91.47405192743207,80.4129606207564,89.40727273342938,487346
2009-07-13,79.41785430908203,84.16378790247177,77.50416879555424,78.9202928354852,119598
2009-07-14,83.16865539550781,84.89096661979329,80.98705622795892,81.52288428657432,236798
2009-07-15,87.41703033447266,88.22077920614112,82.78591777657807,84.50823582298695,299771
2009-07-16,85.92436981201172,90.2492954068267,85.46508854537603,90.2492954068267,130358
2009-07-17,86.99602508544922,88.2207817706509,86.57501729528036,86.57501729528036,137891
2009-07-20,90.70857238769531,92.23952337114491,86.15400637475503,88.33560578853023,519785
2009-07-21,88.94799041748047,91.3975039702655,87.57013988780957,89.71345918387236,196745
2009-07-22,89.56037139892578,94.91868687157633,88.33561454091507,90.55548761171559,461163
2009-07-23,90.40238952636719,93.00499688144632,89.94310825788226,91.09131817926018,215381
2009-07-24,90.63202667236328,93.38773442770797,89.56036367031236,91.66541623684687,271203
2009-07-27,94.95695495605469,97.13855446292402,90.32584187133766,91.78023929252869,574795
2009-07-28,94.8421401977539,96.41135802703607,93.31119580942578,95.60761576700094,295454
2009-07-29,95.45451354980469,102.4968670606882,93.46428790553992,94.91868538600882,941960
2009-07-30,94.8421401977539,98.74605142556527,93.77047710087444,95.645889207955,511801
2009-07-31,94.07665252685547,96.98545391568463,93.54082442242553,95.68415034047543,162759
2009-08-03,96.52617645263672,98.32504164245174,94.1532096597951,94.88041177379462,213344
2009-08-04,98.8608627319336,102.95614754117533,96.06688829677704,96.44962267141072,777038
2009-08-05,97.82748413085938,101.42521465616746,96.5261803611413,96.5261803611413,193413
2009-08-06,97.48301696777344,100.4683654854086,96.52617423455067,97.94230498980652,335093
2009-08-07,93.69391632080078,97.9040212019011,92.89016742982446,96.83235826398766,141479
2009-08-10,89.44554138183594,97.2150962875411,79.91540163675748,96.06688643571844,168065
2009-08-11,89.71345520019531,92.39261601409673,88.7948927213133,89.56036145371498,101601
2009-08-12,90.63202667236328,91.62714279927953,87.26394391594113,88.10596629258801,88693
2009-08-13,99.24360656738281,101.04246492745884,92.00988618823891,92.04815962674763,529261
2009-08-14,106.86006164550781,109.07993458586616,98.8991391611478,100.20044282443277,1035270
2009-08-17,98.51639556884766,105.25256063768876,97.406459202389,103.72161648573937,401653
2009-08-18,102.38203430175781,103.33887694245774,96.56443833648042,98.74603766723007,324578
2009-08-19,98.70777130126953,106.40077966331505,98.01884941074233,103.18579059035831,452450
2009-08-20,100.39181518554688,103.10924278515412,99.89425374114774,101.4252047621977,149809
2009-08-21,101.73139190673828,102.72650804185356,99.62633932285968,100.20044089109999,127344
2009-08-24,103.91299438476562,104.94638398778068,101.96103549571879,103.2623391716948,253458
2009-08-25,101.73139190673828,106.40077832908774,101.04246327468451,103.33888304797655,307968
2009-08-26,101.92276763916016,104.10436728166245,101.04247174390791,102.87961041659382,144411
2009-08-27,111.10843658447266,112.90730163930701,101.46347637602378,102.87960030739416,1669868
2009-08-28,113.40486145019531,117.1174120396511,111.49117599687783,112.37147184541712,1453473
2009-08-31,114.43824005126953,117.88287643927406,110.61087603705893,112.44801454397263,787943
2009-09-01,112.02700805664062,119.72001636396857,110.76397784949208,116.27537993517105,1051483
2009-09-02,110.34296417236328,114.51478920843863,109.69231571956658,111.7590948934871,405185
2009-09-03,108.88856506347656,113.29003741141824,108.08481611946002,111.68253952338515,353502
2009-09-04,113.78759002685547,115.96918944212295,108.6971958913415,109.99849950304811,955564
2009-09-07,116.81120300292969,118.57179457907097,114.24686926174428,114.667890562812,753327
2009-09-08,113.90242004394531,118.49525988846726,113.40486531919396,117.88288484261945,478154
2009-09-09,112.56283569335938,114.8209887812278,111.75909349700657,113.90241277077946,258332
2009-09-10,112.37146759033203,118.64834510927324,111.37635146229488,113.97895872013645,1022812
2009-09-11,110.2281494140625,114.5913418620972,105.71185645454487,114.0172402571581,340669
2009-09-14,117.53841400146484,120.02620091648099,107.39589240548997,110.7639751250986,1065209
2009-09-15,119.83483123779297,124.0066628009088,119.06934901040668,119.06934901040668,1657049
2009-09-16,124.7338638305664,125.38451227850008,119.10762792685306,121.40404771400871,2328878
2009-09-17,120.79167938232422,126.14998801515196,120.25585121910778,126.07344113469247,1021514
2009-09-18,123.394287109375,126.14998831274926,117.88288470262646,117.88288470262646,1025395
2009-09-22,124.35112762451172,126.26479950211488,122.85845005965054,124.4659479371679,805441
2009-09-23,123.12635803222656,126.83890829180154,122.475709626025,126.07342607829318,1360072
2009-09-24,123.70046997070312,125.07832727063622,119.72001882707748,122.0929855378342,474019
2009-09-25,124.69558715820312,126.11170433168165,120.94476331967995,122.43744086773111,524121
2009-09-29,121.97816467285156,126.30309024726628,121.40404959193384,124.9252329535273,386554
2009-09-30,121.78680419921875,125.46106801804103,120.21757962536495,122.47572613393571,524950
2009-10-01,117.9977035522461,122.24608237545944,116.96432067649062,121.25095943921524,338782
2009-10-05,120.5620346069336,125.15487427768022,115.7778277416001,116.2753824475259,832919
2009-10-06,122.32261657714844,128.59950056180054,117.42358978436195,123.2411790381721,787395
2009-10-07,120.40894317626953,125.46106421157721,118.26561705517967,122.32262865942097,787945
2009-10-08,119.1841812133789,122.47572406885786,118.4187124099334,122.47572406885786,416633
2009-10-09,118.57179260253906,122.3226163108813,116.35191982623387,120.94475912201494,414026
2009-10-12,120.10274505615234,121.63369600758494,119.41382320315628,121.13612783564642,273230
2009-10-13,119.79656982421875,119.79656982421875,119.79656982421875,119.79656982421875,0
2009-10-14,119.4903793334961,122.24608045931468,118.64835016982146,121.40405129564004,449390
2009-10-15,117.0408706665039,121.48060330658433,115.96920082209479,120.25585319906749,344709
2009-10-16,117.0408706665039,118.26562077402075,116.0840211446745,117.0408706665039,502277
2009-10-20,117.65323638916016,122.09298217745533,116.73466038104311,117.76805670263344,1036949
2009-10-21,115.5864486694336,119.03107131836106,115.05062057965173,118.64833696851687,288189
2009-10-22,112.40974426269531,115.96919431339191,111.75909580459425,113.36658698065655,155321
2009-10-23,111.5294418334961,117.11740405630434,110.99361372318485,113.6344943386206,192354
2009-10-26,109.5774917602539,112.29491929660027,108.81201626754897,112.25664585947328,161447
2009-10-27,104.90811157226562,108.31446792649845,100.8128265592464,108.31446792649845,525844
2009-10-28,104.37227630615234,106.01804769354763,99.4349756442978,102.57341791198652,206351
2009-10-29,103.2623291015625,104.79328001237249,101.50174432934546,102.68822757263247,129797
2009-10-30,102.57341003417969,108.54409984696032,101.00418564577151,104.48708859907397,435082
2009-11-03,100.69801330566406,104.67847152966527,99.51152985185767,102.573425466589,183025
2009-11-04,104.67845916748047,105.36738779323879,101.04246235135484,101.80793785217904,111242
2009-11-05,105.44393920898438,105.97977410768532,102.76478496597659,104.86983087110234,94697
2009-11-06,111.60599517822266,114.3234228241386,106.40078051841202,107.16625604198175,278326
2009-11-09,111.26152801513672,112.86902584982198,109.15647550553206,112.71592535352777,150617
2009-11-10,111.49117279052734,117.88287743067745,109.88368164608276,112.71592955538163,644427
2009-11-11,112.83075714111328,115.89265262566852,110.22814969183254,111.45290653562147,337526
2009-11-12,111.29981231689453,115.58646462763666,109.96023515732907,113.29004471119136,376693
2009-11-13,109.92195129394531,114.05550270149214,109.5009434909123,112.40973817583432,193798
2009-11-16,112.60111236572266,113.67277540847509,110.9170742986349,110.9170742986349,220579
2009-11-17,112.33319091796875,114.05550231100875,111.37634825509535,112.86902577925053,149767
2009-11-18,111.4529037475586,112.83075431858262,110.99362247393915,112.83075431858262,79063
2009-11-19,109.7305908203125,113.59622840775127,109.19475592443216,112.14183097635997,138950
2009-11-20,109.7305908203125,110.7257069839483,107.96999912691861,110.57260647786421,93481
2009-11-23,111.5294418334961,112.90729904605533,110.0367710617496,110.91706685028325,200252
2009-11-24,115.81610107421875,117.65323964089748,111.41462860209873,111.75909630220448,833361
2009-11-25,111.64427185058594,117.38532831839602,110.99362337434683,116.35193194403772,354636
2009-11-26,111.41462707519531,113.06039842490804,110.41951092772923,111.68254114369931,122930
2009-11-27,108.27618408203125,110.9553449978387,103.79817157665777,110.38123667653515,230618
2009-11-30,112.14183044433594,113.97896225680773,109.07993508999553,109.46267622814156,220772
2009-12-01,112.90729522705078,114.39995919814386,112.29491351438611,113.94067797626907,147992
2009-12-02,111.64427185058594,114.05551205697998,110.38124158772075,113.59623077963474,122404
2009-12-03,115.66300201416016,117.50014049658415,109.8454058200379,112.44801304500082,391597
2009-12-04,116.92603302001953,118.64835130272581,111.03189631967386,116.19883766746126,387438
2009-12-07,117.19396209716797,120.90649928701127,115.58646411271789,115.58646411271789,642628
2009-12-08,118.0742416381836,119.56691918121484,116.39019691019071,116.39019691019071,606130
2009-12-09,120.75340270996094,122.85845536658394,118.07424846525838,118.07424846525838,561102
2009-12-10,124.00666809082031,126.0734337420362,120.56203167146542,121.32750043117501,1223553
2009-12-11,131.6996612548828,136.0245864729727,122.4757092854159,124.69558204778956,4552392
2009-12-14,127.87232208251953,133.88129344002274,126.37965772963018,133.1158110407718,705455
2009-12-15,126.91545867919922,130.62799554129668,125.1548670897834,128.52295652173805,589041
2009-12-16,128.02540588378906,129.5946305045955,125.99689995942921,127.06856983471944,284695
2009-12-17,141.15325927734375,142.9903977549912,127.14510032331926,128.59950443069232,3117535
2009-12-18,136.0628662109375,140.4643385040079,133.99608709504085,140.0815906304243,1189748
2009-12-21,139.9285125732422,144.98064736773898,134.1491958883464,136.25424867763704,968424
2009-12-22,140.38780212402344,143.90897212150585,139.8136870208955,141.61255220998893,377452
2009-12-23,143.755859375,146.20537272375668,140.8470648046633,141.22979915597998,615794
2009-12-24,148.31044006347656,149.19072915998558,140.84707896164565,140.84707896164565,788552
2009-12-29,156.53927612304688,160.67282083972495,148.61662062372517,149.267269055928,1286773
2009-12-30,155.23797607421875,159.83081584269266,153.17119682837236,156.92202092274758,382476
2009-12-31,153.59219360351562,159.48634339869656,151.67852175475284,156.34790806639506,490303
2010-01-04,156.96029663085938,158.37641392140006,153.09465216142286,154.62560327314984,489563
2010-01-05,166.4521484375,170.3177925496312,156.92200868611766,156.92200868611766,1328195
2010-01-06,168.97821044921875,170.4708879975852,163.581628813351,166.4138766612368,1085341
2010-01-07,173.68585205078125,176.44155273618728,167.6386091158751,170.70051076661883,1077310
2010-01-08,168.97821044921875,173.76241709102052,168.40410889228187,173.76241709102052,508260
2010-01-11,168.05966186523438,172.19320691756567,166.33734355156952,171.38946467134352,440617
2010-01-12,162.47171020507812,169.51406420276626,160.86421210224015,169.51406420276626,450392
2010-01-13,158.22329711914062,162.20376132978043,154.74040106007809,160.74935731041944,522988
2010-01-14,165.7249755859375,168.78686444076425,159.75427814367646,159.90737191140119,681295
2010-01-15,159.1418914794922,168.32757087513963,157.8405810482986,167.17935420051805,388197
2010-01-18,155.850341796875,161.51485103967903,154.6255917986454,158.29985529366493,459760
2010-01-19,154.58731079101562,158.3763944128167,153.86010201484774,155.77378729369846,302643
2010-01-20,155.12315368652344,157.9936751284596,153.86011669188602,155.39106776107323,305925
2010-01-21,149.573486328125,155.77381082793437,148.08080861503575,155.39107641440688,465262
2010-01-22,149.19073486328125,150.0327640533321,143.29659803458398,146.20539300849083,285054
2010-01-25,150.10928344726562,153.78354655720298,146.2053662363985,147.04739527226295,252025
2010-01-27,139.73712158203125,150.3772040424049,138.20618417789825,149.26726092407864,218203
2010-01-28,141.19154357910156,145.43992241672194,139.3161315201132,142.37802021825178,285721
2010-01-29,145.21026611328125,146.97084416210947,136.56041561119605,139.2395696206126,294738
2010-02-01,148.31044006347656,151.79335001119637,144.25342853107696,144.25342853107696,209320
2010-02-02,153.36256408691406,160.21355030256822,150.18585508760628,150.7216832440601,914955
2010-02-03,170.0498504638672,174.45132231442005,153.86009360064662,153.86009360064662,2716202
2010-02-04,159.60116577148438,171.0067176391097,158.45294914706258,169.9350478896273,1095192
2010-02-05,160.9407501220703,166.49043954027871,147.7363455415253,153.93666995314408,1277670
2010-02-08,163.4285430908203,169.93505472296792,160.51973472549392,164.5767462610824,1072902
2010-02-09,158.8739776611328,164.959481495326,157.11338595739016,164.50020022487087,454168
2010-02-10,155.3145294189453,162.24206279975968,154.24287306184635,160.36665067450448,651503
2010-02-11,151.14268493652344,157.6109364917419,149.45865365613332,156.9220146043096,546156
2010-02-15,157.6875,159.60118561170856,151.678542569614,153.09465993203239,880888
2010-02-16,159.0653533935547,160.17528319005342,156.27136518101454,158.7591658634861,230819
2010-02-17,157.84056091308594,163.65816342168438,156.15651630529038,158.83568370419084,795370
2010-02-18,157.87884521484375,160.672819608518,157.03682960315112,158.45294676827055,143805
2010-02-19,154.1663055419922,157.87884235387332,153.66873737104171,156.92200644883442,260638
2010-02-22,156.57754516601562,160.44317571388916,154.7786801683138,156.84545921881568,345349
2010-02-23,154.3194122314453,156.84547273296965,153.86011745816978,156.84547273296965,107185
2010-02-24,154.70213317871094,156.76891222764473,150.79821569735486,153.17118223497067,313971
2010-02-25,152.02301025390625,156.7689443000806,151.5637154265886,155.39108681879358,89591
2010-02-26,154.43421936035156,156.69236559313666,150.79821592607738,153.86010431787182,171377
2010-03-02,155.00831604003906,157.49610281164448,154.0897536014142,156.15651908832012,92202
2010-03-03,158.9505157470703,162.16549796274833,155.77379346814922,155.77379346814922,378755
2010-03-04,161.70623779296875,163.35200930255488,158.49124165794782,159.98391939923127,295469
2010-03-05,172.07838439941406,173.53278861243362,157.18993531227613,163.045798603499,1448218
2010-03-08,181.30233764648438,183.6370309783249,173.83897637263314,174.68099204957082,1666751
2010-03-09,174.6809844970703,182.488819892421,174.03033604756806,182.2209058249789,372550
2010-03-10,173.6093292236328,176.82431155171952,172.99695420882222,173.76242297733546,226259
2010-03-11,171.23635864257812,174.64270808524486,170.04986857806296,173.8772393341581,134391
2010-03-12,169.590576171875,173.379673241172,168.59546686091974,173.379673241172,135836
2010-03-15,168.55722045898438,172.30803119446747,166.98799587047694,169.5906033707097,144284
2010-03-16,168.05966186523438,170.08815420093788,167.447273320162,167.63864052164348,114385
2010-03-17,168.3658447265625,171.84874119743628,167.83000307691697,169.82023541755825,115952
2010-03-18,177.053955078125,182.7184645587635,165.34221522666272,168.4041173514575,1375678
2010-03-19,175.79092407226562,183.71356611816444,174.14515276308958,181.876441122244,1190561
2010-03-22,173.83897399902344,177.97253244821334,170.70053847295844,173.07350521225914,362403
2010-03-23,174.79579162597656,179.00589651171097,173.76240887236733,175.67609413864025,286915
2010-03-25,172.26976013183594,176.05885786114243,171.23637720584262,175.67612344410787,138637
2010-03-26,170.58572387695312,174.52790176135431,169.16959307360614,173.18833133958316,163745
2010-03-29,167.79171752929688,172.69075789906196,167.0645222362757,171.84872879628608,227778
2010-03-30,167.48553466796875,171.4659991720562,166.94970654250756,169.93504817040778,117734
2010-03-31,170.08815002441406,172.57595058324836,168.48066557144162,169.85850938827514,185700
2010-04-01,172.26976013183594,175.2933890270733,170.04988701270332,171.84875227309792,251491
2010-04-05,175.1785430908203,176.70948053513516,171.7721802765594,174.83408216584948,321733
2010-04-06,180.4603271484375,186.4310244390658,175.90576067363088,178.1256337495954,1293187
2010-04-07,179.08245849609375,185.09142884927425,174.14515792261528,181.18751111661783,736874
2010-04-08,172.99693298339844,185.24449927858126,172.30799767593268,185.24449927858126,338264
2010-04-09,174.03033447265625,176.78603549888211,172.61421727184907,174.52788916483175,187394
2010-04-12,177.36016845703125,181.22579957110466,174.52790676907134,176.21195170509276,359703
2010-04-13,178.20216369628906,183.6370187966621,176.90085332701338,178.3552574455767,526712
2010-04-15,180.34548950195312,182.94809673750854,175.67610315280035,179.46518694412,507814
2010-04-16,180.11585998535156,182.9481080192578,176.44158277897006,181.41715693321026,527405
2010-04-19,172.1166534423828,177.89598320668503,170.5091690115287,177.89598320668503,645563
2010-04-20,170.96844482421875,175.59955777557846,170.0115953836611,173.1883177058759,439459
2010-04-21,170.77706909179688,174.75751990432028,169.93504000619515,172.23145964817522,608375
2010-04-22,167.2559051513672,172.6907741430036,165.45703996751337,170.12642665731937,446852
2010-04-23,167.79171752929688,174.75752346870104,166.87315505390174,167.79171752929688,1437095
2010-04-26,174.25997924804688,175.29337559518817,168.78685050316776,169.7819599112072,623585
2010-04-27,175.25509643554688,178.96763337545173,171.12153818257607,175.29336987306826,1150586
2010-04-28,168.4040985107422,174.33650790070487,167.7151631845579,173.7624063791594,289602
2010-04-29,171.6190948486328,180.4220395813466,170.04987039183672,170.7005323375312,1013306
2010-04-30,173.91552734375,178.20217970966732,172.69077723939182,173.3796991730933,1152238
2010-05-03,171.50428771972656,174.52790305155102,170.77709234253214,174.52790305155102,121190
2010-05-04,165.2656707763672,173.22660021738486,163.35199879567202,172.6142251835624,635357
2010-05-05,156.84547424316406,162.05068905397948,153.3242907826921,160.902472360232,920085
2010-05-06,153.55392456054688,158.22331100580547,151.41059852826993,156.7306469210573,601725
2010-05-07,145.63128662109375,152.40572585789297,144.13860899253416,150.03275912807055,316694
2010-05-10,152.9798126220703,154.9700447671877,133.9578071875203,147.73632496110514,462842
2010-05-11,150.49203491210938,155.77379632780247,148.1573417065835,153.13291561995592,241258
2010-05-12,150.41549682617188,152.3291823278345,148.1573503642697,150.49204370622513,97198
2010-05-13,147.04742431640625,153.4391159629036,146.205395114228,151.56370385391395,254742
2010-05-14,140.96189880371094,147.92770517535303,139.27785399399218,146.81776194838005,282834
2010-05-17,128.7526092529297,139.39267966304084,125.6141601460781,139.39267966304084,1287181
2010-05-18,133.4219970703125,135.4122159832946,128.2933155243248,129.3649853624162,1017813
2010-05-19,129.21188354492188,136.5604241895956,127.29819813217404,131.89103772263647,850059
2010-05-20,130.09217834472656,136.82834427361297,128.14021940790363,132.4268716808615,178987
2010-05-21,129.05877685546875,130.3983470598861,124.77212520067394,129.1353237242926,211808
2010-05-24,126.11170959472656,133.80472477843225,124.8869595557405,130.97247681294587,228020
2010-05-25,122.6288070678711,126.57099806031937,121.93988520522863,125.46105489239831,210243
2010-05-26,123.04981231689453,126.14997413472113,122.32261703254352,124.00666171768657,173342
2010-05-27,126.64755249023438,127.45129471127164,121.09786332017376,123.24118940993773,238085
2010-05-28,132.4268798828125,133.1923622291788,127.06857095991035,127.83403980594426,386835
2010-05-31,129.0205078125,132.96268519143692,128.21675216216272,132.50340396286134,199635
2010-06-01,126.07344055175781,133.15408096284818,125.0400576703328,129.28843651685438,319376
2010-06-02,123.24119567871094,128.59951792584232,121.32751012618772,126.30309796288086,630545
2010-06-03,124.0832290649414,126.60928975932114,122.66709819824914,126.30310222064874,474614
2010-06-04,122.4757308959961,124.77215093467309,121.48060789571437,124.73387749236736,1075625
2010-06-07,118.15080261230469,121.74853311959816,117.3470603395471,121.74853311959816,158986
2010-06-08,115.66300201416016,121.82506589259022,115.2037207686368,117.88287486785362,288057
2010-06-09,113.1369400024414,118.49524812220751,112.60110514036569,118.49524812220751,335000
2010-06-10,115.47164154052734,118.11252235612326,113.59622951196462,114.36169829899784,825853
2010-06-11,116.5050277709961,117.65324448507036,114.82099639084038,116.39020744962184,413723
2010-06-14,122.20780944824219,123.08809856831904,115.6630107066761,117.88288372720147,1517578
2010-06-15,120.14102935791016,124.31286129012246,118.3038907501074,123.2411914770994,649343
2010-06-16,121.13613891601562,123.66219944172447,120.63858419889583,120.94477171712339,349997
2010-06-17,119.26072692871094,121.71025407647133,117.95942997556544,121.71025407647133,269871
2010-06-18,119.79656982421875,121.40405431236344,118.7248999984573,120.14103078596403,598878
2010-06-21,122.39916229248047,126.91545468383742,120.944758242604,121.3274925977478,1072039
2010-06-22,122.2460708618164,128.14020704313572,121.71024275448379,122.89671927786316,1405830
2010-06-23,129.4798126220703,131.01076382980395,121.7102632560121,122.55227899508272,1546655
2010-06-24,130.55145263671875,134.76155780448715,129.09706199717277,133.9195421710658,1363629
2010-06-25,127.0302963256836,131.27867538197404,126.37964781265981,127.06856976762617,426027
2010-06-28,128.4464111328125,130.51319045709738,127.06856725017725,128.02540327978505,319532
2010-06-29,125.46104431152344,129.74769587377418,124.1980210031972,128.59949286620486,449436
2010-06-30,124.6190414428711,128.36985181594483,123.27945763084647,124.31285394305533,410864
2010-07-01,128.02540588378906,129.90081804029776,123.3942924056276,123.6239330574043,796575
2010-07-02,130.74281311035156,132.27376404735458,127.25991694159062,129.36496941734597,697233
2010-07-05,131.77622985839844,133.1158003236558,129.86254426484138,130.13045835789288,403678
2010-07-06,135.986328125,137.70863291594986,130.13045133477596,131.73794930666068,1176071
2010-07-07,135.18255615234375,140.00503598844648,134.72327492992062,137.78516324640475,1420654
2010-07-08,140.15814208984375,142.18663413905062,136.4838653396774,136.4838653396774,1077167
2010-07-09,139.23956298828125,141.6125293979147,137.78515899515259,141.6125293979147,457627
2010-07-12,140.19644165039062,141.61255900524034,136.71353142563623,140.08160782398946,598307
2010-07-13,139.35438537597656,141.15325030221703,138.1679089035673,138.58891668409964,348981
2010-07-14,142.91384887695312,145.9757372965437,140.65570262366836,141.07671042506664,1360840
2010-07-15,144.02378845214844,147.69806560891902,141.6125482868713,143.90896813477008,1437402
2010-07-16,146.62640380859375,147.35361269197608,144.06206974697895,144.06206974697895,400274
2010-07-19,143.94723510742188,146.81775641326146,143.29658667150653,145.43991266661718,261719
2010-07-20,144.78927612304688,146.97086223441943,144.0620672522576,144.6744558013957,472963
2010-07-21,146.66465759277344,147.6980538673581,145.43990763810143,147.3535929426066,440560
2010-07-22,145.2868194580078,148.0425204618887,144.40651689404302,146.89430383507874,461100
2010-07-23,140.9236297607422,146.81776652811894,139.5840458588848,146.58812588785736,583939
2010-07-26,136.90489196777344,142.33976097132506,136.29251692523184,141.22981770638677,264044
2010-07-27,136.0628662109375,138.16791876415945,135.14429021479975,137.67035057859997,102760
2010-07-28,133.99607849121094,137.93826928325143,132.96268224945123,137.93826928325143,258114
2010-07-29,132.54168701171875,134.4170989980878,130.89592915662416,133.99609117469151,241031
2010-07-30,131.47003173828125,134.18745939220128,131.08729735045182,131.66139893219597,427434
2010-08-02,133.72817993164062,135.10602374642232,132.04413510213166,132.23550229862914,552707
2010-08-03,135.37396240234375,136.2542651664063,134.03439178362606,134.49367313861498,401489
2010-08-04,134.4553680419922,135.2591102240244,132.84787017759717,135.1060164750659,307329
2010-08-05,133.651611328125,135.8332105139109,132.57994170160657,135.22082208433073,376841
2010-08-06,133.26889038085938,137.172794447213,132.27376752056222,134.5701872362004,669602
2010-08-09,135.29739379882812,137.7086340259248,133.26890147313688,133.26890147313688,844087
2010-08-10,133.84300231933594,137.32589884978177,133.57508824009636,136.86661757108538,443502
2010-08-11,132.4268798828125,134.41711238283304,131.73795792138196,134.1109248444195,296014
2010-08-12,132.4651336669922,134.91464711111982,130.36008115246105,132.38858679374852,460559
2010-08-13,131.4317626953125,133.95782323980342,131.0490282946823,133.3454481987951,363655
2010-08-16,130.43663024902344,133.11578435854878,130.13044275082976,132.1972218639677,342288
2010-08-17,139.12477111816406,140.1581675482493,129.51808321431636,131.08730783019945,1203643
2010-08-18,142.2249298095703,145.82266025242907,138.97167383491316,141.1532734650867,2118687
2010-08-19,140.04330444335938,146.97083646953772,139.3161092003836,142.99038584976205,819076
2010-08-20,139.1630401611328,141.2298194556412,138.321024467209,139.3161339236644,305248
2010-08-23,139.2012939453125,140.38778393772134,138.35927837028873,139.69884860328108,223160
2010-08-24,142.33975219726562,143.75586939585125,137.0197038421272,140.04331892862731,591743
2010-08-25,140.04330444335938,142.3014505402977,137.78515834642104,140.15813824521126,1158061
2010-08-26,139.27784729003906,141.15325920373596,136.5604197621777,140.84707170767612,1106096
2010-08-27,139.23956298828125,142.2249043422512,137.47897152298432,140.0433051027229,870645
2010-08-30,138.93338012695312,141.76562783883392,138.55064577404085,139.23956760928294,292479
2010-08-31,135.90977478027344,138.4741086251468,134.34055032283447,138.4741086251468,354964
2010-09-01,136.63697814941406,139.6223199878768,134.7232926374599,136.63697814941406,446673
2010-09-02,138.1679229736328,139.2395792513906,136.44560474119106,137.36416726498345,208284
2010-09-03,140.15814208984375,141.61253261569018,137.78516212596108,137.78516212596108,379082
2010-09-06,140.04330444335938,141.6125287311628,139.3161092003836,139.3161092003836,217770
2010-09-07,137.59381103515625,140.77053350307776,136.25424065739654,140.3877991094321,338747
2010-09-08,119.64347839355469,133.95782630684957,118.0359803737716,131.12557817700844,3314837
2010-09-09,123.62393188476562,125.5376174650848,120.40894929005526,121.2892384468493,1470882
2010-09-13,124.50422668457031,126.22653144786594,123.62392408299905,125.53760954254768,681989
2010-09-14,123.8918228149414,127.06854487451017,122.47570574048775,126.2265158163973,352104
2010-09-15,126.80064392089844,127.45129237361374,123.96839597933614,125.49933351513684,1260813
2010-09-16,128.4846954345703,131.4700372859439,127.37475216269739,127.94885376866699,1142216
2010-09-17,133.76644897460938,137.78517346930906,128.5995078383306,130.28353911216135,2034882
2010-09-20,130.20700073242188,135.6801432305011,129.518078802719,134.57019995453692,584402
2010-09-21,126.72409057617188,133.26888870866955,125.9203349105688,133.26888870866955,423293
2010-09-22,125.72897338867188,129.32670357680874,124.77213743455619,128.5995082516808,210764
2010-09-23,125.49932861328125,127.75747489071776,124.42767238007838,126.49445147301438,162880
2010-09-24,125.00177764892578,127.75747868796951,124.54249639247364,125.53760578145328,126623
2010-09-27,124.5425033569336,126.26480816494102,123.3177397709078,125.99689408369542,234903
2010-09-28,122.93501281738281,125.53762040749854,121.02132719220971,125.04006565503997,272921
2010-09-29,121.44232177734375,124.00666914482855,120.9447670793035,124.00666914482855,170816
2010-09-30,125.92033386230469,126.49444890447899,121.02130703790792,122.47571111090984,427562
2010-10-01,125.65242004394531,127.6809256625771,124.12148259617055,127.0685506834672,175925
2010-10-04,125.80553436279297,128.82916331728885,125.53762026561807,125.92035469015364,213694
2010-10-05,126.379638671875,127.75748248215108,124.925234482919,125.61415638805703,164285
2010-10-06,133.0009765625,134.34056049348666,126.30309740856228,127.25993343045856,1123415
2010-10-07,128.82916259765625,133.80473708949023,128.06368025252863,130.20700651828776,177744
2010-10-08,126.14998626708984,129.90081035829303,125.4993377922002,129.90081035829303,140061
2010-10-11,127.41300964355469,130.5131714278011,126.3030800110414,127.06854872311952,124133
2010-10-12,126.2265396118164,128.7526137620247,125.53761766194077,128.59951999538566,127270
2010-10-13,126.34135437011719,127.83401836957992,125.61414558799754,127.14509652367404,61959
2010-10-14,124.84868621826172,128.36985608353308,124.38940495326952,126.49445758481491,146772
2010-10-15,121.97816467285156,126.07343611470053,120.63858081781835,124.88695951482153,173042
2010-10-18,121.09786224365234,122.85845392679508,120.17929971348975,122.85845392679508,124749
2010-10-19,121.1744155883789,123.47083553667898,120.37067333159004,120.56204053558739,261543
2010-10-20,119.87310028076172,121.63369178879462,118.72488373192989,120.10274089046212,135944
2010-10-21,119.6052017211914,121.44232683664411,119.1459069419967,121.40405339673885,97333
2010-10-22,118.418701171875,121.32749584925192,117.8828730603138,119.94965213380881,127361
2010-10-25,116.31365203857422,120.56203061852037,115.58645672320117,119.33728061368154,170427
2010-10-26,116.92603302001953,119.41383359522384,115.96919702981128,115.96919702981128,190175
2010-10-27,116.3519287109375,118.34216102446199,115.66300681406288,117.50014537272634,91208
2010-10-28,114.20860290527344,117.19395813259312,113.36658725160083,116.39020241739267,127448
2010-10-29,110.34296417236328,114.3616954548394,107.2810756000478,113.44313293324407,197465
2010-11-01,112.2183837890625,114.36170323543787,108.31447255618319,110.99362692677687,206350
2010-11-02,113.09867095947266,114.13205378687299,109.50094753210107,111.41462618485973,103422
2010-11-03,113.25176239013672,117.11740655479511,112.52456033189274,112.71592751822924,212516
2010-11-04,113.29003143310547,114.89752923631093,110.99361178581056,113.67276579093294,813983
2010-11-08,115.73956298828125,118.34217053030447,114.9358207107002,116.73467247481017,118500
2010-11-09,116.428466796875,117.72977711526315,115.28026372211791,115.93091213114693,147868
2010-11-10,116.92603302001953,118.8779919403758,116.00747046941962,116.35193142589458,193242
2010-11-11,113.1369400024414,118.22733406625224,111.26152811042415,117.30877158869131,310666
2010-11-12,108.04654693603516,113.86414346190263,106.55387605280025,112.90730747916592,257606
2010-11-15,107.12798309326172,111.68254256634354,105.63530547796569,111.68254256634354,146893
2010-11-16,105.55875396728516,109.23302418566189,103.72162223317945,109.23302418566189,182670
2010-11-18,103.185791015625,108.46755928226244,101.04246495815373,104.29572748288099,138165
2010-11-19,101.27210235595703,105.25256683565222,99.970798737646,103.45370178229665,135832
2010-11-22,101.31037902832031,105.55875770476446,100.46836338086801,101.8079404792531,86086
2010-11-23,97.36819458007812,101.61657325520773,95.68415653552908,101.1190118044289,136483
2010-11-24,93.69391632080078,99.51151223368879,93.08153460620812,99.51151223368879,217960
2010-11-25,89.2924575805664,94.91868715617751,88.4887085697174,94.91868715617751,386508
2010-11-26,81.94390106201172,91.62713381880828,80.3746767752213,91.62713381880828,310051
2010-11-29,76.66213989257812,83.70449280806167,76.20285864815473,83.70449280806167,1490659
2010-11-30,85.61817932128906,89.1776292643385,76.7004143698056,79.60921587443131,1299402
2010-12-01,85.08235168457031,87.11085754787574,83.2069463346741,87.11085754787574,397556
2010-12-02,86.34539031982422,87.26395291617922,85.7330085054215,86.03919603753982,278993
2010-12-03,84.62306213378906,86.99602873273874,82.74765021680791,86.99602873273874,487188
2010-12-06,81.86737060546875,86.3453902602753,80.8722543766044,84.58479845147697,201224
2010-12-07,84.31688690185547,85.35027660334829,80.56606927246771,82.90076277394542,472687
2010-12-08,82.70938873291016,84.9675353469841,81.67599903238765,84.9675353469841,108645
2010-12-09,77.81034851074219,83.74276490726393,75.78184287994809,81.94390664517806,168870
2010-12-10,76.58560180664062,78.99684211688174,74.44227558638941,77.31280394392209,203019
2010-12-13,80.60433959960938,81.5229021875067,76.27941374759553,77.04488257084328,171551
2010-12-14,89.25418090820312,91.39750702609237,79.60922012786726,80.56606286801414,587616
2010-12-15,85.50337219238281,89.5603774491879,84.43170902545637,88.79490858007357,200720
2010-12-16,87.22566986083984,88.02941879422906,84.355148563281,87.18739642354346,140070
2010-12-20,86.76640319824219,88.41216802879576,86.039201017207,87.6466991541971,118752
2010-12-21,87.455322265625,88.41216507709491,86.88122062884277,87.87633688276485,85196
2010-12-22,88.06768798828125,90.70856853481992,87.34048596452257,88.98625718930144,214083
2010-12-23,87.3787612915039,89.33072004215614,86.95775349241485,88.41215082125126,54654
2010-12-24,86.53675079345703,88.41215603191141,85.73300183402485,88.41215603191141,94642
2010-12-27,89.48381805419922,90.70857482375163,86.68984357214183,86.76639044835352,192427
2010-12-28,88.83316802978516,90.89994040098493,88.14423940594168,89.56036334088986,170116
2010-12-29,89.52208709716797,90.44065631677597,89.21589960735368,89.56036053339476,115509
2010-12-30,90.28756713867188,91.47405047188046,89.17763068178864,90.17274682418383,178307
2010-12-31,94.30630493164062,95.53106178788707,89.75173847398996,90.2492999547511,479697
2011-01-03,97.6361083984375,101.80794018581622,96.98545994546333,101.80794018581622,993289
2011-01-04,97.6361083984375,100.31526933765116,96.83236619182235,97.90402921747472,280753
2011-01-05,95.68415069580078,97.94229693032848,94.65076116896903,97.94229693032848,238407
2011-01-06,93.84700775146484,96.21997418053147,93.04325888027621,96.14342731186252,87992
2011-01-07,90.09620666503906,94.49767938256392,89.36900453556564,92.00989221618012,131379
2011-01-10,86.46019744873047,91.62713826530812,84.96751995713535,89.86655347416378,142938
2011-01-11,83.28349304199219,88.2207938969187,82.02046274771251,87.26395112848479,148313
2011-01-12,83.85758972167969,85.73300170753257,81.52289647406636,84.9675261877663,152597
2011-01-13,83.6279525756836,86.46020739172663,83.09212441463443,85.694731840062,123451
2011-01-14,80.0685043334961,84.66134425416251,79.22648188132966,83.43658739199586,140892
2011-01-17,76.73869323730469,81.75254766252444,76.20286507362937,81.75254766252444,206914
2011-01-18,79.03511047363281,79.30302454638661,76.62387031851738,78.03999431038166,123269
2011-01-19,79.80058288574219,81.8290885719672,79.07338082365247,79.22647457353129,80646
2011-01-20,79.991943359375,81.0636062687475,78.0782581461745,78.99682731851733,45355
2011-01-21,77.96344757080078,80.79570230972087,77.69553349757155,79.76231270567109,79387
2011-01-24,77.73380279541016,80.75742456841341,77.00660074236336,78.69064547041955,154601
2011-01-25,76.31767272949219,79.30301407488302,75.93493164021703,79.26474064097198,208740
2011-01-27,75.43738555908203,78.30791367861674,75.01637773828975,77.27452409559749,76106
2011-01-28,72.33722686767578,76.16459822587362,70.50009482589392,76.16459822587362,190775
2011-01-31,71.34210205078125,72.49031186222122,69.35186991090798,72.26066449980125,70578
2011-02-01,70.72972869873047,73.026148593173,70.19390054010456,72.4903204345471,60713
2011-02-02,77.04487609863281,80.98706720785617,69.92597613946096,71.80138809920463,729806
2011-02-03,73.29405212402344,78.69064012433745,72.03102203887161,78.53754638676327,292754
2011-02-04,72.26066589355469,75.62874852208601,71.95447840464232,73.48542259936926,150114
2011-02-07,72.75823974609375,73.94472321853996,71.38038906037657,73.67680911996062,75858
2011-02-08,71.49520111083984,75.62875268942122,71.18900685489031,74.63363654545752,337270
2011-02-09,57.219120025634766,70.88281826407994,57.219120025634766,70.80627138880565,2145221
2011-02-10,59.7834587097168,60.96994198916172,54.57823760463142,56.645016672094215,632722
2011-02-11,61.965057373046875,62.69225948619658,55.11407445902353,60.47238645675624,347842
2011-02-14,63.2663688659668,64.49112572104434,58.750075853441494,58.750075853441494,227258
2011-02-15,66.71099853515625,71.41865873383516,63.84047023708824,64.1466577621624,1379294
2011-02-16,69.35188293457031,70.7297336170133,66.97891599531678,67.66783796145515,515813
2011-02-17,66.63444519042969,69.658060207582,66.1751571972029,68.89258471898086,693522
2011-02-18,64.56767272949219,68.08884953853082,63.95529092566697,65.14177434229775,234588
2011-02-21,61.965057373046875,64.33803091328122,57.94632590605952,64.33803091328122,480519
2011-02-22,62.6157112121582,63.457733627036994,61.23786064700743,63.22809299120614,289295
2011-02-23,60.1279182434082,63.0367128448502,59.78345732353968,63.0367128448502,185085
2011-02-24,57.02775192260742,60.39583463114136,56.45365036726001,60.31928775709504,326780
2011-02-25,54.57823944091797,59.706913845701,53.65967356064911,57.563587833269175,524995
2011-02-28,55.075801849365234,57.1425777742598,54.61651718547212,56.33883214375907,175260
2011-03-01,59.7834587097168,60.47238056542763,55.42025995622092,56.951204163521254,511521
2011-03-03,59.17108154296875,60.01310395953767,58.17596536887196,59.70691644448195,166645
2011-03-04,60.16619873046875,60.855120650947924,58.97971533947772,60.855120650947924,147791
2011-03-07,58.90316390991211,60.01310033512157,57.410493113997745,59.132804532335044,235988
2011-03-08,59.59209060668945,61.50577611563486,58.9031686835885,58.9031686835885,163985
2011-03-09,59.32416915893555,61.08476068857131,58.6352473213811,60.24273835917312,110859
2011-03-10,59.32416915893555,61.04648725315161,58.941434804738634,60.855113325888176,199800
2011-03-11,57.908050537109375,59.70691566490586,56.64502030382985,56.64502030382985,87394
2011-03-14,57.98460006713867,58.55870842679807,57.41049845764517,57.71668598270837,99327
2011-03-15,56.79811477661133,57.410496556625986,55.535084527382125,57.410496556625986,112996
2011-03-16,58.17596435546875,58.558705492786885,57.02775444384548,57.41049558116361,94145
2011-03-17,58.0611457824707,59.55381668734518,57.41049730477716,58.63525413060135,112475
2011-03-18,56.49192428588867,58.864894418739816,56.03264301025574,58.864894418739816,101080
2011-03-21,56.5684700012207,56.989477803436124,55.76472108318971,56.72156374748086,737664
2011-03-22,56.606746673583984,57.71668314758232,56.33882922723122,57.257395132382506,597472
2011-03-23,58.673526763916016,60.47238516297728,56.26228321019499,56.95120849336549,362281
2011-03-24,61.77368927001953,63.80219506904708,58.63525372264881,58.94144123943314,745321
2011-03-25,61.73540496826172,63.687363544651916,61.27612377389438,62.00332574847385,269920
2011-03-28,62.2712516784668,63.22809443308118,60.54893337012775,62.0033375972212,273254
2011-03-29,62.003334045410156,62.615709053177824,61.084764783593215,62.27124811130851,292011
2011-03-30,64.0318374633789,66.97891264377952,61.81196440545789,62.57743996858559,559449
2011-03-31,62.65398406982422,64.83558359029608,62.194702802426185,64.83558359029608,226545
2011-04-01,65.10350036621094,65.75415560554065,62.46261946868482,62.76880699299721,255491
2011-04-04,68.89258575439453,69.42842062951819,65.37140925417249,65.8306972543021,549169
2011-04-05,68.50985717773438,69.50497338704363,66.67272527222691,69.27533274262593,352012
2011-04-06,72.26066589355469,73.71506996621864,68.5098489038829,68.81603639279527,806520
2011-04-07,72.5285873413086,74.82500702889706,71.80138529851168,73.06441545166882,555747
2011-04-08,70.07907104492188,73.17923277139799,69.0456815527082,72.71995155270965,272860
2011-04-11,67.85920715332031,72.45204693865614,67.361645684815,71.5717510714281,370344
2011-04-13,68.85430908203125,69.04568301069071,66.28997538987588,66.59616287546696,216902
2011-04-15,68.77776336669922,70.84454242950898,68.12711494888161,68.12711494888161,238449
2011-04-18,67.09373474121094,69.92598292445057,66.596173249453,68.89259324943987,208405
2011-04-19,67.05545806884766,68.05057425425318,66.21343564270978,67.59128622628445,142785
2011-04-20,71.26555633544922,71.76311780069518,67.13200460582384,68.28021454463628,795750
2011-04-21,69.00741577148438,72.45204554418825,68.70122150823369,72.03103096353065,308404
2011-04-25,69.16051483154297,70.57663893832131,67.43819643803367,70.57663893832131,148052
2011-04-26,68.77776336669922,69.77287946176189,68.12711494888161,69.65805915273525,120361
2011-04-27,68.39501953125,70.00251038516664,67.9357383587493,68.89257413479243,233333
2011-04-28,67.32337188720703,71.0359157855875,67.13200468886254,71.0359157855875,103009
2011-04-29,65.10350036621094,68.31848962198866,64.6824925202814,67.93575521659817,244009
2011-05-02,63.687381744384766,66.13689564799574,63.381194193975006,65.83070809758598,108118
2011-05-03,60.434104919433594,63.53427340728078,59.86000339399796,63.53427340728078,190101
2011-05-04,60.08965301513672,62.424346402345655,59.51554465344365,60.47238742282149,184921
2011-05-05,57.678409576416016,61.237859622756645,57.02775436894565,60.089649712641425,193637
2011-05-06,57.41049575805664,59.20935413338192,56.64502023122736,57.41049575805664,192671
2011-05-09,56.606746673583984,58.329058167627984,56.30055578847837,57.83150346384088,107035
2011-05-10,56.10919189453125,57.75495998294099,55.114075678268065,56.68329688467033,196325
2011-05-11,56.5684700012207,56.95120436687109,56.03263851422757,56.185732260487725,164878
2011-05-12,55.075801849365234,56.72156992618382,54.807887764225974,56.26228526229071,124662
2011-05-13,55.22888946533203,59.78345878152289,54.4251439242881,56.491919619150735,107058
2011-05-16,54.80788040161133,55.72644623091909,54.57823641297251,55.72644623091909,61821
2011-05-17,54.272056579589844,55.15234909740989,53.73622503066691,54.73133787145266,120650
2011-05-18,52.01390838623047,54.922706683121405,51.66944405334116,53.965863939048894,181038
2011-05-19,50.061946868896484,52.43491351137608,49.832306242236925,52.281819760269705,208895
2011-05-20,50.02367401123047,50.59777895961981,40.570080769457995,40.570080769457995,154345
2011-05-23,50.52123260498047,52.20527402932142,49.181655503263954,50.138498218823045,273256
2011-05-24,49.98540115356445,51.975633464473795,49.75576052157466,51.975633464473795,134912
2011-05-25,49.18165588378906,50.406412679134455,48.83719155849945,49.75576084254989,87402
2011-05-26,47.382789611816406,50.368134437708726,46.61731415640019,49.449565241242254,262048
2011-05-27,49.10511016845703,49.908855779716575,47.76552964958062,47.76552964958062,340711
2011-05-30,49.334747314453125,50.86569492402777,48.990283005396975,49.526114499993966,402898
2011-05-31,50.40640640258789,51.89908045953314,49.296470062186074,49.296470062186074,628552
2011-06-01,55.879547119140625,59.09453280128971,50.52123202375427,50.712602589714116,5190261
2011-06-02,55.22888946533203,57.180844850771614,54.2720501783907,55.42026002278636,1327890
2011-06-03,53.73622131347656,56.18573486763233,53.27693667830167,55.49680960241136,508359
2011-06-06,54.42514419555664,55.037522557281065,52.855923167039165,54.50169106888687,399402
2011-06-07,55.152339935302734,55.6881713952114,54.00413014622451,54.84615245825916,407853
2011-06-08,53.774497985839844,55.45853949937163,53.31521332304337,54.999254836575155,575896
2011-06-09,53.353485107421875,54.8078859319476,53.123844470693896,54.27205440449947,250206
2011-06-10,51.28670120239258,54.27204945827593,50.98051371466047,54.27204945827593,430952
2011-06-13,53.0090217590332,53.506576449479795,50.71260199510277,51.28670356100269,408944
2011-06-14,52.97074890136719,54.23378256590145,52.855928579613966,53.3534866822942,215222
2011-06-15,53.085567474365234,53.544852092130746,52.35836542328542,53.04729403747499,298489
2011-06-16,52.01390838623047,53.00902457005925,51.70771749309743,52.43491622354944,141917
2011-06-17,51.324981689453125,52.664562257562096,51.0953410421057,52.664562257562096,124763
2011-06-20,49.21992874145508,51.745989180138956,48.990284735612974,51.66944230321918,212183
2011-06-21,47.765525817871094,49.755758029080575,47.4593383238897,49.37302028652123,175301
2011-06-22,47.68898391723633,48.952014211779705,47.076605490333996,48.22481546266124,237001
2011-06-23,47.344520568847656,48.30135991426308,44.818456731755546,44.818456731755546,100794
2011-06-24,48.95201110839844,49.33474886660431,47.76552777055126,47.76552777055126,268424
2011-06-27,49.18165588378906,49.48784339508401,47.88035221061993,48.22481316082675,145876
2011-06-28,48.79891586303711,49.67921166746921,48.41617811653411,49.67921166746921,80008
2011-06-29,50.71260452270508,51.55462356974197,47.65070910146598,48.76064560102565,896164
2011-06-30,50.25331497192383,52.05217658458037,49.985397545525075,51.40152479915844,241546
2011-07-01,51.5928955078125,51.89908639105815,50.521232479076865,50.98051711640396,222973
2011-07-04,53.46830368041992,53.812767999350385,51.86080915054899,52.05217971665824,252525
2011-07-05,54.61650848388672,55.26716024778789,52.85592036536517,53.58312237362156,420102
2011-07-06,54.00413131713867,55.42025855441682,53.659670397996074,55.03752082473144,149868
2011-07-07,53.92758560180664,54.88442825898257,53.621394736480624,54.195499655769666,105397
2011-07-08,52.47319412231445,54.31032939381332,52.281823544497136,53.92759161326162,118333
2011-07-11,52.358367919921875,52.54973848858094,50.40641242019543,52.43491479735239,146632
2011-07-12,51.74598693847656,53.00902047818601,50.82742108014914,52.43491217599278,126584
2011-07-13,52.70283126831055,53.88931459669623,52.320093513156785,53.88931459669623,92966
2011-07-14,55.152339935302734,56.03263568196783,52.20526859334628,52.320088897237625,593991
2011-07-15,55.343711853027344,57.33394400338887,55.03752099332461,55.688172773225105,699737
2011-07-18,55.45854187011719,56.3388344176152,55.114077514523906,55.114077514523906,121339
2011-07-19,54.76960754394531,57.71667899109457,53.73621802187261,57.71667899109457,67448
2011-07-20,52.97074890136719,55.420265974183955,52.28182359576492,55.38199253359955,201856
2011-07-21,52.28181838989258,54.272050602439556,52.0904512060256,52.434912136986156,117070
2011-07-22,52.43492126464844,53.200396883532505,51.97563994341783,52.97075284783401,130274
2011-07-25,53.1621208190918,54.65479178966582,52.167004588653754,53.12384737754287,252305
2011-07-26,52.43492126464844,54.11896290107691,52.205280604033135,53.23867032696839,125890
2011-07-27,52.320091247558594,53.009019852019485,52.12872406580977,52.43491155660788,65138
2011-07-28,51.43980026245117,52.32009269798187,51.28670313772537,52.05217863610638,52772
2011-07-29,50.82741928100586,52.43491031994897,50.52122842234658,51.8990822236896,84745
2011-08-01,50.44468307495117,51.82253354282468,50.25331589193613,51.4780726133976,72615
2011-08-02,49.21992874145508,50.865696720478695,48.76064410485362,50.444685522337124,79508
2011-08-03,48.071720123291016,49.373023815899465,47.42106827698679,49.373023815899465,114537
2011-08-04,48.875465393066406,49.717487806109425,48.4161807473232,48.875465393066406,102644
2011-08-05,47.07660675048828,47.65071175201964,43.402336090720816,45.928396747425566,215457
2011-08-08,44.703636169433594,46.617318224821474,44.39744866061126,45.890119516285665,216590
2011-08-09,42.10102462768555,43.785062507717136,36.51306940048529,36.51306940048529,195471
2011-08-10,43.86161422729492,44.93327718704867,43.09613875599507,43.09613875599507,218454
2011-08-11,43.5554313659668,44.12953638737768,36.05379264453682,36.05379264453682,138450
2011-08-12,44.550540924072266,46.69386691443007,44.09125630112664,44.78018154800375,197499
2011-08-16,43.51715087890625,45.69875028215622,42.90477251353044,45.316012538140356,88274
2011-08-17,42.483760833740234,44.244349035406664,36.3599772518929,36.3599772518929,64487
2011-08-18,41.83311080932617,43.51715220936692,41.48864986675496,43.24923814292264,68878
2011-08-19,39.76633834838867,41.067642101346294,37.12545402613185,37.12545402613185,137436
2011-08-22,40.72317886352539,40.87627263272731,39.80461287323082,39.881159757831774,69800
2011-08-23,41.33555221557617,41.6417430912863,40.60835352650329,40.952817839791855,57945
2011-08-24,41.60346984863281,42.71340629377307,41.41209928476135,41.4503727225191,64444
2011-08-25,41.22072982788086,44.32089499109177,40.95281577831803,44.32089499109177,56685
2011-08-26,39.72806167602539,41.450373142750834,39.53669111021377,41.3355528283135,66420
2011-08-29,41.22072982788086,41.909655044696336,40.263890561502556,40.263890561502556,84454
2011-08-30,41.9096565246582,42.21584739576793,41.335551594524766,41.41209846853154,69016
2011-09-02,37.89092254638672,40.57008004969999,37.16372385801693,40.57008004969999,569517
2011-09-05,39.000858306884766,39.421869487600205,37.584734392318225,37.89092188732391,192340
2011-09-06,37.8526496887207,39.26877702469559,37.66128249808196,39.03913302084637,240299
2011-09-07,37.92919921875,39.000858841029675,37.81437553146766,38.656397904430634,397449
2011-09-08,40.76144027709961,41.18245139324733,38.27365376138349,38.57984120943121,417104
2011-09-09,40.72317886352539,42.63686447888168,40.34044106543752,41.33555731541614,326449
2011-09-12,39.5749626159668,40.723172454440025,39.42186887085905,40.41698496422453,88849
2011-09-13,39.30705261230469,41.1824613083681,39.07740859589753,40.41698912887103,146186
2011-09-14,39.11568069458008,39.57496533655954,38.54157573587645,39.57496533655954,86633
2011-09-15,39.34532165527344,39.91942656950472,39.07740422858815,39.574962270932936,123786
2011-09-16,41.10591506958008,41.48865285284451,39.46014698915087,39.957705094869745,246590
2011-09-19,42.522037506103516,43.172692725329455,41.33555413588676,41.90965910131689,296988
2011-09-20,45.77530288696289,47.91862912166173,42.29239944311879,42.33067288480391,1753233
2011-09-21,44.856727600097656,47.26797098257589,44.58881354375707,46.234581443668446,551133
2011-09-22,42.445491790771484,44.32090049589057,42.17757770793287,43.938166091835406,342357
2011-09-23,41.39466094970703,42.919111674747086,41.04286356794931,41.8246347614259,184424
2011-09-26,40.495628356933594,42.05916742226881,39.55750767527872,42.05916742226881,264339
2011-09-27,41.47283935546875,42.17643070557132,40.7301597885234,41.980989621357466,229838
2011-09-28,40.92559814453125,42.99728728682475,40.69106885910895,42.99728728682475,165625
2011-09-29,41.238304138183594,41.98098359858088,40.26109196344408,40.65197752272633,140285
2011-09-30,40.69107437133789,41.43375398938163,39.90930308682907,39.90930308682907,79782
2011-10-03,39.47932434082031,40.456533069840695,39.08843878105283,40.456533069840695,76735
2011-10-04,38.42393493652344,40.61288851022587,38.11122580588074,40.143826537727904,202893
2011-10-05,38.18941116333008,39.20570822841054,37.83761377165396,39.20570822841054,123080
2011-10-07,38.54120635986328,39.713859774293724,38.30667705575029,39.088444849726336,136496
2011-10-10,38.73665237426758,39.244799219269666,37.6030871338587,37.64217535270502,359975
2011-10-11,38.619380950927734,39.3229722766109,38.34576344252473,39.08844298369404,172836
2011-10-12,38.30667495727539,39.08844270842548,37.915789358234065,39.08844270842548,244754
2011-10-13,38.46302795410156,40.26109620095647,38.306675092705284,38.85391355452483,646885
2011-10-14,38.46302795410156,39.088442846619245,38.18941044665807,38.81482189224319,139696
2011-10-17,38.22849655151367,38.97117604907721,38.11122846500795,38.775731536189255,137799
2011-10-18,37.21220016479492,37.9939679606359,36.82131454340806,37.68126222107261,195083
2011-10-19,37.21220016479492,37.87670330829966,36.93857919574429,37.1340237299041,163828
2011-10-20,36.743133544921875,37.29037196812191,36.352247972084044,37.05584269257861,108970
2011-10-21,36.54769515991211,37.21219826957364,36.35225063570631,37.016753745367836,89741
2011-10-24,34.71053695678711,37.5249021164985,34.47600422885622,36.58678154557217,357328
2011-10-25,33.616058349609375,35.45321463005745,32.99064351896603,35.17959370275162,276162
2011-10-28,36.11771774291992,36.58677972855415,35.17959377165146,35.17959377165146,236437
2011-10-31,36.782222747802734,37.68125855545485,35.41412837643551,35.41412837643551,249539
2011-11-01,35.648658752441406,36.7040474470578,35.57048232275612,36.11772077748564,54544
2011-11-02,35.648658752441406,36.078632562642994,35.17959672739717,35.57048232275612,105709
2011-11-03,35.4923095703125,35.96137164395471,35.17960037224006,35.17960037224006,111557
2011-11-04,35.4923095703125,36.35225383287916,35.21869203806539,36.274077395094274,136356
2011-11-08,35.648658752441406,36.352250066541494,35.29686481885762,36.15680899232828,118232
2011-11-09,35.02324676513672,36.039547328978486,34.67145280245267,35.570485265133605,176709
2011-11-11,34.51509475708008,35.57048348621676,33.88967985220883,35.57048348621676,143932
2011-11-14,33.22517395019531,35.17959493346199,33.02973288594835,34.78871280496807,127860
2011-11-15,31.935260772705078,33.22517888207252,31.778907898098808,33.22517888207252,109762
2011-11-16,29.902660369873047,32.052522542954634,29.78539227754319,31.896169682424897,239488
2011-11-17,30.840782165527344,31.583461728525336,29.707216989246508,29.707216989246508,245838
2011-11-18,28.69091796875,31.27075575829309,27.909148471579456,30.567160970333376,319656
2011-11-21,28.417299270629883,29.316331710424723,27.830972567482732,28.690918513662975,221716
2011-11-22,28.300031661987305,29.08180113991904,27.830971354001292,28.690917262686316,119553
2011-11-23,28.65182876586914,29.08180085425499,27.440087207230704,28.69091698086183,199915
2011-11-24,28.300031661987305,28.88636006303582,27.948236000131224,28.88636006303582,89557
2011-11-25,28.378210067749023,29.277242476313354,27.674617014333986,28.143679049944012,105794
2011-11-28,29.120887756347656,29.355420482662545,28.534562834425206,28.534562834425206,121005
2011-11-29,28.730005264282227,29.19906556877795,28.57365240393908,29.120889138606373,117096
2011-11-30,27.440088272094727,28.730006310776226,27.283733682590068,28.730006310776226,430886
2011-12-01,27.557353973388672,28.339123503816623,27.361911159915085,28.22185712634591,128037
2011-12-02,27.79188346862793,28.026414487138922,27.400999586753816,27.98732627129814,178921
2011-12-05,27.83097267150879,28.378211159620435,26.658319260831373,26.658319260831373,197400
2011-12-07,28.65182876586914,29.042712639262298,27.870059295616553,28.76909341084721,230753
2011-12-08,28.417299270629883,29.62904089400514,28.339122836467958,29.62904089400514,180790
2011-12-09,27.596439361572266,28.730004461240547,27.479174719592606,28.37820881183534,130489
2011-12-12,27.205556869506836,28.065502791103093,27.166466930077007,27.752795339928664,151820
2011-12-13,26.267433166503906,27.36191012293035,26.071992083903712,26.071992083903712,170200
2011-12-14,25.212047576904297,26.619232068595018,24.821163666116043,26.580143849862836,163457
2011-12-15,24.664806365966797,25.329309458557866,24.547541722615282,24.82116094723506,159258
2011-12-16,23.296710968017578,25.329310246975638,22.710386009543402,24.234835037895373,182007
2011-12-19,22.436765670776367,24.039391051489158,22.202234664864047,23.453064398441466,194425
2011-12-20,21.576820373535156,22.671297281338507,21.420465790934852,22.671297281338507,170272
2011-12-21,21.107759475708008,22.671298491291086,20.247813534177222,22.671298491291086,255984
2011-12-22,21.30320167541504,21.61590912491204,20.599608621447064,21.107758873179552,123134
2011-12-23,22.514944076538086,23.06218256392797,20.71687574566639,20.7559639628419,286002
2011-12-26,27.010114669799805,27.010114669799805,22.671298472364715,22.671298472364715,1043491
2011-12-27,26.541053771972656,28.769094147901438,26.228344597087105,28.22185567705119,2517367
2011-12-28,25.055692672729492,26.267432525688324,24.821161655864497,26.228344310121873,630446
2011-12-29,24.313013076782227,25.016604452245044,24.078482043805817,25.016604452245044,204645
2011-12-30,23.648508071899414,24.54754219184492,23.45306527244473,24.391187607587913,159641
2012-01-02,22.436765670776367,23.687595404353786,22.006791872692745,23.687595404353786,266252
2012-01-03,22.6322078704834,23.687596588096792,22.397676852850832,22.984003535199097,601497
2012-01-04,22.554031372070312,23.72668473328204,22.397676786291143,22.788562389005914,442942
2012-01-05,22.6322078704834,23.023093474359776,22.47585500770589,22.671297809644077,326580
2012-01-06,23.14035987854004,24.00030585951279,22.31950211622972,22.5149449330083,553460
2012-01-09,26.736495971679688,28.065503988470635,24.07848166156418,24.07848166156418,1670305
2012-01-10,27.010114669799805,27.752795960101718,26.267433379497895,27.0492028866368,1159295
2012-01-11,28.300031661987305,29.238154001425617,27.04920187606956,27.088291814912488,2107938
2012-01-12,28.65182876586914,29.39451002112904,28.026413879053578,29.00362442426961,1215590
2012-01-13,30.019926071166992,30.958046714274683,28.730006309094655,28.730006309094655,1849524
2012-01-16,30.958044052124023,35.961366357204774,29.86356719017097,35.961366357204774,1142015
2012-01-17,31.036222457885742,31.622549139403805,30.44989577636768,31.348931629930586,755105
2012-01-18,30.762603759765625,32.052521719877255,30.56715924218972,31.270753990371034,978578
2012-01-19,32.326148986816406,32.638854760992885,30.684433331590462,30.879874440450763,1341362
2012-01-20,35.10142135620117,35.72683625947547,32.482497095039925,32.482497095039925,3227235
2012-01-23,35.805023193359375,37.09494147009074,34.78872248269023,36.50861466730982,1873702
2012-01-24,34.78871536254883,36.89948935239199,33.65515021271482,36.89948935239199,1314645
2012-01-25,35.805023193359375,36.743144009648866,34.5151014696947,36.743144009648866,735321
2012-01-27,37.72035217285156,37.954881488307386,35.765927422988035,36.156813062347325,953410
2012-01-30,36.743133544921875,37.99396324168415,36.58678069455967,37.52490124366521,544694
2012-01-31,38.15032196044922,38.69756046782721,36.15681247088624,37.09493661122932,753368
2012-02-01,41.43375015258789,41.824635758646025,38.1112311184253,38.189410997183025,1606273
2012-02-02,41.746456146240234,42.99728940422034,39.94838786199292,41.82463602549676,1124731
2012-02-03,43.38816833496094,43.77905391440591,40.45653510645463,42.137338617055896,1783081
2012-02-06,43.9744987487793,45.61621418680574,43.23181918643376,44.130851615182,1222258
2012-02-07,42.176429748535156,44.16994255001195,40.73015886430494,44.16994255001195,895914
2012-02-08,44.326297760009766,44.59991528618291,41.82463801869552,42.137343762893394,830604
2012-02-09,45.147151947021484,45.26441659632055,43.075466135273395,44.48264882072747,820361
2012-02-10,45.18623733520508,45.811652205920765,44.13084866370596,44.248116752597774,768864
2012-02-13,47.17974853515625,47.375189598870286,45.34259219544726,46.28071274820699,1092120
2012-02-14,48.039695739746094,48.15696038548623,47.218839772632585,47.49245727935957,575202
2012-02-15,48.704200744628906,49.09508635926744,48.078785829366865,48.508759660775986,623613
2012-02-16,49.21234893798828,49.446878228739294,47.844254514742296,48.782375124678886,707730
2012-02-17,48.43058395385742,50.73680256565375,47.96152189864019,49.56414915107707,637070
2012-02-21,48.000606536865234,49.25143629288874,47.41427987329593,48.899642362906654,455911
2012-02-22,44.13085174560547,48.938733424091915,43.62270492829491,48.469671376564854,640400
2012-02-23,44.75626754760742,45.811652785526746,40.80833375649959,43.27090505653218,1013311
2012-02-24,43.46634292602539,45.30350265898697,42.684575247079266,45.02988173084988,424816
2012-02-27,40.222007751464844,43.30999398072824,39.752945723073964,43.30999398072824,557543
2012-02-28,42.33278274536133,43.1536421768776,40.57380612795821,41.59010319293493,402919
2012-02-29,45.02988815307617,46.63251539807031,43.15364338785345,43.15364338785345,1022888
2012-03-01,44.63900375366211,46.007101732971535,43.03637991182649,45.73348075833652,469284
2012-03-02,42.41096496582031,43.15364455924759,42.41096496582031,43.11455634101104,219515
2012-03-05,39.127532958984375,41.12104582616848,39.127532958984375,40.65198377230559,157346
2012-03-06,37.1731071472168,40.847419794221004,37.1731071472168,39.127528107912845,256318
2012-03-07,37.055843353271484,37.52490191272125,35.3359516278252,37.52490191272125,165422
2012-03-09,38.34576416015625,38.69755810611528,37.251287212196196,37.681261037523214,125682
2012-03-12,38.38485336303711,39.47933033913014,38.07214417832507,39.47933033913014,207509
2012-03-13,39.01026153564453,39.7920291917575,38.46302314228581,38.892996904267406,103664
2012-03-14,38.93209457397461,39.87021529985694,38.502120707523176,39.010271013887056,141002
2012-03-15,38.46302795410156,39.63568130843879,37.915789492282016,39.63568130843879,123784
2012-03-16,37.91579055786133,39.166620378049814,36.89949003635843,38.46302903506037,146941
2012-03-19,36.743133544921875,38.111227879455804,36.27407154690294,38.111227879455804,156487
2012-03-20,36.35224914550781,36.93857580022459,35.609569635381874,36.35224914550781,55073
2012-03-21,37.56399154663086,37.68125963786062,35.96136784737023,36.74313558961767,171725
2012-03-22,35.72683334350586,38.93208747724473,35.68774513067483,37.52490147453046,125908
2012-03-23,35.10142135620117,36.74313676989593,33.96785619771664,35.257777667219216,278991
2012-03-26,34.0460319519043,35.10142065733337,33.420620508014544,35.10142065733337,130732
2012-03-27,34.12421417236328,34.788717324054886,33.45970757373888,34.12421417236328,221993
2012-03-28,33.57697296142578,34.280564274194035,32.59976069834444,33.73332582050039,156993
2012-03-29,34.31965637207031,35.218692307336035,33.381532217613284,34.24147993368771,418853
2012-03-30,36.00046157836914,36.00046157836914,34.78871984109474,34.78871984109474,39114
2012-04-02,37.798526763916016,37.798526763916016,36.86040265407815,37.75943854658384,117893
2012-04-03,39.67477035522461,39.67477035522461,38.69755805715397,38.97117901726411,133565
2012-04-04,41.629188537597656,41.629188537597656,39.87020859458934,40.886509036398344,433581
2012-04-09,40.76924514770508,41.47283644849044,39.59659183075199,41.47283644849044,87940
2012-04-10,39.401145935058594,40.61289087066042,39.2057048713804,40.30018172184297,42246
2012-04-11,38.03305435180664,39.088443066020496,37.87670148953276,39.088443066020496,58280
2012-04-12,38.8148193359375,39.088440272293155,37.95487520796047,38.65846648483847,31149
2012-04-13,38.38485336303711,39.44024212190772,38.150320612769896,38.775735535261234,37576
2012-04-16,38.50211715698242,39.088443849189595,37.915790464775256,39.04935563283796,36070
2012-04-17,39.792030334472656,40.02656305089416,38.345759612091015,38.345759612091015,68017
2012-04-18,39.83112335205078,40.65198278817205,39.440241189071756,39.79203513575288,66822
2012-04-19,41.785545349121094,41.785545349121094,38.73664743333673,40.10474181232053,122307
2012-04-20,42.91911315917969,43.62270450009752,41.43375059774635,41.59010346307639,212358
2012-04-23,41.86372756958008,45.02989056505211,41.04286807106046,44.71718136396537,383320
2012-04-24,43.19272994995117,43.46634745969515,40.26109653945979,42.21551766414318,99840
2012-04-25,42.72366714477539,43.779055842915014,42.215516903192146,42.215516903192146,70992
2012-04-26,42.801841735839844,43.036374462535015,41.43374737669217,41.43374737669217,84613
2012-04-27,41.941898345947266,42.9972870176044,40.96468610227474,42.332780485870316,75315
2012-04-30,41.003780364990234,42.60640771588564,40.57380994764726,41.74645998733378,39797
2012-05-02,41.59010314941406,42.41096258007136,39.87021130295666,39.87021130295666,61804
2012-05-03,41.003780364990234,41.78555165402519,40.69107460692262,40.73016282668107,26511
2012-05-04,39.04935836791992,40.92560322501165,38.97118192974105,39.20571124427767,112344
2012-05-07,38.46302795410156,39.28388392336459,38.15031878437644,39.04935463127018,126183
2012-05-08,38.69755935668945,39.63568347009583,38.384853616842506,39.63568347009583,111378
2012-05-09,37.87670135498047,38.50211624878686,37.720348493262016,38.463028033357254,45386
2012-05-10,36.743133544921875,38.30667238934088,36.39133618467459,37.52490124366521,73894
2012-05-11,35.961368560791016,36.743136318547585,35.257777234116844,36.743136318547585,53383
2012-05-14,35.33595275878906,35.96136763833819,35.17959645370241,35.17959645370241,36288
2012-05-15,37.094932556152344,37.094932556152344,35.21868792750296,35.21868792750296,27625
2012-05-16,36.62587356567383,37.52490601653869,36.352252595805204,37.48581779897643,38187
2012-05-17,35.375038146972656,37.72034461963233,35.179593642962864,37.0949297900519,89971
2012-05-18,35.257774353027344,35.57048005180419,34.788712357929775,35.37503899006866,34938
2012-05-21,35.648658752441406,36.86040030642837,34.905979223498676,35.17959672739717,29189
2012-05-22,35.33595275878906,36.430426212800654,35.17959645370241,35.21868811517345,15873
2012-05-23,35.29686737060547,36.50860901219395,34.86689352931939,36.50860901219395,36763
2012-05-24,34.945068359375,35.57048326027362,34.827803711756374,35.17959765461225,42974
2012-05-25,35.29686737060547,35.57048489428484,33.22517804644484,33.61606367006243,22411
2012-05-28,36.89949035644531,37.055846670524694,35.335954791113046,35.45321944147307,48966
2012-05-29,37.68125915527344,37.99396486939456,36.74313511904513,37.48581463701527,76824
2012-05-30,37.91579055786133,39.47932955656327,37.798525908518535,38.11123164009932,156123
2012-05-31,38.18941116333008,39.010267147997496,37.95487841990179,38.306675811577904,44944
2012-06-01,36.782222747802734,38.30667342067408,36.70404632051688,37.524902253950735,65386
2012-06-04,36.977664947509766,37.173109468637286,36.07863255928026,36.469518154602774,22478
2012-06-05,36.469520568847656,37.446729451445385,36.352252469635104,37.134023712032594,34784
2012-06-06,36.938575744628906,37.720346914362935,34.7887136451914,36.27407266320768,101664
2012-06-07,36.743133544921875,38.111227879455804,36.43042439726514,37.446724818484114,163014
2012-06-08,36.00046157836914,36.93858232342475,35.257781937089064,36.93858232342475,90477
2012-06-11,36.00046157836914,36.74314121964921,35.76592880690545,36.664964778139,80044
2012-06-12,36.03954315185547,37.0949318114496,35.80501387058229,35.80501387058229,174954
2012-06-13,36.35224914550781,37.01675222792917,36.0395434346895,36.508605447849405,171050
2012-06-14,36.58678436279297,37.134022840859764,36.19589875076449,36.66496079581213,56429
2012-06-15,38.38485336303711,38.38485336303711,36.78222611611998,36.78222611611998,146271
2012-06-18,38.93209457397461,40.30018916630837,38.61938536739185,40.30018916630837,240361
2012-06-19,38.580291748046875,39.479327575084106,38.34576246113238,38.50211531907538,88856
2012-06-20,38.11123275756836,38.93209222090189,37.68126236403751,38.69755946840684,49753
2012-06-21,38.50211715698242,39.088443849189595,37.52490485432625,38.22849964252099,101076
2012-06-22,38.072139739990234,38.697554589572604,37.83761046399647,38.150316165321485,73189
2012-06-25,38.26758575439453,39.24479455637766,38.15031766485598,38.54120325380872,41525
2012-06-26,38.46302795410156,38.81482189224319,37.915789492282016,38.03305413832923,49525
2012-06-27,40.02656936645508,40.37836332619652,38.65847140444003,38.65847140444003,195145
2012-06-28,40.339271545410156,41.43374843957748,40.104742259631074,40.339271545410156,145090
2012-06-29,41.47283935546875,42.05916605504301,40.76924800536617,40.847424439051714,226193
2012-07-02,41.59010314941406,42.05916518879929,40.96468824587797,41.668283028422124,111553
2012-07-03,41.785545349121094,42.84093057028813,41.27739512200163,42.020074632284334,186502
2012-07-04,42.72366714477539,42.88002000466791,41.82463475346083,42.29369333313841,349534
2012-07-05,44.16994094848633,44.83444404257399,42.84093131337851,42.91911118938809,1057129
2012-07-06,46.78886795043945,48.07878600237582,44.56082579876788,45.65530276614805,1484866
2012-07-09,46.08527755737305,47.84425769575216,45.81165658637215,46.788868923338136,549684
2012-07-10,46.94522476196289,47.29702219065135,45.30351261990476,46.476166119622285,268128
2012-07-11,47.88334274291992,49.21234895140301,45.968009860466935,47.10157499327091,805947
2012-07-12,46.67160415649414,48.274231420073875,46.43707485072125,48.039698667368214,398487
2012-07-13,45.8116569519043,47.92243451357428,45.498951207617075,47.06248682291881,352088
2012-07-16,44.95170593261719,46.476156547035586,44.75626487189648,45.96800634222945,249390
2012-07-17,44.013587951660156,45.968012613220495,43.700882211847464,45.61621520899846,234026
2012-07-18,43.857234954833984,44.36538522749181,42.64549332270099,43.77905852010705,196552
2012-07-19,43.622703552246094,44.56082417077513,43.03637687306573,44.326294877876016,185050
2012-07-20,44.36538314819336,45.225327336818886,42.99728871072578,43.77905646828832,119733
2012-07-23,43.15364074707031,44.05267658095611,42.99728788793627,43.77905563053901,129460
2012-07-24,44.63900375366211,46.007101732971535,42.997291693583314,43.62270663240686,363567
2012-07-25,46.749778747558594,47.648811164488926,44.990798682852144,44.990798682852144,1302396
2012-07-26,45.65530014038086,48.11787145189034,44.7953559708587,46.78886525947768,635887
2012-07-27,46.1634521484375,47.218840878685235,45.65530189139479,46.43707310850633,624630
2012-07-30,46.78886795043945,47.21884178339581,44.795358547168036,46.47616221514952,176736
2012-07-31,46.20254135131836,47.531547623085025,45.7334793004205,46.710691619213314,889288
2012-08-01,47.96152114868164,48.39149497981846,46.55433845196637,46.63251488545803,1011289
2012-08-02,49.87685012817383,50.22864749773372,48.07878196061393,48.39149111654854,670039
2012-08-03,48.039695739746094,50.03320505812607,47.64881014034641,49.09508444527243,504094
2012-08-06,47.02339553833008,48.8605554539414,46.28071599714773,48.46966985214052,984376
2012-08-07,46.1634521484375,47.68790291956563,45.694390107557105,47.68790291956563,329282
2012-08-08,47.17974853515625,48.078780875173166,45.381680408190064,46.515245471596174,492364
2012-08-09,46.94522476196289,47.68790783953485,46.20254513132393,47.609727952211756,213106
2012-08-10,47.140663146972656,47.45336886765172,46.20253909107037,46.67160111902152,136014
2012-08-13,47.687904357910156,48.23514284762078,46.397982844849786,46.82795668253657,109103
2012-08-14,47.687904357910156,48.31331928230333,46.7888684651953,47.76608079259271,219574
2012-08-16,47.84425354003906,49.21234793541365,47.14066223518734,47.57063259280466,377734
2012-08-17,46.984310150146484,48.62602207280759,46.78886562835728,47.72698968153437,267611
2012-08-21,46.710693359375,47.414284738467046,46.007101980282954,47.29702008310718,173653
2012-08-22,46.86704635620117,48.00061158818753,46.20254319381828,46.43707595208644,129746
2012-08-23,46.94522476196289,47.3361104108464,46.67160722059754,46.90613654176784,144962
2012-08-24,46.319801330566406,46.906127973319556,45.928919200019216,46.906127973319556,100472
2012-08-27,43.9744987487793,46.515250062486665,42.68458070709161,46.1634526661479,277494
2012-08-28,42.0982551574707,44.482650222768996,41.35557557490225,43.974499946190754,260508
2012-08-29,41.003780364990234,42.098257412092806,39.90930331788766,41.86372809354209,129869
2012-08-30,37.1731071472168,40.65197873223109,36.58678051431475,40.65197873223109,438900
2012-08-31,39.59659194946289,40.417447895018,36.82131150517161,37.48581459384622,410467
2012-09-03,37.91579055786133,40.30018554889551,37.603084826280536,39.870211721039254,160230
2012-09-04,38.89299774169922,39.47932435814158,36.664955909831804,37.954873776618555,258220
2012-09-05,38.30667495727539,39.08844270842548,37.83761292781231,39.010266278003726,141071
2012-09-06,37.603084564208984,38.306675902294806,37.29037538787493,37.87670207743522,163281
2012-09-07,37.87670135498047,38.93209006544519,37.75943670869163,38.463028033357254,105055
2012-09-10,40.651981353759766,41.042863502946446,37.134021329484426,37.329462404077766,291930
2012-09-11,39.5575065612793,41.74645705478504,39.40115024629604,41.27739845063341,80672
2012-09-12,39.870208740234375,40.57380347755383,37.72034665554797,39.870208740234375,170801
2012-09-13,39.20570373535156,40.18291591929141,39.08843910054252,39.283880158557594,50744
2012-09-14,39.401145935058594,40.26109350910733,38.932087382230925,39.94838436028988,192269
2012-09-17,40.378360748291016,40.65198170199815,39.67476942679526,40.534717056237625,97984
2012-09-18,40.06565475463867,40.651981426398905,39.79203380278654,40.57380499642188,182757
2012-09-20,39.04935836791992,39.87021441573102,38.73665261520442,39.28388768245655,107428
2012-09-21,41.374855041503906,42.4152295962951,39.73426494026908,39.73426494026908,223527
2012-09-24,43.89575958251953,45.456321412988075,41.494900927971706,41.494900927971706,385269
2012-09-25,43.255531311035156,44.25589176278137,41.93505777302354,44.25589176278137,199605
2012-09-26,44.81609344482422,45.53635142156275,42.53527357799936,43.21551741872928,297494
2012-09-27,45.736419677734375,47.0568966817883,45.25625007107829,45.61637727607035,324793
2012-09-28,46.01652145385742,46.896835914783026,44.495973803152786,45.616376592391326,216621
2012-10-01,44.4959716796875,46.01651925782759,44.21587276003652,46.01651925782759,244934
2012-10-03,45.61637878417969,46.33663674655928,44.095834588998706,45.21623743207067,231375
2012-10-04,45.89647674560547,47.13692187232005,45.29626124788606,45.6563884293679,293175
2012-10-05,44.13584518432617,46.41666482274951,43.775714467728726,46.256604766160045,179516
2012-10-08,42.575286865234375,44.73606428095649,42.015085443698396,44.576007740112885,177666
2012-10-09,43.2955436706543,44.656034817219464,42.97543059752126,43.45560373580407,175352
2012-10-10,42.135128021240234,43.33555551051918,41.85502556849479,43.05545658635681,105919
2012-10-11,42.535274505615234,43.37557843728851,42.01508719757547,42.01508719757547,110930
2012-10-12,42.85538864135742,43.45560418831528,42.055098893024756,42.25517309439957,162293
2012-10-15,42.73534393310547,43.17550295443694,42.49525911887925,42.81537573309761,48648
2012-10-16,41.81501007080078,43.21551170303864,41.69496767865176,42.73533860585959,109942
2012-10-17,41.61494064331055,42.49525507358952,41.45488058714641,42.01508196226323,47995
2012-10-18,42.65531921386719,42.895404028226174,41.25481387768959,42.77536162104668,155550
2012-10-19,42.41522979736328,44.09583404108899,42.13513085436732,42.85538880779739,152611
2012-10-22,42.21515655517578,43.01544272933915,42.095114158338745,42.41522721657085,50297
2012-10-23,42.21515655517578,42.65531553882803,41.294824455592284,42.615297877965915,111772
2012-10-25,41.81501007080078,42.81537039587523,40.09439186424923,40.09439186424923,69090
2012-10-29,41.25481414794922,41.97507212432796,40.494542035581844,40.494542035581844,98118
2012-10-30,39.7342643737793,41.45488271953139,39.61422197191867,40.89468131559854,73557
2012-10-31,40.01436996459961,40.45452900104209,39.41415437984478,39.61422506523522,51555
2012-11-01,40.73462677001953,41.53491654535789,39.694252179229714,39.694252179229714,81890
2012-11-02,41.3348388671875,42.65531582706722,40.89467988056093,41.21479646953929,115325
2012-11-05,42.21515655517578,42.41522721657085,40.89467960421906,41.855025836081566,119262
2012-11-06,42.815372467041016,43.775715179272126,41.97506862418278,42.2951852139819,291130
2012-11-07,41.374855041503906,42.85538860464264,41.21479850340781,42.85538860464264,90479
2012-11-08,41.895042419433594,42.13513075573716,40.57456891980555,41.41486927540977,96832
2012-11-09,39.53419494628906,42.375216189179866,38.973993524753084,41.45488402216242,182627
2012-11-12,39.05401611328125,40.25444705212663,38.653874819388015,40.25444705212663,195582
2012-11-15,38.29375076293945,39.57421018247817,38.09368008131886,38.93398047270881,91376
2012-11-16,38.13369369506836,39.49418136861153,38.013651287741034,38.13369369506836,118127
2012-11-19,38.77392578125,39.214084830443404,37.41343802401615,38.57385509006373,287000
2012-11-20,38.09367752075195,39.254094453317826,37.813575056727494,39.174066186048904,137653
2012-11-21,37.29338836669922,38.13369224316352,36.893247024176475,38.13369224316352,80011
2012-11-22,37.333404541015625,37.77356000024122,37.21335861446188,37.693531734927475,39006
2012-11-23,36.933258056640625,38.01364664788365,36.69317327129016,37.57348767949149,66768
2012-11-26,36.05295181274414,37.17335126001393,35.5727786047235,36.81322400043628,100408
2012-11-27,36.653160095214844,37.613502790216636,36.0129269271029,36.0129269271029,132192
2012-11-29,36.4130744934082,37.29338899026075,36.052947279116246,36.693176966440824,131097
2012-11-30,37.333404541015625,39.214079361638,36.653160757265674,37.09331621649127,302965
2012-12-03,37.533477783203125,38.333764019910895,37.333407106172025,37.813576731046666,73357
2012-12-04,41.57492446899414,43.055454333552284,37.33340199638444,37.6135009058911,2304544
2012-12-05,41.61494064331055,43.535629560032625,41.01472513629846,42.01508196226323,713489
2012-12-06,40.73462677001953,42.255174520295675,39.93434052326459,42.255174520295675,301362
2012-12-07,40.494537353515625,41.77499661426912,39.21407809276213,40.09439251131153,189399
2012-12-10,40.694610595703125,42.21515826981449,40.49453992618186,40.97471306161614,257389
2012-12-11,39.93434143066406,41.5749316259439,39.694253081173834,40.81465596923892,195262
2012-12-12,39.37413787841797,40.69461137986975,39.214081339716735,40.4545265718179,165334
2012-12-13,38.77392578125,39.7342686275277,38.4137950085311,39.45416965986692,184151
2012-12-14,39.013999938964844,39.694243631511064,38.413784501002574,38.93397168438089,110495
2012-12-17,37.25337600708008,39.37413933781016,36.97327705397113,38.653881358375145,247492
2012-12-18,38.29375076293945,38.93398047270881,36.49310404260374,37.1333337523731,462115
2012-12-19,38.893959045410156,39.53418863516351,38.69388840129435,39.09403321810875,351852
2012-12-20,40.01436996459961,41.01473044871883,39.21408369445434,39.57421092815713,511758
2012-12-21,38.25373458862305,41.134769893387876,37.81357558392404,40.694610888688864,832243
2012-12-24,38.61386489868164,38.973992102437286,37.97363523008838,38.41379070134528,130567
2012-12-26,40.89468002319336,41.61494146876101,38.65387800686185,38.65387800686185,947521
2012-12-27,40.33448028564453,41.89504211005188,40.01436721104812,41.85502797572733,392498
2012-12-28,39.69424819946289,41.01472513780442,39.21407861670203,40.57456615835724,202329
2012-12-31,39.254093170166016,40.17442174225786,39.134050773186615,39.854308683646124,93235
2013-01-01,40.09439468383789,40.49453954772395,39.37413675170954,39.89432401618646,170371
2013-01-02,40.294464111328125,41.614941062936246,40.054379317535606,40.7346230951975,320871
2013-01-03,40.73462677001953,41.13477165768871,40.05438293099032,40.49454195456807,253142
2013-01-04,40.09439468383789,41.13476921279173,39.854309882656175,40.894680883026815,149250
2013-01-07,41.094757080078125,41.53491609892488,40.09439663594914,40.214439042384605,401235
2013-01-08,42.85538864135742,43.655674861106796,41.4949010092085,41.975070623908145,1084886
2013-01-09,43.855743408203125,45.416305166086175,42.49525584199726,42.8553865641497,1139879
2013-01-10,43.09547424316406,44.736064376048375,42.49525868514135,44.41594776509736,251857
2013-01-11,40.97471618652344,43.535635066035276,40.81465611011632,43.37557851821166,244344
2013-01-14,41.01472854614258,41.93505718483024,40.254452919759274,41.45488403358377,155356
2013-01-15,41.25481414794922,42.73534423669533,41.05474346800607,41.05474346800607,168488
2013-01-16,40.1344108581543,41.694972730937735,40.014368451459426,41.17478544000992,232823
2013-01-17,40.33448028564453,41.054741760653016,40.09439547969722,40.25445201699543,127668
2013-01-18,39.77428436279297,40.89468370760981,39.65424195391082,40.574570617257415,109650
2013-01-21,39.85430908203125,40.33447867474865,39.654238418399,40.294464542022205,94208
2013-01-22,39.414146423339844,40.65459147951985,39.05401573375286,40.45452083451753,189659
2013-01-23,38.893959045410156,39.774276936685254,38.81393078776384,39.57420276398667,142160
2013-01-24,37.73354721069336,39.174066623364794,37.09331753681158,39.13405248928364,98581
2013-01-25,37.9736328125,39.57420511779123,36.97327247525573,37.733544496698215,126917
2013-01-28,37.7735595703125,39.09403651870934,37.61350304150673,39.09403651870934,86385
2013-01-29,37.21335983276367,38.373776774969286,37.13333156482994,37.61350470101558,87868
2013-01-30,36.97327423095703,37.933620482600865,36.813217698544115,37.37341909057249,81179
2013-01-31,36.81321716308594,37.37341854696603,36.733185369460394,36.97327369317079,51866
2013-02-01,36.693172454833984,37.53347271344613,36.533112406245515,37.21335614485209,117108
2013-02-04,35.652801513671875,37.53347639390112,35.41271318153806,37.173345659992016,90896
2013-02-05,35.17262649536133,35.812856132477606,34.572410990028374,35.6527996053443,56950
2013-02-06,36.4130744934082,37.09331831565411,35.61278826639831,35.61278826639831,146924
2013-02-07,35.292667388916016,36.69317252748645,35.21263912875477,36.0129252589501,68654
2013-02-08,33.572052001953125,35.21264205745834,33.13189653445771,35.21264205745834,217756
2013-02-11,32.77176284790039,34.17226444799029,32.53167806911339,34.01220792879896,70317
2013-02-12,32.331607818603516,33.53203891551103,32.05150887599731,33.051869299614665,89440
2013-02-13,30.330890655517578,33.45201081776851,29.2104895864713,32.21156557984079,413559
2013-02-14,29.650644302368164,30.61099051424838,29.210487092165987,30.01077148538598,162508
2013-02-15,30.290874481201172,30.49094514204692,29.130457591129638,29.69065897008083,123082
2013-02-18,32.6117057800293,32.931818813026176,30.570971080342918,30.570971080342918,195670
2013-02-19,34.05222702026367,34.412357769500815,32.011495517475566,32.81178175862285,191933
2013-02-20,33.41199493408203,34.53239770877677,32.971835945041285,34.41235531047015,81182
2013-02-21,32.21156311035156,33.371979989589775,31.971478319578026,32.41163376932951,188116
2013-02-22,30.731037139892578,32.731754573438266,30.490948789573654,32.21156726442801,161841
2013-02-25,30.4509334564209,31.61135043972472,30.130820373348598,31.051149015764828,75399
2013-02-26,28.650287628173828,30.410918350331194,28.17011449030897,30.410918350331194,216837
2013-02-27,30.13081932067871,30.771048993039198,28.570257509471947,29.210488946124055,262202
2013-02-28,26.729595184326172,30.73103304708296,25.969323154834786,30.050789280845084,342481
2013-03-01,26.729595184326172,27.289796555683782,26.209409708886835,26.889651710833196,270795
2013-03-04,26.049352645874023,26.929668876029194,25.689223679967725,26.649568177148385,90473
2013-03-05,26.929668426513672,27.36982565209826,26.36946703810305,27.36982565209826,96064
2013-03-06,27.609914779663086,28.210130356705584,27.209771649732,27.209771649732,236907
2013-03-07,28.050071716308594,28.970400317153366,27.049711319727436,27.609912718382898,520363
2013-03-08,27.769969940185547,28.93038506178575,27.44985335540231,28.17011302472729,241421
2013-03-11,28.57025909423828,29.13046052970048,28.170115967890307,28.25014424030156,200945
2013-03-12,28.530242919921875,29.010416048670766,28.370184622241716,28.570257053269017,113151
2013-03-13,26.929668426513672,28.730314990279997,26.68958186515318,28.530242561764325,199223
2013-03-14,29.370546340942383,29.930745997420843,26.809625812320586,26.809625812320586,531940
2013-03-15,30.370901107788086,31.09115897657596,28.810341215886723,28.810341215886723,619720
2013-03-18,30.13081932067871,30.610992457094888,29.610632050276454,29.610632050276454,144627
2013-03-19,28.170114517211914,30.651006712827492,27.849999679760167,30.010773509340737,322372
2013-03-20,28.090085983276367,29.210488785907746,27.930027683918336,28.490229085234024,314673
2013-03-21,27.489871978759766,28.570258943486106,26.929670546253494,28.050073411266034,202507
2013-03-22,27.289798736572266,27.85000015269887,26.72959732044566,27.489871174986526,61406
2013-03-25,27.12973976135254,28.73031383207951,26.849637314147383,27.409838679974698,469097
2013-03-26,27.890012741088867,28.650286553474366,25.80926549554465,27.529883783344815,500662
2013-03-28,28.810344696044922,29.450574382146847,27.32981288532485,29.450574382146847,78139
2013-04-01,30.17083168029785,30.410916470094772,28.850356514957213,30.290874075196314,80483
2013-04-02,32.09151840209961,32.41163143339349,30.410914402058353,30.49094265988182,273165
2013-04-03,31.85143280029297,33.29195214898571,31.411277344949134,32.61170837123487,266219
2013-04-04,30.05078887939453,31.331248131511032,29.81070056425832,31.251219869326626,141945
2013-04-05,29.370546340942383,30.971120568648708,29.250503935473784,30.93110643349251,59334
2013-04-08,29.93074607849121,30.330890959720378,29.370546420495394,29.370546420495394,58475
2013-04-09,28.93038558959961,30.610991515352655,28.45021423224745,30.250860791974077,90117
2013-04-10,29.85071563720703,30.21084635698278,28.410199815270236,28.930385300173388,147183
2013-04-11,30.25086212158203,30.731035264330682,29.21048933134882,29.610632440778264,181064
2013-04-12,29.730674743652344,30.210847884775138,29.490588173090945,29.490588173090945,52924
2013-04-15,29.650644302368164,30.8110611714805,29.41055774939811,30.8110611714805,18080
2013-04-16,29.21048927307129,30.09080552349307,28.01005641859464,30.09080552349307,301109
2013-04-17,29.290515899658203,29.930745581851554,29.050431092054435,29.37054593315111,299179
2013-04-18,29.650644302368164,30.290873934093966,29.13045706498163,29.690658433814587,110066
2013-04-22,30.05078887939453,30.410916059224366,29.650644039889503,29.650644039889503,62099
2013-04-23,29.650644302368164,30.410916328433238,29.210487092165987,30.330888065540393,57041
2013-04-25,29.530601501464844,30.250861193490362,29.010416004453273,29.650645665614896,100686
2013-04-26,28.6903018951416,29.530602243858986,28.53024359368156,29.170473270938444,34584
2013-04-29,28.6903018951416,29.410559840982685,28.49022945938946,29.410559840982685,22027
2013-04-30,28.93038558959961,29.17047215042147,28.4102000994924,28.45021423224745,42503
2013-05-02,28.850357055664062,29.490586702371253,28.4101998351622,28.4101998351622,50033
2013-05-03,29.410560607910156,29.610633048879503,28.570258472988908,28.850359184629323,126511
2013-05-06,30.010774612426758,30.73103611067771,29.810703934347817,30.41091949716802,125931
2013-05-07,29.85071563720703,30.61099120911327,29.57061671072386,30.330888754046995,76507
2013-05-08,30.290874481201172,30.61099106713746,29.81070136658828,29.81070136658828,61499
2013-05-09,29.69066047668457,30.651006754641543,29.53060217559453,30.651006754641543,37755
2013-05-10,29.69066047668457,30.170833615663057,29.450573907195327,29.89073114768258,40085
2013-05-13,29.530601501464844,29.93074459861796,29.45057323489254,29.690659798901045,38128
2013-05-14,29.290515899658203,30.17083391803862,28.970401058561528,29.610632505046528,44885
2013-05-15,29.69066047668457,30.21084774986266,29.33053150459652,29.33053150459652,48212
2013-05-16,29.57061767578125,30.01077314604815,29.330531109525875,29.810702477745014,70854
2013-05-17,29.890731811523438,30.170834285724688,29.49058869634904,29.6506470009938,101614
2013-05-20,31.371265411376953,32.57169652179784,29.81070355639646,29.81070355639646,277679
2013-05-21,30.691020965576172,32.01149445463107,30.57097503409396,31.211208240054855,61965
2013-05-22,29.85071563720703,31.051146665015395,29.410558417013355,30.811061870886963,76254
2013-05-23,28.6903018951416,29.930745351071632,28.45021532509736,29.770688813903227,84683
2013-05-24,29.610633850097656,29.850718668607183,29.010418275240383,29.010418275240383,42313
2013-05-27,30.13081932067871,30.410918258581255,29.450573750040522,29.450573750040522,22801
2013-05-28,30.010774612426758,30.41091949716802,29.61063325626888,29.810703934347817,37022
2013-05-29,28.610271453857422,30.410918057047745,28.17011421863587,30.410918057047745,56172
2013-05-30,28.57025909423828,29.010418121083603,28.450216685621406,28.77033153955813,97302
2013-05-31,27.769969940185547,28.730314401660646,27.60991164779393,28.25014128877733,30539
2013-06-03,27.849998474121094,28.65028641525145,27.409839488997356,27.409839488997356,57308
2013-06-04,27.369827270507812,28.410201843157967,27.209770729664204,27.249784864875107,43297
2013-06-05,27.489871978759766,28.81034552374475,27.049712954236963,27.209771262506628,44501
2013-06-06,27.24978256225586,27.5698973811849,27.12974016676679,27.32981082591524,21141
2013-06-07,26.12938117980957,27.609912956362646,25.689223942381606,27.24978398677765,106913
2013-06-10,25.048994064331055,26.409481663600264,24.888935765674415,25.849280264739434,97823
2013-06-11,23.808549880981445,26.129382078271014,23.008261882158884,26.129382078271014,422904
2013-06-12,22.728160858154297,24.408763338985402,22.328015982101267,24.128664395756598,184886
2013-06-13,24.048633575439453,24.408762540675525,22.20797285152922,22.408045283012193,159346
2013-06-14,24.168678283691406,24.768893827349856,23.648491008709648,24.728879693011514,120380
2013-06-17,24.328733444213867,24.768892425609113,24.00861862333166,24.768892425609113,53227
2013-06-18,24.648847579956055,24.80890586809394,23.92858969406428,24.208690375086967,37132
2013-06-19,25.129024505615234,25.889296638209238,24.08864988506543,24.648851332393516,92998
2013-06-20,23.928590774536133,25.209050080291153,23.60847594809738,24.968963519389195,79216
2013-06-21,23.768537521362305,24.40876549824157,23.60847920392363,23.728521618783777,68073
2013-06-24,23.20833396911621,24.088648460821062,23.20833396911621,23.968606056759032,80251
2013-06-25,23.808549880981445,24.528807844917573,23.008261882158884,23.288362593532195,64161
2013-06-26,23.488431930541992,24.168677484679993,23.208332999433587,23.80854852324904,48683
2013-06-27,22.648130416870117,24.008617924972977,22.167957317368234,23.648488982492307,220373
2013-06-28,22.88821792602539,23.368391082667834,22.44806066934623,23.208334539981486,121459
2013-07-01,24.688865661621094,25.209051174480294,22.968247292147776,23.968605947652623,61797
2013-07-02,23.928590774536133,25.04899354921756,23.60847594809738,24.40876213204848,49424
2013-07-03,23.44841766357422,23.968604918387058,23.20833286685282,23.968604918387058,29974
2013-07-04,23.888578414916992,25.889295787591205,23.20833457877943,23.20833457877943,51604
2013-07-05,23.928590774536133,24.328733866511683,23.808548376230938,23.808548376230938,29924
2013-07-08,23.368389129638672,24.168677069060898,23.248346732656533,23.488431526620808,21389
2013-07-09,23.488431930541992,23.688504359911,23.328375398480045,23.688504359911,7151
2013-07-10,24.048633575439453,24.328734273798975,23.368389778405582,23.48843217872041,33547
2013-07-11,24.00861930847168,24.72887899922953,23.888576908824497,24.328734138489082,36094
2013-07-12,24.328733444213867,24.648848265096074,24.00861862333166,24.00861862333166,51867
2013-07-15,24.24870491027832,24.80890628166234,24.048632487843594,24.56881972759897,106077
2013-07-16,24.00861930847168,24.248705872057627,23.928591042040225,24.248705872057627,54401
2013-07-17,24.00861930847168,24.168677605626176,23.808548642393042,24.08864757490313,77060
2013-07-18,24.408761978149414,24.6088344050215,23.888576491148473,24.008618888696795,385474
2013-07-19,24.00861930847168,24.488792435643578,23.688504478454274,24.488792435643578,27568
2013-07-22,24.08864974975586,24.928951916027888,24.008621476099023,24.008621476099023,34098
2013-07-23,25.36910629272461,28.690300442285753,23.848560445165933,24.328733560938797,490163
2013-07-24,25.20905113220215,26.72959706230773,24.84892215796771,24.84892215796771,139047
2013-07-25,24.808908462524414,25.569180558884433,24.40876358247966,25.209051578277496,400756
2013-07-26,23.808549880981445,25.12902340296157,23.24834845823482,24.928950962183013,76387
2013-07-29,24.128662109375,28.570255345495983,23.808547297440978,24.80890586419836,1782286
2013-07-30,24.08864974975586,24.568822920280375,24.008621476099023,24.48879464662354,97160
2013-07-31,24.00861930847168,24.208691738841903,23.448417914868322,24.00861930847168,125969
2013-08-01,23.808549880981445,25.089009267664196,23.608477440202886,23.928592286873574,217336
2013-08-02,24.168678283691406,25.129022800686602,23.608476874371302,23.728519277386336,537653
2013-08-05,23.808549880981445,24.56882198021495,23.808549880981445,24.328735404139014,72368
2013-08-06,22.44805908203125,24.12866324715164,19.166880781766377,23.60847599162034,472524
2013-08-07,23.04827308654785,23.608474438057083,22.00789864394743,22.768172410793234,41257
2013-08-08,23.168317794799805,23.448418498574082,22.808188822601917,23.128303660588,56249
2013-08-12,23.808549880981445,24.16867886294951,23.288362593532195,23.288362593532195,63511
2013-08-13,23.568462371826172,24.24870617353396,23.368389938968512,24.24870617353396,176713
2013-08-14,24.528806686401367,25.609193581277978,23.648490458562133,23.648490458562133,357285
2013-08-16,24.00861930847168,24.488792435643578,23.4084037816526,24.248705872057627,373109
2013-08-19,23.00826072692871,24.00861935201078,22.808188296195663,24.00861935201078,124373
2013-08-20,23.088289260864258,23.208333426410817,22.568101993509593,23.088289260864258,41335
2013-08-21,22.12794303894043,23.528444668616633,21.807828229503745,23.008259205964187,51387
2013-08-22,24.168678283691406,24.40876308972148,21.647771941750932,21.647771941750932,138395
2013-08-23,24.328733444213867,24.568820000948406,23.568461406227954,24.088646887479328,302583
2013-08-26,24.328733444213867,24.728878293535278,24.00861862333166,24.00861862333166,31655
2013-08-27,23.728519439697266,24.448777391297554,23.40840459850918,24.128664314401117,90014
2013-08-28,24.00861930847168,24.168677605626176,23.20833311557396,23.648490345238546,62610
2013-08-29,24.408761978149414,24.568820272505395,23.36838923985598,24.368747845633308,148621
2013-08-30,24.048633575439453,24.72887913676492,23.84856114395648,24.00861944200118,142990
2013-09-02,24.408761978149414,24.688864434345273,24.008618888696795,24.008618888696795,48499
2013-09-03,24.168678283691406,25.129022800686602,24.00861998204639,24.208692418029752,110615
2013-09-04,24.048633575439453,25.289080533483965,23.808548774809804,24.168677740045876,252119
2013-09-05,24.048633575439453,24.568820838720224,23.808548774809804,24.408762540675525,125861
2013-09-06,24.848920822143555,25.089007380157195,24.088647015815617,24.368747706116274,77503
2013-09-10,26.00933837890625,26.60955390710088,24.80890732251699,24.80890732251699,119904
2013-09-11,25.76925277709961,26.40948246251047,25.609194473601068,26.009339350201596,51515
2013-09-12,25.96932601928711,27.049712985252224,25.72923943875318,25.809267710833918,96684
2013-09-13,26.369470596313477,26.649571328314668,25.969327449579694,25.969327449579694,61164
2013-09-16,26.80962562561035,27.930028459347795,26.24942597303329,26.24942597303329,263959
2013-09-17,26.449495315551758,26.889652541332037,25.84927979402947,25.84927979402947,34981
2013-09-18,26.529521942138672,27.049709165795743,26.24942302940644,26.409479550967717,44640
2013-09-19,26.849637985229492,27.249782836131114,26.649567324070226,26.889652117461345,89735
2013-09-20,26.56437873840332,28.056292511056267,26.191400295240083,27.724755914106513,58656
2013-09-23,26.357168197631836,27.558989070388836,26.14995713525382,26.14995713525382,43593
2013-09-24,26.52293586730957,27.020241691399455,26.274282955264628,26.315726629973746,74788
2013-09-25,26.357168197631836,26.730146648118712,25.776978684766945,26.605821107037066,64104
2013-09-26,26.025630950927734,26.68870414145867,25.81841989367111,26.68870414145867,17279
2013-09-27,26.1914005279541,26.730146360758095,26.025631314385397,26.025631314385397,40419
2013-09-30,25.65265464782715,26.481495291454358,25.528327272213637,25.818422045655772,26643
2013-10-01,26.025630950927734,26.97879889072119,25.113904857137225,25.694094355662266,155525
2013-10-03,26.27428436279297,26.771590213523808,25.776980339304178,26.108516964044053,73121
2013-10-04,26.108516693115234,26.52293701292912,25.694096373301353,26.108516693115234,272559
2013-10-07,26.27428436279297,26.937359439514772,25.859864038678634,26.52293728815839,152761
2013-10-08,25.85986328125,26.39861096588829,25.445442969273927,26.274283593226073,172514
2013-10-09,26.52293586730957,26.81303062682168,25.611211568548036,25.694095263482367,74622
2013-10-10,27.061683654785156,27.186011024961157,26.025631981942254,26.481494133275703,189796
2013-10-11,27.020240783691406,27.476102917758105,26.64726234177467,27.351777379533157,495249
2013-10-14,27.227453231811523,27.517547996393404,26.564380006264933,26.688705550839174,39539
2013-10-15,26.52293586730957,27.351778298378726,26.398610324908077,27.1445690610429,28435
2013-10-17,27.517547607421875,27.97340975832562,25.69409534932299,26.52293595591924,601134
2013-10-18,28.76081085205078,29.258114859335212,27.103125955124046,27.641873637987334,659076
2013-10-21,31.040122985839844,31.537428812544768,28.802250420151598,28.802250420151598,861452
2013-10-22,32.324832916259766,33.153673567746075,30.79147350835335,31.164453811488453,911384
2013-10-23,31.495986938476562,33.07078811264235,30.750030026285994,32.076176460065646,217703
2013-10-24,30.21128273010254,32.07617686113914,30.04551533742834,31.205894395115646,123323
2013-10-25,29.09234619140625,30.998680267592718,28.719367745473203,30.294167049489772,73036
2013-10-28,29.755420684814453,29.9626299264358,28.968020084927364,29.38244039541205,69511
2013-10-29,30.004072189331055,30.086957714366825,29.13378970801259,29.838304793743543,36174
2013-10-30,30.25272560119629,30.667145899105737,29.838303476044903,29.838303476044903,40212
2013-10-31,30.708587646484375,30.91579688114548,29.87974522611418,29.87974522611418,39687
2013-11-01,32.11761474609375,32.73924604639858,30.750026616319833,30.99867767464836,108121
2013-11-05,32.324832916259766,32.9050188141613,31.578872309989556,31.95185261312466,70146
2013-11-06,31.495986938476562,32.65636598165474,31.371661395525454,32.03473461241528,62496
2013-11-07,30.667144775390625,31.91040745080489,30.252724492666495,31.537427186387117,81576
2013-11-08,30.21128273010254,31.33021993962129,29.755420573006518,30.70858856260909,43634
2013-11-11,30.294166564941406,31.495985576560194,29.962628143590567,31.495985576560194,31294
2013-11-12,30.25272560119629,30.625704052038987,29.879745323111656,30.335607468087858,87467
2013-11-13,30.25272560119629,30.625704052038987,29.796861628978153,29.838303476044903,33173
2013-11-14,30.791471481323242,31.661753925368195,30.33560750849785,30.4184930299837,106493
2013-11-18,30.87435531616211,31.16445190182071,30.252725779260064,30.66714607960874,63583
2013-11-19,30.625703811645508,31.495986247699964,30.377050903954842,31.454544400958504,21707
2013-11-20,30.45993423461914,30.83291267809151,30.29416684962782,30.66714529310019,28201
2013-11-21,29.713979721069336,30.75003144174509,29.58965234515334,30.418494818039168,77239
2013-11-22,29.299556732177734,30.41849394717704,28.88513642122043,30.252726553690916,85257
2013-11-25,29.879745483398438,30.584260541796382,29.42388333597681,30.128398394374756,55269
2013-11-26,29.548208236694336,30.128397740635894,29.175229791943877,29.838302988665113,71625
2013-11-27,28.553598403930664,30.874354589392315,27.973408900754773,29.71397741028244,339738
2013-11-28,29.34099769592285,30.16984012008998,28.553598946119724,29.009461091704384,76608
2013-11-29,30.95724105834961,31.66175616371281,28.7608120421566,28.7608120421566,383719
2013-12-02,30.87435531616211,31.57887037492744,30.584260557745452,31.45454483299542,106757
2013-12-03,31.28877830505371,32.65636661291995,30.832914317603635,30.832914317603635,144874
2013-12-04,32.94645690917969,33.816742965815735,31.123008414620838,31.495985020764547,442839
2013-12-05,33.23655319213867,33.89962636292167,32.573480021355664,33.81674267338426,252020
2013-12-06,34.10683822631836,34.72846960044116,33.23655576434001,33.31943946029186,398357
2013-12-09,32.490596771240234,34.81135472760988,32.324829389923465,34.47981631049263,129346
2013-12-10,31.827526092529297,32.69780856731375,31.45454580077367,32.24194457838666,127026
2013-12-11,32.36627197265625,32.82213228166327,31.951849855438795,32.324830126382885,80050
2013-12-12,32.283382415771484,32.656362661184424,31.993289511715293,31.993289511715293,62060
2013-12-13,32.324832916259766,33.36088281699663,31.86896891342444,31.99329446297477,127209
2013-12-16,32.241943359375,32.65636548404778,32.03473412428054,32.65636548404778,29508
2013-12-17,32.407711029052734,33.81674480339025,32.32483098877864,32.407711029052734,273182
2013-12-18,32.1590576171875,32.73924709298468,31.910406550910267,32.73924709298468,50943
2013-12-19,32.324832916259766,33.27799911729641,31.703201514024,32.65636771506065,309944
2013-12-20,34.85279846191406,35.22577509009163,32.241943792251526,32.32483114188601,966807
2013-12-23,37.214996337890625,38.872681275656,34.479819662337626,34.479819662337626,933799
2013-12-24,37.96095657348633,38.70691350930146,37.132112285261485,37.38076703352255,457467
2013-12-26,36.84201431274414,38.375369823999144,36.55191775512505,38.16816060747375,255457
2013-12-27,36.1789436340332,37.29787713410381,35.805963364353815,36.883458672775355,114794
2013-12-30,36.0960578918457,37.2149950961397,35.8888486519705,36.67624741798022,77597
2013-12-31,34.68703079223633,36.6348087812486,34.39693783098279,35.97173550104196,181158
2014-01-01,35.0185661315918,35.59875565675843,34.43837660642516,35.142891675309514,123384
2014-01-02,33.69241714477539,36.26182613880447,33.153669508207415,35.47442377909853,258442
2014-01-03,33.27799987792969,33.982514995968735,33.07079062394297,33.982514995968735,81421
2014-01-06,33.85818862915039,34.18972342755439,33.277999077459285,34.10683972795339,50454
2014-01-07,33.56808853149414,35.432986196309976,31.827523712104494,34.231165368241484,74310
2014-01-08,34.438377380371094,35.225776162762756,33.52664939698368,33.52664939698368,778352
2014-01-09,32.9050178527832,34.72847015636501,32.49059936639007,34.72847015636501,108645
2014-01-10,32.283382415771484,33.52664502783655,32.03473135515189,32.82213003493082,110940
2014-01-13,32.034732818603516,32.697805998364004,31.91040728261412,32.697805998364004,77822
2014-01-14,31.413105010986328,32.573484119466244,31.08156655664173,32.159061965156525,87114
2014-01-15,31.620311737060547,32.07617570496713,31.49598619703616,31.620311737060547,42684
2014-01-16,31.786083221435547,32.69780751547701,31.49598663618334,31.62031217794119,73646
2014-01-17,30.87435531616211,32.07617619713941,30.66714607960874,31.495986680306096,57042
2014-01-20,30.45993423461914,31.164451102557944,30.29416684962782,30.66714529310019,41937
2014-01-21,29.962627410888672,30.832911634358577,29.67253449697387,30.832911634358577,60282
2014-01-22,30.086956024169922,30.335607103582703,29.755419424377635,30.12839787073872,69444
2014-01-23,29.009462356567383,30.252726960647543,28.553600191106337,30.086957737689517,244863
2014-01-24,28.595041275024414,29.423883713156272,28.38783020868096,28.636483122844712,37559
2014-01-27,27.26889419555664,28.346387695311655,26.81303022575273,28.180620307922542,41982
2014-01-28,27.683313369750977,28.429270237265257,27.061682037741793,27.517545989077515,32369
2014-01-29,28.8851375579834,29.672538189756303,27.931969526200664,27.973411376203124,97509
2014-01-30,28.304946899414062,29.009461976459967,27.3103370564242,29.009461976459967,107461
2014-01-31,28.47071647644043,28.926578641632354,27.849083261146326,28.59504202315404,23305
2014-02-03,27.890525817871094,29.382439627522633,27.766198448905502,28.180620575801544,26087
2014-02-04,27.26889419555664,27.76619818496591,26.688704685210894,27.558988950729514,106037
2014-02-05,28.180622100830078,28.719369798604752,27.517548854603728,27.80764180099097,102415
2014-02-06,27.724756240844727,28.843693410763088,27.10312488583273,28.760809717359333,105318
2014-02-07,30.16983985900879,30.957238601997993,28.6364823925519,29.216671901723906,775112
2014-02-10,30.377050399780273,31.164450956525073,30.16983934227019,30.294166707672996,224080
2014-02-11,29.216672897338867,30.66714671969659,29.009461829218626,30.294168258873743,70214
2014-02-12,30.584260940551758,30.832913854769995,29.00946158682556,29.258114501043796,130339
2014-02-13,29.34099769592285,30.667145940038647,29.13378846031252,30.335607508578246,66038
2014-02-14,30.708587646484375,31.164451617222657,29.009460958811765,29.54820862341449,161752
2014-02-17,29.672534942626953,30.957237633841576,29.46532388804815,30.667144715569858,55481
2014-02-18,29.83830451965332,30.29416850781551,28.263505139827757,29.46532605576553,86429
2014-02-19,30.832914352416992,31.081565443406518,29.50676789150486,29.50676789150486,129057
2014-02-20,30.128398895263672,30.667146573462123,29.79686228419739,30.667146573462123,109111
2014-02-21,30.004072189331055,30.584261728371377,29.838304793743543,30.086957714366825,64201
2014-02-24,30.667144775390625,31.123008730904854,29.838302382700494,30.045513437683493,88484
2014-02-25,32.407711029052734,32.6563657678106,30.750029824925146,30.95723906182012,233439
2014-02-26,31.620311737060547,32.82213259959728,31.49598619703616,32.324830439499735,68099
2014-02-28,31.495986938476562,31.910409069464173,31.288777700224717,31.5788706337773,41510
2014-03-03,30.21128273010254,31.91040946846494,29.921187965680712,30.915797803451834,67476
2014-03-04,30.998680114746094,31.33021853976508,30.086955841290532,30.252725053800027,52986
2014-03-05,31.164451599121094,31.661753762018886,30.874355016280195,31.330218986753692,36407
2014-03-06,31.371660232543945,31.66175315534247,31.081563655261636,31.454543924772093,43080
2014-03-07,31.20589256286621,32.49059708962792,31.040121525441272,31.123008871395616,135311
2014-03-10,31.578868865966797,31.78608174710262,31.454543329975532,31.495985175305954,58774
2014-03-11,31.495986938476562,31.827525374163436,30.750030026285994,31.495986938476562,90323
2014-03-12,31.28877830505371,31.91040968630964,30.667146923797784,31.495987547311024,90290
2014-03-13,31.578868865966797,31.910407283093882,31.081563067518026,31.495985175305954,81831
2014-03-14,31.786083221435547,32.36627273745607,30.750029731152345,30.750029731152345,242686
2014-03-18,32.283382415771484,32.82213003493082,31.495983735992557,32.24194057233488,286212
2014-03-19,31.827526092529297,32.61492487014228,31.578871346530878,31.66175504370235,104830
2014-03-20,32.532039642333984,33.15367099635619,31.661753554012602,31.744640901768218,205244
2014-03-21,35.681640625,37.42220926256967,32.69780919694971,32.73925104633346,1098559
2014-03-24,34.7699089050293,36.01317156233135,34.0239520415448,35.97172971738686,130640
2014-03-25,36.55192184448242,37.09066952220602,34.562702179838006,34.811356921971026,287593
2014-03-26,39.12133026123047,39.74296162254533,37.50509091450215,37.50509091450215,613609
2014-03-27,38.2096061706543,40.82045717098642,37.670858500755244,39.16277231394963,852454
2014-03-28,37.62942123413086,38.12672711722846,36.59336761555121,37.54653752936198,309059
2014-03-31,37.62942123413086,38.70691670509495,37.25644090818657,37.712304938899734,165182
2014-04-01,43.472747802734375,44.75745231374575,37.629414735342344,37.629414735342344,2214391
2014-04-02,45.29620361328125,45.7520676020697,43.51419316118457,43.51419316118457,942232
2014-04-03,47.65840530395508,48.8602262645161,43.8457331719974,45.3790889329978,1569597
2014-04-04,57.19008255004883,57.19008255004883,47.658402734121346,48.03138301898796,10085759
2014-04-07,61.08563995361328,62.909092274338875,58.01892850753537,60.87843070846857,7340048
2014-04-09,59.59372329711914,61.70726846236402,58.84776639494353,61.41717553270612,1205219
2014-04-10,59.30363464355469,61.29285441095047,57.190085671428314,59.92526604927112,1464093
2014-04-11,59.220741271972656,60.38112026534464,58.5162262376719,59.17929942610107,648059
2014-04-15,58.76488494873047,60.422566204870094,58.26757911009497,58.55767205085001,500967
2014-04-16,54.33058166503906,59.26218724891888,53.58462107838321,58.84776876131453,548586
2014-04-17,56.236915588378906,57.02431434014485,53.83327383137181,54.703556277588504,715653
2014-04-21,56.65133285522461,57.60450263009469,55.739608581181905,56.69277470156819,384328
2014-04-22,56.40268325805664,58.3919028982286,55.822493739529335,56.36124141062497,444169
2014-04-23,59.92525863647461,61.54149789871694,55.5323938352937,56.36123804337643,3450904
2014-04-24,59.92525863647461,59.92525863647461,59.92525863647461,59.92525863647461,0
2014-04-25,61.002750396728516,62.991969922521236,60.33967722146427,61.127079586358555,1764587
2014-04-28,59.01353454589844,61.91447849789921,58.640554262749006,61.748711107381204,685647
2014-04-29,58.143253326416016,59.42795793919123,56.65133581660725,59.42795793919123,669953
2014-04-30,57.853153228759766,61.37573206567779,56.52700684778643,58.5991101112468,989331
2014-05-02,59.966705322265625,60.75410409447198,57.31440875857038,58.18469488186307,629081
2014-05-05,60.33967971801758,61.12708211549062,59.676606515318696,59.96670309714662,539912
2014-05-06,59.01353454589844,60.50545202401224,58.84776715538043,60.422564674269324,256327
2014-05-07,57.977481842041016,59.38651190093831,57.5216178861094,59.01353163617903,380411
2014-05-08,58.01892852783203,59.01353655935864,57.64594823195703,58.84776916318488,268224
2014-05-09,58.72344207763672,60.29823960899949,57.93603965747139,58.30901994357517,793575
2014-05-12,66.88752746582031,70.24433895117016,58.06036301972339,58.06036301972339,3594870
2014-05-13,74.13990020751953,76.54354210368228,67.67493512124213,67.67493512124213,4554378
2014-05-14,76.2534408569336,78.11833119603497,72.02634341942701,74.59575243443527,1839086
2014-05-15,73.89124298095703,77.41382183377617,73.39394082671001,76.25344283156554,873453
2014-05-16,80.31476593017578,83.29859348270848,74.67864559562122,76.17055937188756,2724876
2014-05-19,86.0752182006836,87.0283806558036,78.94717685641575,81.55802776446214,2070812
2014-05-20,87.15271759033203,90.55096372939552,86.19954778153564,86.73829180317784,1452056
2014-05-21,90.67528533935547,92.20864826006324,84.54185558342705,87.81578334597945,1375927
2014-05-22,93.94921875,96.89160461230979,90.34375600252528,91.21404213025173,1399109
2014-05-23,94.77806091308594,96.72583505864404,93.5347981765073,94.98527015102107,556299
2014-05-26,88.68607330322266,99.12947742933896,75.83902007578347,95.81410767565016,1234686
2014-05-27,90.4266357421875,92.41585900165938,83.42291979630491,87.85722662893413,783876
2014-05-28,96.72583770751953,98.42496081408663,90.92394965057741,92.83028200075415,1720357
2014-05-29,92.16719818115234,97.80332572833127,91.37980311464874,97.4303491178822,696412
2014-05-30,88.39596557617188,93.94920926076163,87.23559393502936,92.83027215497837,473933
2014-06-02,92.87171936035156,95.31680293469383,88.27164513869839,89.26625676891632,805829
2014-06-03,91.71134185791016,94.23930916744038,90.50952097424982,92.04287663713568,472435
2014-06-04,91.71134185791016,92.91316274157049,90.79961390607217,91.83566740011973,525610
2014-06-05,93.99066162109375,95.31680809688353,91.29692682055102,91.71134531018281,705936
2014-06-06,95.27536010742188,98.13486211952237,94.239306641148,94.98526718337612,1407360
2014-06-09,95.15103912353516,97.14025514975685,93.03749024351715,95.31680651663963,753549
2014-06-10,92.70594787597656,95.73121717066793,91.58701075505812,95.23391503202299,449315
2014-06-11,88.97616577148438,95.64833978274072,87.0283843155263,92.83027952681519,624732
2014-06-12,87.77434539794922,90.59240567045222,85.78512208267186,88.9761662948943,501791
2014-06-13,82.46975708007812,90.67528655612836,81.30937806695471,88.27164483672755,736487
2014-06-16,84.29320526123047,85.70223534751057,79.19582891920011,82.88417517495036,622853
2014-06-17,88.02298736572266,88.64462232820689,83.71301370776926,83.71301370776926,523433
2014-06-18,84.91484069824219,89.10048913199367,83.63013614459825,87.85722642495219,361214
2014-06-19,83.46437072753906,86.11666359061299,82.55264277180497,85.86800519616344,271038
2014-06-20,83.04994201660156,85.16349078666337,82.63552355540025,82.88417463212105,185493
2014-06-23,83.63013458251953,84.3346459616022,80.10755576020362,82.88417404864094,253195
2014-06-24,88.27163696289062,89.72211608163778,83.09137736697564,83.09137736697564,823373
2014-06-25,87.73289489746094,89.432017801166,87.06981808810825,88.27163886652417,187941
2014-06-26,86.9869384765625,89.22481276315946,86.19954340795921,87.8572245455652,279536
2014-06-27,90.30230712890625,92.74739061885205,87.3599214955006,87.5671307219422,791567
2014-06-30,91.91854858398438,92.66450912583218,89.51490688232407,91.08971165856192,291853
2014-07-01,89.97077941894531,94.07354435098597,88.68607480533855,92.00143730621328,338234
2014-07-02,89.92932891845703,92.20864498662418,89.34913578579418,90.59239843125195,376965
2014-07-03,87.77434539794922,90.34375458328452,87.02838482747823,90.01221980039426,225695
2014-07-04,90.09510803222656,90.84106133128692,87.11127290908037,88.52031042524199,422156
2014-07-07,92.29153442382812,93.49335529958807,90.34375299074665,91.1725972423297,599610
2014-07-08,85.78511810302734,93.03748499611571,84.54185541589698,92.08431523055667,553945
2014-07-09,81.76524353027344,85.95089953410431,81.22649949083325,84.87340414625581,416678
2014-07-10,82.8012924194336,86.11666209518816,76.70930438608052,82.34543210396652,519539
2014-07-11,77.57958984375,85.37070084354846,76.66786191131514,82.92561728086018,550662
2014-07-14,77.6624755859375,79.19583125664892,76.41921284852891,77.91112667162565,254600
2014-07-15,82.46975708007812,82.88417554584804,77.99400841389243,78.53275972836097,438725
2014-07-16,86.61396026611328,87.4013626291476,82.38687015422016,83.2985907431398,473501
2014-07-17,85.8265609741211,86.94549813680031,84.54185642570683,85.78511912768732,212868
2014-07-18,91.46268463134766,94.15641914959387,83.58869029970987,85.78511537354665,1850901
2014-07-21,96.97447967529297,102.11329766916069,92.12575459518322,92.12575459518322,2495854
2014-07-22,95.89698791503906,99.37812493460139,94.6951670621771,97.80332746466877,554001
2014-07-23,93.41047668457031,96.56007185570488,92.41586499038165,96.35286260878394,278096
2014-07-24,97.09880065917969,99.04658189249136,92.74738522983922,93.9906478252175,1139907
2014-07-25,91.29692077636719,96.89159925188075,90.0950999270318,96.35285525102621,642200
2014-07-28,92.70594787597656,94.90238027292638,89.51490389276954,92.25008758221871,588700
2014-07-30,92.00143432617188,93.65912283188263,91.7113413958112,92.83027857902725,259334
2014-07-31,92.91316986083984,93.65913048022269,91.21404667814961,91.37981408046394,372216
2014-08-01,92.12576293945312,94.23931183477295,91.37980966508236,92.00143739372467,575955
2014-08-04,73.72547912597656,82.80129503828228,73.72547912597656,77.99401141453154,4556080
2014-08-05,69.49838256835938,71.81914072368757,63.69649448900696,68.58666189295535,6392883
2014-08-06,69.82991790771484,74.01556616646252,65.97580440792524,69.49837583978943,4198910
2014-08-07,69.24972534179688,71.81913436285112,67.38483499830731,68.87674873489244,1247213
2014-08-08,67.71637725830078,71.65337491625294,66.05869595731257,70.45155396307022,2166405
2014-08-11,69.8713607788086,71.28039083404263,69.2497257876647,70.9488560702152,864963
2014-08-12,67.09474182128906,70.36866986384034,66.55599777694214,70.20290246557974,803872
2014-08-13,58.3504638671875,67.67493480663465,53.87471854714969,67.13619076401946,7011942
2014-08-14,62.74332046508789,63.572164696336955,58.847765003462136,59.63516373411335,1504582
2014-08-18,64.69110870361328,65.47850386319556,63.15774561701638,64.4838921421233,722916
2014-08-19,67.71637725830078,69.291174859688,63.65505405094713,65.18840980253384,1147381
2014-08-20,69.04251861572266,70.2857813260559,67.50916297840413,68.04790698566254,660145
2014-08-21,65.35417175292969,69.53982016071268,64.98119513582155,68.21367376869392,694994
2014-08-22,66.32642364501953,67.12553995337784,61.99438632844942,65.61143147969426,976390
2014-08-25,63.00379943847656,68.09288367753746,62.24674147741004,65.8637829932598,537996
2014-08-26,58.587642669677734,62.24674261597711,57.70441331074534,62.24674261597711,1107672
2014-08-27,57.32588577270508,59.428815166907334,56.73706494891236,58.04088169255684,366214
2014-08-28,58.46146774291992,59.30263873995279,57.07353429971803,57.07353429971803,354050
2014-09-01,57.91470718383789,58.713819842499845,55.769719402529304,58.54558637938167,374084
2014-09-02,59.050289154052734,60.14381034866167,57.620293623047864,58.20911443961445,576497
2014-09-03,64.89643859863281,64.93849696564244,59.218525672676265,59.218525672676265,1735557
2014-09-04,63.382328033447266,66.03201990955863,62.162628009705436,65.14878681162111,911956
2014-09-05,61.195274353027344,63.92908278961128,60.64851192394048,62.49909102667664,366735
2014-09-08,61.153221130371094,62.58321301350849,60.64851702195475,62.16262934720377,221708
2014-09-09,58.71381759643555,61.826155089314135,58.25117559055867,61.40557144760788,506793
2014-09-10,61.699981689453125,63.88702781287552,58.41941064989425,58.713819207165315,747846
2014-09-11,60.73263168334961,62.625269243706406,60.354106396588584,61.69998150055112,257261
2014-09-12,59.59705352783203,61.489691133081365,59.302641255628465,60.7746914900944,221805
2014-09-15,58.167057037353516,59.63911095755549,57.6202945765757,58.96617340017908,280016
2014-09-16,56.56882858276367,61.27939122237354,56.35853305794646,59.30263702573411,653798
2014-09-17,57.07353591918945,58.25117757376153,55.601481996549055,57.620294672022375,303627
2014-09-18,58.20911407470703,58.75587652300916,56.568830438651155,56.568830438651155,412007
2014-09-19,58.293235778808594,59.09234843190633,57.41000268588691,57.74647331863102,232504
2014-09-22,56.947357177734375,58.96617356433432,56.65294861818473,57.6623568114847,194213
2014-09-23,55.8117790222168,57.956766851716246,55.559425113019365,56.779125165730036,144403
2014-09-24,51.14326858520508,54.63413513584486,50.2179808456822,54.63413513584486,907208
2014-09-25,42.184783935546875,50.4703298702729,41.469788037689355,49.75533397241538,1491739
2014-09-26,45.54947280883789,46.39064752996371,40.71273485219187,41.72213932515209,1012424
2014-09-29,50.470333099365234,53.28826221587765,48.45152036880673,48.78799101165849,1306499
2014-09-30,48.03092956542969,51.47973764597104,46.47476268900645,51.31150419097403,360163
2014-10-01,47.77857971191406,48.577692337502604,45.7177087474592,48.577692337502604,406864
2014-10-07,46.76917266845703,49.20857267606901,46.26447228799982,47.90475594218682,175188
2014-10-08,46.55887985229492,48.535634093563495,45.928000681300674,46.264471303294485,1224453
2014-10-09,46.979469299316406,48.53563625975866,46.727115394345624,47.82064032856757,224395
2014-10-10,46.26447296142578,47.021527251981816,45.92800232737277,46.30653132707609,146807
2014-10-13,46.55887985229492,47.94681328671217,46.09623413787235,46.09623413787235,322428
2014-10-14,45.46535873413086,47.44211684804377,43.572721064324455,46.30653350438977,780202
2014-10-15,45.46535873413086,45.46535873413086,45.46535873413086,45.46535873413086,0
2014-10-16,46.685054779052734,51.185325688328206,45.00271280160516,45.00271280160516,1540803
2014-10-17,45.46535873413086,47.862700524322456,44.792421143234186,46.39065023964551,196302
2014-10-20,44.03536605834961,46.51682454104126,43.740957490027206,46.34859107342846,217273
2014-10-21,44.66624069213867,45.67564881204533,44.11947826959343,44.11947826959343,233947
2014-10-22,46.685054779052734,47.10564212783984,44.49800872483072,45.38123807754817,367254
2014-10-27,48.830047607421875,50.13386434709009,47.35799369800414,48.28328515064963,473548
2014-10-28,48.45151901245117,49.12445657046574,48.115048379018596,49.12445657046574,213538
2014-10-29,48.7038688659668,49.83945214620657,48.11504804320731,48.872106035934195,244677
2014-10-30,48.7038688659668,50.260039507849214,48.36740194373312,48.36740194373312,242350
2014-10-31,48.53563690185547,49.29269120908195,48.115049527240465,48.95622427647048,213006
2014-11-03,48.87210464477539,49.37680872260991,48.28328383877686,48.53563402326889,282206
2014-11-05,52.36296844482422,52.86767253265384,48.493576619548,48.493576619548,760608
2014-11-07,53.162086486816406,54.507961624602814,52.57326565042852,52.99384931295512,548283
2014-11-10,50.84885787963867,54.003253667786865,50.638562354528545,53.70884141617284,348803
2014-11-11,49.5450439453125,51.85826517884488,48.787989655995524,51.31150642628582,328288
2014-11-12,48.24122619628906,49.965630275996354,48.072989028594094,49.629159649456916,253538
2014-11-13,48.53563690185547,51.05915373184418,48.07299116066403,48.5776952684319,379450
2014-11-14,49.12445831298828,51.858267007591834,48.19917052871579,48.19917052871579,2027583
2014-11-17,48.6197509765625,49.965629759970014,48.19916733379497,48.99827996390375,332032
2014-11-18,49.502986907958984,50.47033305113841,48.87210769845912,49.040341165298905,461254
2014-11-19,50.975032806396484,53.07796208882082,49.629157768936885,49.629157768936885,1213626
2014-11-20,51.35356521606445,52.152677877563825,50.512390479785594,51.143269677569435,395753
2014-11-21,50.932979583740234,52.57326703742008,50.63856730335377,51.732092272473665,369586
2014-11-24,50.55445098876953,51.81620563640696,49.713276278543916,51.39562199014465,203613
2014-11-25,48.07299041748047,50.63856557438314,47.77858185599683,50.63856557438314,293842
2014-11-26,48.283287048339844,49.20857482850161,47.862699670711386,48.5356372496065,202694
2014-11-27,48.367401123046875,49.71327620684621,48.11504722680294,48.28328439391573,221711
2014-11-28,48.03092956542969,49.12445444061113,47.526229200438635,48.7879875306171,193029
2014-12-01,47.147705078125,48.36740517028852,46.72711768842527,48.03093451675857,198612
2014-12-02,46.853294372558594,47.40005684166861,46.47476536814377,47.40005684166861,144823
2014-12-03,52.867671966552734,54.25560541158446,46.51682184389805,46.51682184389805,2048942
2014-12-04,51.1012077331543,54.507957387931484,50.8067991922688,53.49854925862335,627367
2014-12-05,50.470333099365234,51.43768295231969,49.88151225601267,51.43768295231969,462604
2014-12-08,50.007686614990234,50.80679922098141,49.88150781711765,50.09180334100506,229982
2014-12-09,48.07299041748047,50.21798191512081,47.8626985878493,49.88151127886033,208758
2014-12-10,48.53563690185547,49.54504511739122,48.115049527240465,48.3253450689733,169400
2014-12-11,47.31593322753906,48.577691545842775,47.06358304741847,48.45151645578248,203393
2014-12-12,46.937408447265625,48.1991667787389,46.51682110049106,47.18975863002011,159847
2014-12-15,46.30653381347656,47.52623390052755,45.92800479344837,46.68505912465397,150409
2014-12-16,46.01211929321289,46.600940124169135,44.28771887505945,45.92800256148352,628975
2014-12-17,45.04477310180664,46.39064822515607,44.203598368075305,46.05417758989341,267072
2014-12-18,47.27387619018555,47.73652190890058,45.759767649291526,45.84388437835781,153556
2014-12-19,47.610347747802734,48.45151876379129,46.81123509717108,47.10564365466937,131679
2014-12-22,47.98887252807617,48.19916806148536,47.273876615726195,48.11504762281137,65334
2014-12-23,47.610347747802734,52.57326453072141,47.14770202002627,47.610347747802734,768495
2014-12-24,47.610347747802734,48.535635494505094,47.31593548145388,48.19916857164989,174999
2014-12-26,47.357994079589844,48.19916880856359,46.937410423953544,47.23181898289895,100840
2014-12-29,47.73652267456055,50.04974759638769,47.14770185280183,47.14770185280183,2121142
2014-12-30,47.27387619018555,48.36740108574816,47.063584367519844,47.90475536703313,1069574
2014-12-31,47.86269760131836,48.32534332582163,47.27387678163708,47.27387678163708,187021
2015-01-01,48.95622253417969,49.96563071379186,48.535635174532864,48.535635174532864,1078919
2015-01-02,48.78799057006836,49.67121997267757,48.451519930262066,48.95622403554618,383427
2015-01-05,48.78799057006836,49.797395071785935,48.451519930262066,48.78799057006836,405309
2015-01-06,46.937408447265625,48.493575325285796,46.68505455566071,48.11504634230365,356531
2015-01-07,46.853294372558594,47.610348672537604,46.34859026962238,46.853294372558594,114096
2015-01-08,46.89535140991211,47.73652241840341,46.01211832758825,47.315935059732496,242485
2015-01-09,46.76917266845703,48.745930660649904,46.600939208304624,47.273876757764775,327738
2015-01-12,46.89535140991211,47.862697513349524,46.68505587615139,47.6103473234573,146160
2015-01-13,46.432708740234375,47.56829208714014,45.928004618403946,47.40005861614692,152020
2015-01-14,46.727115631103516,46.979469537352934,46.05417806252281,46.769173997336644,146685
2015-01-15,46.64299774169922,47.52623082838841,46.39064755055976,46.93741000687913,167571
2015-01-16,46.81123352050781,48.367400404000506,46.264471080433225,46.769171447717056,250507
2015-01-19,46.26447296142578,47.52623134863604,46.01211905867338,47.52623134863604,323407
2015-01-20,46.30653381347656,46.68505912465397,45.92800479344837,46.68505912465397,404916
2015-01-21,46.1382942199707,46.93741058614211,45.50741502548573,46.51682322020193,214013
2015-01-22,45.46535873413086,46.643000445412724,45.213008528363645,46.348591872017636,119591
2015-01-23,44.87653732299805,45.970062285488275,44.75036222167626,45.54947490556495,118865
2015-01-27,43.15213394165039,45.08682982456793,42.77360495438047,44.75035920156683,520434
2015-01-28,42.05860900878906,43.32036735322974,41.76419675036599,42.39507592258633,337163
2015-01-29,42.01655197143555,42.47919770136748,41.63802297260932,41.63802297260932,159601
2015-01-30,42.14272689819336,43.3203685466266,41.63802280474332,42.14272689819336,218567
2015-02-02,42.47919845581055,43.446544589557035,41.722140444712515,42.47919845581055,201254
2015-02-03,42.35301971435547,43.40448629119809,42.142727882527204,42.731548720496995,142540
2015-02-04,42.9838981628418,45.42329820455671,42.35301896960003,42.35301896960003,1080065
2015-02-05,42.01655197143555,43.53066054903931,41.806260143671295,42.98389808800168,271224
2015-02-06,40.4183235168457,42.10066928894415,40.08185658773639,41.93243582438949,488595
2015-02-09,40.12391662597656,41.8903792039669,39.53509576664645,39.787445973994735,145937
2015-02-10,39.45097732543945,40.79685245748444,38.27333565768743,40.79685245748444,399684
2015-02-11,42.8997802734375,46.26447168579178,39.45097584095242,39.45097584095242,2716206
2015-02-12,42.31095886230469,44.329771455806736,41.76419642282176,43.48860046906015,1432073
2015-02-13,43.69889831542969,44.91859464192935,42.184786008347956,42.43713991395356,906077
2015-02-16,41.97449493408203,44.0774244048193,41.21744062132467,44.0774244048193,648576
2015-02-18,40.29214859008789,42.47919847401851,39.95568165954512,42.05861110198939,717883
2015-02-19,40.83891296386719,42.353021639557426,39.955683521189684,40.3762672039643,832080
2015-02-20,41.133323669433594,42.22684491146181,40.71273629397617,41.09126530277292,774273
2015-02-23,40.965084075927734,42.395075875685066,40.712733890858956,41.51184651909388,539182
2015-02-24,39.45097732543945,41.38567329136045,38.86215649156345,40.880969189630925,335805
2015-02-25,39.324798583984375,40.25008626072329,39.114503064250314,39.535090394868156,185034
2015-02-26,38.65186309814453,39.577150823188525,38.39950920305946,38.98833001312399,374497
2015-02-27,39.45097732543945,40.29214835575491,38.39951075590716,38.39951075590716,275936
2015-03-02,39.40892028808594,39.95568277432347,38.693924331883245,39.53509539055981,269670
2015-03-03,39.240684509277344,41.46978898171195,39.030388975343506,39.19862243541015,1419873
2015-03-04,38.52568817138672,39.955679983925286,38.27333427521195,39.70332608775052,316040
2015-03-05,37.76863098144531,38.778039169549885,37.4321640579775,38.69392243868293,326872
2015-03-09,36.170406341552734,37.81069004128376,35.83393570305497,37.09569410693298,1445974
2015-03-10,35.918052673339844,37.011577619636334,35.749819207402126,36.42275678000366,295586
2015-03-11,34.99276351928711,36.3386386113154,34.824530059996206,35.91805125423762,290552
2015-03-12,35.2451171875,35.58158784814756,34.99276697365249,35.413354372249216,745366
2015-03-13,35.034820556640625,36.33863723444458,34.866587103724086,35.581582987469766,468311
2015-03-16,34.99276351928711,36.08628842237904,34.572176162209324,35.24511370822347,278091
2015-03-17,34.950706481933594,36.17040652581935,34.82453138267313,35.497468954246244,241566
2015-03-18,34.40394592285156,36.17040853728436,34.15159571029725,35.623646034565816,272127
2015-03-19,34.067474365234375,35.07688260652535,33.81512415933702,34.656295221178986,325846
2015-03-20,33.43659210205078,34.31982516010182,33.18424191909358,34.27776679627562,282478
2015-03-23,31.375720977783203,34.403941701091746,31.12337079619516,33.39453355703876,554853
2015-03-24,31.08131217956543,32.048658243294874,30.871018508862182,31.12337054282104,388805
2015-03-25,29.987789154052734,31.880426743035606,29.525145275477616,31.081314083380775,340933
2015-03-26,30.029848098754883,30.576610573958572,29.52514584461907,29.987789732112343,228908
2015-03-27,29.356908798217773,30.99719427299832,29.188675341535273,30.113964916564722,1027925
2015-03-30,29.81955337524414,30.450432561817404,29.60926154933657,29.693378279699598,373253
2015-03-31,29.693378448486328,30.955136828805095,29.525144986803976,30.029847226276313,372534
2015-04-01,29.65131950378418,30.28219868161842,29.23073214894452,29.77749459758093,600117
2015-04-06,30.576610565185547,30.702787519502298,29.777496035930564,29.777496035930564,372126
2015-04-07,32.8477783203125,33.64689102243007,30.66072834544235,30.66072834544235,1511623
2015-04-08,35.83393478393555,37.390105420190565,34.69835150780226,35.24511396330534,2606732
2015-04-09,35.707759857177734,37.01157659997654,35.371292934571876,36.38069741124001,731419
2015-04-10,36.464813232421875,37.01157567687014,35.16099652214159,35.83393405942011,600484
2015-04-13,36.88540267944336,37.432165154952365,35.96011490394013,37.432165154952365,612395
2015-04-15,38.52568817138672,40.03979671303338,36.548930201944565,37.09569264999766,1305371
2015-04-16,39.87156677246094,41.6380256572766,38.6098045979699,38.86215851640843,1037383
2015-04-17,38.98833084106445,40.754793308769926,38.77803901473661,40.16597248620144,499963
2015-04-20,37.684513092041016,39.45097551249226,37.17980901350488,39.45097551249226,442104
2015-04-21,36.42275619506836,38.27333541721566,36.17040600021443,38.02098522236173,375892
2015-04-22,36.21246337890625,38.18921764459608,35.539525835455464,36.170405014243734,360883
2015-04-23,36.002166748046875,37.05363325022268,35.74981656777287,36.63304590758228,236993
2015-04-24,34.740413665771484,36.338638962167096,34.235709574175296,36.04422669671493,351331
2015-04-27,32.8477783203125,35.28717479473188,32.595424403061664,35.28717479473188,272992
2015-04-28,33.562774658203125,33.64689139526856,31.964545527407335,31.964545527407335,218383
2015-04-29,34.025413513183594,34.82452985787845,33.35247597107511,34.06747187776222,274103
2015-04-30,33.68894958496094,34.27777045014402,33.52071611172315,34.27777045014402,259182
2015-05-04,34.69834899902344,35.16099469082183,34.025411496794085,34.06746985888028,230564
2015-05-05,36.044227600097656,36.59099007062625,34.69835246134296,34.69835246134296,448808
2015-05-06,34.19364929199219,36.170403473477364,33.85717868017433,35.66569941017575,277137
2015-05-07,33.14218521118164,34.235710143000496,32.88983130676542,33.64688931116346,251823
2015-05-08,33.857177734375,34.48805686866584,33.52071084080668,33.52071084080668,171795
2015-05-11,34.277767181396484,34.65629246008512,33.85717982955864,33.98335492245485,192934
2015-05-12,32.97395324707031,34.2357116999822,32.88983280253884,34.19365333214185,133186
2015-05-13,33.31041717529297,33.773062888519384,32.88982982610074,33.47865063142969,127126
2015-05-14,33.184242248535156,34.488058957792035,32.97395042731645,34.488058957792035,125021
2015-05-15,33.4786491394043,34.36188216246036,32.847773707007505,33.394532415084726,155929
2015-05-18,33.646888732910156,34.025414019753256,33.39453483283088,33.52071363729579,108881
2015-05-19,33.77306365966797,34.067472214629525,33.520713469700915,33.68894692967895,136945
2015-05-20,33.68894958496094,33.94129979481762,33.47865403456288,33.64689121665149,97597
2015-05-21,33.184242248535156,33.94129651377295,33.05806715580393,33.352475705510116,56857
2015-05-22,33.01600646972656,33.47864844387265,32.88982767701834,33.184239914870595,155720
2015-05-25,30.91307830810547,33.81512219737636,29.735436664543272,33.81512219737636,1584725
2015-05-26,29.44102668762207,30.534551616884492,28.26338502670109,30.282199567483527,897399
2015-05-27,30.366315841674805,31.039253393656075,28.852205422504316,29.441026244094243,462906
2015-05-28,30.744844436645508,30.955136259883513,30.113965258080995,30.70278607199791,179405
2015-05-29,30.618667602539062,30.871019645791637,30.113965370459173,30.871019645791637,132601
2015-06-01,30.49249267578125,31.291605320312,30.113965536033774,31.291605320312,243040
2015-06-02,29.65131950378418,30.913077859452667,29.52514440998743,30.366315410816256,113922
2015-06-03,27.6745662689209,30.19808307398164,24.562228628755943,30.19808307398164,360722
2015-06-04,27.127803802490234,29.356910190205326,26.37074950267202,27.92691832289863,213675
2015-06-05,27.63250732421875,28.59985528894367,26.412807313386182,26.412807313386182,163936
2015-06-08,27.5904483795166,27.926917149118925,27.380154703105685,27.88485693029655,94570
2015-06-09,26.833393096923828,27.96897638888892,26.623099413931143,27.548390877328842,144811
2015-06-10,27.5904483795166,28.095150606707467,26.581042070709636,26.581042070709636,110207
2015-06-11,27.338096618652344,27.842798851011388,26.74927580221241,27.842798851011388,325062
2015-06-12,26.03428077697754,28.26338531523765,25.908103823776283,28.26338531523765,159797
2015-06-15,26.03428077697754,26.581043247190564,25.61369340554045,26.11839750949483,178157
2015-06-16,26.03428077697754,26.160455875753474,25.69781013805774,25.78192872500035,106300
2015-06-17,26.496923446655273,27.169860984822844,26.034279584574534,26.7072171227421,264513
2015-06-18,26.41280746459961,27.085745021789055,26.28663051361078,26.74927624319433,229142
2015-06-19,26.496923446655273,26.917508944403696,26.370748353658318,26.917508944403696,299866
2015-06-22,26.79133415222168,26.91750924663534,26.07633824169377,26.412807014555447,300074
2015-06-23,28.599855422973633,30.660726457922696,26.707217849934555,26.91750967732204,1074733
2015-06-24,28.263385772705078,30.534552422835276,27.884858615825163,28.978383573950865,2704330
2015-06-25,27.127803802490234,28.72603098888171,26.959570337830773,28.515739158057382,524817
2015-06-26,26.496923446655273,27.21191934915516,26.370748353658318,27.169860984822844,251878
2015-06-29,25.739870071411133,26.5810429504701,24.6884035089811,25.06693065550878,339052
2015-06-30,27.16986083984375,27.59044818977314,25.655750459833435,26.03427944565493,491531
2015-07-01,26.79133415222168,27.5483902819794,26.496923744164555,27.33809660353138,295476
2015-07-02,26.875452041625977,27.33809778329179,26.707218575147742,27.001628995909986,272177
2015-07-03,26.665159225463867,27.338098676643046,26.49692575348812,26.833394551865013,168446
2015-07-06,26.623098373413086,26.917508776326205,25.866044111308057,26.49692328120399,297899
2015-07-07,27.506330490112305,28.89426582235302,26.707217837559565,26.91750966484961,531959
2015-07-08,27.043685913085938,28.515737938000502,26.076337969406435,27.29603795370347,471161
2015-07-09,26.833393096923828,27.632507608755798,26.66515777964462,27.001628414203036,355577
2015-07-10,26.917509078979492,27.75868193310707,26.581042162638756,27.211919485202884,265414
2015-07-13,26.41280746459961,27.3801554348626,25.950163589441345,27.3801554348626,258570
2015-07-14,26.454866409301758,26.87545192814679,26.328691309975845,26.87545192814679,216887
2015-07-15,26.74927520751953,27.16986070087244,26.160454404170327,26.58104175194845,379828
2015-07-16,26.79133415222168,27.884857200415823,26.412807014555447,26.665157203382766,607409
2015-07-17,27.5904483795166,28.431619376309786,26.665156945078667,26.875450621489584,936344
2015-07-20,26.833393096923828,28.095151486029355,26.66515777964462,28.095151486029355,389923
2015-07-21,25.82398796081543,27.211921511787093,25.571635900340933,26.83339434828804,430246
2015-07-22,26.03428077697754,26.412807927730665,25.36134320798858,26.412807927730665,200202
2015-07-23,25.90810203552246,26.118395706725916,25.739868582099852,26.03427898001461,224572
2015-07-24,25.529577255249023,26.16045647236713,25.445460520813374,25.908104414634813,156167
2015-07-27,24.8145809173584,25.866045644709924,24.688403963244003,25.866045644709924,281125
2015-07-28,24.39399528503418,25.151049588535027,24.225759965131033,24.81458080315406,188978
2015-07-29,23.93134880065918,24.89869676029979,23.342527980977895,24.646344715518484,319489
2015-07-30,23.678997039794922,24.982815644393888,23.468703357551483,23.931349087601987,246233
2015-07-31,23.55282211303711,24.057524357867372,23.21635333167517,24.057524357867372,368136
2015-08-03,25.487516403198242,25.992220469458186,23.300468540113798,23.6369372994787,1268538
2015-08-04,24.436052322387695,25.61369207995953,24.14164191938843,25.61369207995953,587762
2015-08-05,24.73046112060547,25.655750703025685,24.604286027085767,24.604286027085767,571561
2015-08-06,25.235166549682617,25.61369370485917,24.81458102775593,24.940756128006335,363107
2015-08-07,27.296039581298828,27.926918793247804,24.9407562009958,25.23516662353368,1425329
2015-08-10,27.338096618652344,28.2633843537148,27.08574457526019,27.422213348307974,599193
2015-08-11,25.78192710876465,28.09515008895441,25.36134161811884,27.42221256215103,700857
2015-08-12,23.973407745361328,25.024874314968844,23.889291013208826,24.81458063016228,589198
2015-08-13,23.636938095092773,25.024873396812616,23.384586053468688,24.393994219965027,277419
2015-08-14,23.76311492919922,23.9734067508568,22.795766986298645,23.9734067508568,225267
2015-08-17,23.006059646606445,23.721055575156758,22.83782618314769,23.552822111698003,304883
2015-08-18,23.04811668395996,23.426645663774064,22.837824866757902,23.384585445908456,225389
2015-08-19,23.88928985595703,24.141641894615336,22.879883555749025,23.048117011904413,398618
2015-08-20,23.384586334228516,24.09958224872676,23.132234289574644,23.88929042353626,215230
2015-08-21,23.258411407470703,23.46870323418341,22.501355268029123,23.17429467678562,251958
2015-08-24,20.65077781677246,22.375180059253854,20.482542501824746,21.11342168763445,552340
2015-08-25,21.618125915527344,22.206946739950894,19.431077933850712,20.69283631349395,457079
2015-08-26,20.566659927368164,22.122828761935388,20.440484827710822,21.32371608858822,448478
2015-08-27,21.660184860229492,22.206947333878198,21.029305653534937,21.82842018074653,252346
2015-08-28,21.912532806396484,22.96399927906283,21.702240995403326,21.912532806396484,187968
2015-08-31,21.44989013671875,21.870477490475658,21.11342136636837,21.660183813597204,101899
2015-09-01,21.28165626525879,21.954593792884534,20.819010556000332,21.23959790158533,355600
2015-09-02,21.28165626525879,21.618125029071663,21.02930422879283,21.11342095613975,66419
2015-09-03,21.576066970825195,24.09958180793158,21.28165656651816,21.702242063631683,146788
2015-09-04,20.903127670288086,21.323715023658636,20.56665890024679,21.28165665920663,257090
2015-09-07,20.524600982666016,21.029305075929233,20.188132205298963,21.029305075929233,111728
2015-09-08,20.566659927368164,21.0713640348482,20.230192994948585,20.524601560815718,116881
2015-09-09,21.44989013671875,21.912534000541058,21.029304637387085,21.029304637387085,169510
2015-09-10,21.8704776763916,22.206946449602224,20.69283604294179,21.02930481615241,202809
2015-09-11,22.206945419311523,22.921941297408726,21.702241355698693,21.702241355698693,438013
2015-09-14,21.828420639038086,22.417241491572113,21.449891623533805,21.449891623533805,365218
2015-09-15,21.9545955657959,22.20694762264018,21.3657747179677,21.78636024309126,152635
2015-09-16,22.375181198120117,22.50135629993409,21.87047893643886,22.164887507338133,115725
2015-09-18,23.46870231628418,23.763114571017585,22.08076889656354,22.711648060877504,252787
2015-09-21,23.55282211303711,23.63693884477127,22.543415768951284,22.543415768951284,211381
2015-09-22,22.79576873779297,23.76311675501894,22.543416677989374,23.13223567829726,147425
2015-09-23,22.71164894104004,23.13223444874023,21.99665302162213,22.33312179866734,110780
2015-09-24,23.04811668395996,23.46870217278928,22.29106243318215,22.29106243318215,148570
2015-09-28,22.71164894104004,23.384586495130456,22.37518016399483,22.37518016399483,98405
2015-09-29,22.879884719848633,23.048118184563528,22.291063884495863,22.71164940070842,191092
2015-09-30,23.006059646606445,23.384586793813945,22.711649231128323,22.711649231128323,122614
2015-10-01,22.669591903686523,23.258412761614807,22.459298210304883,22.753708639269025,78587
2015-10-05,23.342527389526367,23.636937791907258,22.37517945439636,22.37517945439636,130267
2015-10-06,23.76311492919922,23.88929002219377,23.04811717228774,23.300469212702072,166845
2015-10-07,24.688404083251953,25.06693123858446,23.552822617254435,23.76311630551709,275711
2015-10-08,24.856637954711914,25.52957549258556,24.393994092833246,24.856637954711914,192843
2015-10-09,24.39399528503418,25.44546000754654,23.889291179750064,24.856639169523515,141852
2015-10-12,24.478111267089844,25.235165547373708,24.057523907443016,24.73046145756762,352307
2015-10-13,24.77252197265625,24.98281565498887,24.18370114566514,24.393994827997762,127325
2015-10-14,25.613693237304688,26.45486612022856,24.646345256433623,24.898697306753313,705627
2015-10-15,25.57163429260254,26.076338381819806,25.445459197510857,25.823986337211174,150475
2015-10-16,25.866044998168945,26.160455411176418,24.898697028123042,25.44545948862625,150207
2015-10-19,27.800739288330078,28.51573702287153,25.655749793556073,26.076337132562852,1397122
2015-10-20,27.716625213623047,29.356910800265858,27.085745999189243,28.263385839553745,666709
2015-10-21,27.2119197845459,28.43161978739928,26.83339264507336,27.800740603469965,252708
2015-10-23,26.959569931030273,27.716624219425086,26.66515766346805,27.33809707522768,176468
2015-10-26,26.24457359313965,27.1278048809918,25.99222338611794,27.001629777480943,131673
2015-10-27,25.99222183227539,26.454865705249905,25.781928151236823,26.412807339927248,112863
2015-10-28,25.57163429260254,26.32869042642844,25.445459197510857,26.034280016789246,69084
2015-10-29,25.024873733520508,25.655751064431264,24.898696783798144,25.655751064431264,86575
2015-10-30,25.15104866027832,26.623098846581197,24.64634457362146,24.64634457362146,277727
2015-11-02,24.604286193847656,25.361342323372746,24.47811109947277,25.319282104155864,123621
2015-11-03,24.478111267089844,25.235165547373708,24.393994536930585,24.98281535689593,111804
2015-11-04,24.39399528503418,25.10899122216557,24.225759965131033,24.982816123057205,141834
2015-11-05,23.973407745361328,24.646345311431965,23.889291013208826,24.646345311431965,121473
2015-11-06,23.594879150390625,24.982814417982848,23.38458547847054,24.099581366803545,119797
2015-11-09,23.46870231628418,23.889289662110293,22.795766642697853,23.13223355227841,128937
2015-11-10,23.342527389526367,23.805173102307144,23.216352297545363,23.72105451989459,67762
2015-11-13,23.55282211303711,24.309876407495153,23.342528429276406,24.309876407495153,62680
2015-11-16,23.132234573364258,23.42664684109339,21.786359457932573,23.34252825555994,205526
2015-11-17,24.015464782714844,24.09958151021335,22.87988339820935,23.17429379887934,127066
2015-11-18,24.057523727416992,24.309875770431645,23.552821495812935,23.636938225342735,131779
2015-11-19,23.847232818603516,24.562228755891503,23.04811829413287,23.763116085846182,146017
2015-11-20,24.225759506225586,24.56222828523287,23.763115630500053,23.805173996072803,98480
2015-11-23,23.973407745361328,24.39399511497446,23.763115914980073,24.141643064091642,65773
2015-11-24,24.267818450927734,24.60428723796454,23.889291297314497,24.099583130196667,100314
2015-11-26,24.39399528503418,24.73046221598982,24.14164323239212,24.520170384142546,97742
2015-11-27,24.856637954711914,25.066929776281658,24.436052457147195,24.64634427871694,85463
2015-11-30,25.40340232849121,25.52957743101337,24.436054312545206,24.47811268005259,133325
2015-12-01,26.454866409301758,26.917510294588762,25.403401684976508,25.7398704709376,364760
2015-12-02,26.623098373413086,27.085744087030225,25.655750436534337,26.49692328120399,263649
2015-12-03,25.613693237304688,26.665157950140546,25.2351660890378,26.286630801873663,135231
2015-12-04,25.108991622924805,25.823987571468095,24.81458119921427,25.52957714775756,98082
2015-12-07,25.19310760498047,26.496924362025297,25.024874141839355,25.65575148304383,73996
2015-12-08,24.3519344329834,25.193107301843423,24.099582386882865,24.688403209642352,89984
2015-12-09,23.426647186279297,24.3098765847797,23.38458696568018,24.141643120084506,144043
2015-12-10,23.805173873901367,23.973407335328968,23.13223446491513,23.552821827334686,51381
2015-12-11,23.93134880065918,24.688403080577825,23.5948800257592,24.688403080577825,86717
2015-12-14,24.478111267089844,24.814580042152148,23.552821672062198,23.552821672062198,107295
2015-12-15,24.3519344329834,24.772521794626048,23.973407291045238,24.520169748525515,44735
2015-12-16,24.3519344329834,24.89869689046368,24.22575933714577,24.562228113804725,90755
2015-12-17,24.8145809173584,25.066931116736523,24.09958312251104,24.772522550795376,117410
2015-12-18,24.520170211791992,25.193107777823897,24.3939951135705,25.108991045676238,80014
2015-12-21,26.917509078979492,28.347502745553847,24.898696454383604,25.31928195423477,1088332
2015-12-22,28.68397331237793,29.398969263222234,26.917510764429856,27.085746087559592,1159812
2015-12-23,31.375720977783203,31.79630832261368,29.567202070942884,30.11396450656738,2763276
2015-12-24,30.997196197509766,31.543956820099652,30.36631698693076,31.459840086535877,869987
2015-12-28,30.029848098754883,31.333664882374954,29.861614632184725,31.123373049162257,392307
2015-12-29,28.978384017944336,30.282200830743502,28.726031958016186,30.240142463159707,420581
2015-12-30,28.978384017944336,30.19808409557591,28.263386205743682,28.810148693183777,623403
2015-12-31,29.44102668762207,29.735437102852313,28.347503612784948,29.23073300405038,474354
2016-01-01,30.0719051361084,30.702786171135234,29.483086174715474,30.113965355317056,405347
2016-01-04,29.314851760864258,30.19808301169894,29.020441343919362,30.07190605905095,303988
2016-01-05,31.670133590698242,32.46924621696614,29.525144041916935,30.28219830411023,2242768
2016-01-06,30.618667602539062,32.637480239709134,30.36631555928649,31.922484329181227,933535
2016-01-07,28.43161964416504,30.198082092038064,28.053092506599466,29.777494735253864,525210
2016-01-08,28.599855422973633,29.31485134494165,28.221326424825588,28.894265835741397,254937
2016-01-11,28.347503662109375,28.599855711949434,27.12780363323685,28.179268344074234,257074
2016-01-12,27.968976974487305,28.852206381813485,27.800741653685684,28.51573944906091,151176
2016-01-13,26.665159225463867,28.768090606138486,25.066931969567285,28.179269745372576,397409
2016-01-14,25.78192710876465,26.370747908323906,25.235164672827455,25.4033999817409,168358
2016-01-15,25.235166549682617,27.884858490343817,24.81458102775593,26.875452125064566,530213
2016-01-18,23.847232818603516,26.202514316786136,23.636939132284855,26.202514316786136,236315
2016-01-19,24.225759506225586,24.814580333094653,23.678997044929265,23.805173996072803,146401
2016-01-20,23.384586334228516,24.22575919826633,22.96400082942224,23.594880013844286,197092
2016-01-21,23.006059646606445,24.05752435649957,22.54341576766957,24.01546599063488,170919
2016-01-22,23.88928985595703,24.05752331211242,23.174293958446178,23.216352322485026,169992
2016-01-25,23.93134880065918,24.730461445637165,23.763115340421823,24.267817575559164,108829
2016-01-27,24.478111267089844,24.646344727408362,23.678996767301086,23.678996767301086,180486
2016-01-28,24.478111267089844,24.856638407231777,24.015465542363387,24.057523907443016,85072
2016-01-29,24.646343231201172,25.108988927841768,23.763113909296685,24.56222650614839,130581
2016-02-01,24.688404083251953,25.235166560079655,24.267818561151984,25.235166560079655,53690
2016-02-02,23.76311492919922,25.108990005508673,23.59487961744792,24.393994103022433,75095
2016-02-03,22.964000701904297,23.258411109961425,22.795767242686086,23.216352745156872,67405
2016-02-04,22.79576873779297,23.55282306277838,22.711650148241517,23.048118943171186,147791
2016-02-05,23.805173873901367,24.015465700685866,22.753707322277748,22.753707322277748,156261
2016-02-08,24.478111267089844,24.98281535689593,23.8892904471245,24.351934317425687,202776
2016-02-09,23.46870231628418,24.730460644912107,23.38458558888904,24.225758426116062,124040
2016-02-10,23.426647186279297,23.889291068616398,23.006059815690676,23.594880650974492,149365
2016-02-11,21.197538375854492,23.468703069379956,20.52460082624882,23.00605919943553,187606
2016-02-12,19.85166358947754,21.87047812453351,19.178726029267313,21.87047812453351,309450
2016-02-15,21.02930450439453,21.323714908392372,19.80960452417851,20.188131656625668,165350
2016-02-16,21.576066970825195,21.99665246793872,20.23019189652173,21.02930452647995,209520
2016-02-17,23.174293518066406,24.982814263920964,20.776951978006867,22.080768656135675,579115
2016-02-18,22.206945419311523,23.973405933106093,21.78635808149244,23.216351692112017,164030
2016-02-19,22.417240142822266,22.795767281126814,21.870477690590555,22.333121558646056,175702
2016-02-22,22.333120346069336,22.585472376046,22.038709953500753,22.375178708661252,27624
2016-02-23,21.912532806396484,22.543413802651376,21.870476298622993,22.333120137233077,93297
2016-02-24,21.618125915527344,22.58547388295881,21.36577386871364,22.58547388295881,54526
2016-02-25,21.4919490814209,22.206946860340118,21.44989071579482,21.44989071579482,66059
2016-02-26,21.534008026123047,22.080770502815778,21.113422504126902,21.534008026123047,122048
2016-02-29,21.323715209960938,22.249004799264938,20.819011123276844,22.249004799264938,86162
2016-03-01,22.164886474609375,22.29106342496975,21.40783219014824,21.40783219014824,84512
2016-03-02,24.141643524169922,25.235166626268143,22.54341631068769,22.54341631068769,363970
2016-03-03,24.8145809173584,25.40340175809136,23.763116190006873,24.30987680975148,281283
2016-03-04,24.30987548828125,25.108989972815266,24.141642031174236,25.108989972815266,132375
2016-03-08,24.8145809173584,26.58104343955728,24.520170496991916,24.982816238035817,320264
2016-03-09,24.39399528503418,24.7725224367846,24.01546627885843,24.7725224367846,45257
2016-03-10,24.478111267089844,25.655751052595267,24.057523907443016,24.814580042152148,120489
2016-03-11,24.141643524169922,24.730462514884135,23.97340820223347,24.393995579861926,54042
2016-03-14,24.30987548828125,24.898696297006264,24.057523448195496,24.09958181247225,52500
2016-03-15,24.057523727416992,24.604286178211204,23.973406997887192,24.309875770431645,104500
2016-03-16,23.342527389526367,24.35193368865004,23.25841066153903,24.099581650262817,87210
2016-03-17,23.30047035217285,24.057524656013094,23.048118299417663,24.015466289624783,112735
2016-03-18,23.594879150390625,23.973406276306612,23.38458547847054,23.468702205468496,795205
2016-03-21,24.478111267089844,24.73046145756762,23.8892904471245,24.057523907443016,443698
2016-03-22,24.73046112060547,25.1931068390282,24.52016929807263,24.52016929807263,125406
2016-03-23,24.183700561523438,24.81457973885753,24.05752361340147,24.22575892608901,140887
2016-03-28,23.426647186279297,24.688403734769206,23.090176548038272,24.688403734769206,140312
2016-03-29,24.77252197265625,24.940755434982112,23.258411539597013,23.468703367504343,476424
2016-03-30,24.77252197265625,25.73986994430584,24.52016992474216,24.562228290323628,250435
2016-03-31,25.15104866027832,25.445459068423947,24.520169479169873,24.520169479169873,189520
2016-04-01,26.16045570373535,26.623099583963654,24.940755672553504,24.982815892960904,194154
2016-04-04,27.548391342163086,28.053093593666148,25.866045558685347,26.076339245226393,337676
2016-04-05,27.884857177734375,29.398967581592988,27.1278029030177,28.263384315092715,1046428
2016-04-06,30.0719051361084,30.53455085757636,26.833392503533677,28.305444543079123,882231
2016-04-07,29.02044105529785,30.240141077021182,28.389561861608218,30.240141077021182,307382
2016-04-08,30.156024932861328,30.702787405884813,28.431620780841214,28.978383253864695,563122
2016-04-11,31.838367462158203,32.301013181862025,29.903671562947352,30.282198698979865,722514
2016-04-12,33.35247802734375,33.815123775082455,30.955138117583054,31.71219428994856,931917
2016-04-13,33.646888732910156,34.74041364593577,32.889830741522864,33.646888732910156,1028931
2016-04-18,32.72159957885742,33.64689109605037,31.29160764376011,33.64689109605037,324604
2016-04-20,36.29658126831055,36.843343735248915,31.96454360766096,32.88983136866008,1493396
2016-04-21,34.530120849609375,36.675112480572864,34.277770638367,35.79187932352289,728753
2016-04-22,34.067474365234375,34.908649135927114,33.73100742403789,34.48806175058074,329098
2016-04-25,35.53952407836914,36.170403225966524,32.847774037647056,33.98335353624209,834476
2016-04-26,37.390106201171875,38.02098540010661,34.992764503449756,35.160997967472184,1448345
2016-04-27,36.63304901123047,38.23127808158985,36.2545237087498,36.590990644288176,987470
2016-04-28,34.950706481933594,37.01157756307308,34.109531735829215,36.25452325865966,744117
2016-04-29,35.20305633544922,35.91805226643521,34.15159347639952,35.160997969441254,595324
2016-05-02,34.82453155517578,35.7918776964817,34.15159398026928,34.950706655061246,268150
2016-05-03,34.44599914550781,36.12834477108639,34.235707333129355,34.82452811663934,554765
2016-05-04,32.76365280151367,34.36188166709616,32.469244270639386,34.36188166709616,411446
2016-05-05,32.595420837402344,33.14218327130876,31.75424985923499,32.04865840349593,381773
2016-05-06,31.375720977783203,32.93189155746069,31.039252214573942,32.80571646666666,372045
2016-05-09,33.14218521118164,33.43659377267485,31.62807662008677,31.670134986014368,946850
2016-05-10,34.40394592285156,35.245117006883476,32.469249833382555,32.889833520973085,865812
2016-05-11,33.604827880859375,34.90864452342305,33.142182188993154,33.64688624295174,314253
2016-05-12,33.81512451171875,34.235711901447985,33.31042038581383,33.646891039367375,189418
2016-05-13,33.058067321777344,34.06747177754546,32.385129781648445,34.06747177754546,241729
2016-05-16,32.80571746826172,33.394534576611065,32.30101338082605,33.394534576611065,177045
2016-05-17,32.97395324707031,33.6468908413666,32.63748259549678,33.14218671843169,146403
2016-05-18,32.637481689453125,33.01601069835872,31.88042738049261,32.637481689453125,303448
2016-05-19,31.964542388916016,33.436592560727135,31.628075473690835,32.46924647060426,170984
2016-05-20,31.417781829833984,32.59542352155438,31.207489995187732,31.964544308764932,173767
2016-05-23,31.08131217956543,31.964541516783648,30.913076872117795,31.543954175377156,104135
2016-05-24,30.4504337310791,31.712194007101044,29.945731475095666,31.45984009747131,200480
2016-05-25,31.291606903076172,31.62807754923217,30.534552585288576,31.081315067260373,383534
2016-05-26,30.4504337310791,31.375723363878297,30.28220026389307,30.997196208284386,145188
2016-05-27,31.08131217956543,31.37572072235471,30.366314440944468,30.57660811164771,157357
2016-05-30,30.408374786376953,31.501897865579974,30.15602459039378,31.12337257160521,160991
2016-05-31,30.366315841674805,30.913078298069063,29.945730335292833,30.702786472090715,103786
2016-06-01,30.324256896972656,31.207488112478714,30.071904856195893,30.36631526136458,119977
2016-06-02,29.27279281616211,30.7448448717889,29.02044077027962,30.450432606238266,193422
2016-06-03,29.945730209350586,30.91307816805846,29.272792660199478,29.272792660199478,330450
2016-06-06,29.735437393188477,30.618668647503064,29.441026975083616,29.77749575942841,78487
2016-06-07,30.029848098754883,30.66072730724365,29.60926257790415,30.66072730724365,89086
2016-06-08,31.12337303161621,31.586018773274002,29.861614615350007,29.861614615350007,286280
2016-06-09,30.871021270751953,31.375723529397895,30.576610847197923,31.1233733272876,167960
2016-06-10,29.945730209350586,31.249546942634012,29.651319799793818,30.786901218576837,187977
2016-06-13,29.48308563232422,30.28219825735839,29.27279195785065,30.156023165329383,103672
2016-06-14,30.618667602539062,31.67013414035391,29.81955310797679,29.98778842162026,455998
2016-06-15,30.997196197509766,31.501898453317764,30.450433720494534,30.70278763003655,214744
2016-06-16,30.66072654724121,30.91307859526661,30.156024305615702,30.324257768015777,227805
2016-06-17,30.28219985961914,31.039254160700125,29.90367270907865,30.4083749583242,116886
2016-06-20,30.28219985961914,30.492493545219556,29.86161434284363,30.28219985961914,74255
2016-06-21,30.029848098754883,30.576610573958572,29.483087477976532,30.366316886320536,215554
2016-06-22,30.366315841674805,30.450432572066145,29.525144828910857,29.9877887004885,143067
2016-06-23,30.0719051361084,31.03925308940247,29.903671676974778,30.91307799505226,264452
2016-06-24,29.146617889404297,29.651320129669894,28.053092969049146,29.651320129669894,305815
2016-06-27,30.240140914916992,30.871020105224755,29.020440899731938,29.441026408462022,319620
2016-06-28,30.28219985961914,30.78690210886469,30.071906174018725,30.70278723081997,127586
2016-06-29,31.71219253540039,32.30101335207616,30.492492537204182,30.618667631738166,660506
2016-06-30,31.964542388916016,32.67953829262,31.796308931303425,31.964542388916016,313986
2016-07-01,32.25895690917969,33.39453653649247,32.13277809827761,32.34307364388058,485047
2016-07-04,31.838367462158203,32.80571726618887,31.712192368289113,32.42718827573111,190124
2016-07-05,32.637481689453125,33.39453599841364,31.459840004914245,31.79631064714707,769470
2016-07-07,33.184242248535156,34.61423405052325,32.889829989978516,33.14218388429142,841499
2016-07-08,33.058067321777344,33.60482976854154,32.805717135047935,33.478650966326356,176111
2016-07-11,34.025413513183594,34.99276331619295,33.43659270023235,33.47865106481098,1474840
2016-07-12,33.94129943847656,34.19365335453467,33.268361843739584,34.10953290994811,412598
2016-07-13,32.595420837402344,34.65629177378008,32.04865840349593,33.983354249476115,398395
2016-07-14,33.562774658203125,34.572179211839185,32.38513292158535,33.14218726402511,1066563
2016-07-15,32.51130676269531,33.941298654891575,32.216898194416956,33.64689008661322,210835
2016-07-18,31.291606903076172,33.05806945048104,31.123373434423534,32.80571924750208,296887
2016-07-19,30.49249267578125,31.62807594944894,30.198082266105377,31.543955510526807,515705
2016-07-20,32.34307098388672,32.469246075561024,30.36631490001269,30.66072530167796,528807
2016-07-21,32.216896057128906,33.478650689181286,31.964542163638068,32.51130460587602,335659
2016-07-22,31.922483444213867,32.46924588036601,31.880425080575275,32.46924588036601,89164
2016-07-25,32.637481689453125,33.05806906503149,31.71219391380153,31.964544113838144,189563
2016-07-26,33.94129943847656,35.6236452797444,32.385132409663164,32.385132409663164,1789592
2016-07-27,35.11893844604492,35.7077592596017,34.235709080135,34.44600090324439,996727
2016-07-28,36.42275619506836,37.011577025244804,34.69835207034803,35.32923497518406,1345739
2016-07-29,35.707759857177734,37.390105596758694,35.245114129744124,36.675109677370685,1584143
2016-08-01,35.960113525390625,37.09569309069095,35.32923434073465,36.2545220807665,358434
2016-08-02,34.488059997558594,36.38069757213866,33.77306407500842,36.17040574457995,323116
2016-08-03,34.530120849609375,35.329237269578556,33.31042074423625,34.57217921814977,635900
2016-08-04,35.58158493041992,36.63304777741434,34.65629347115219,36.170405756631055,469154
2016-08-05,35.83393478393555,36.17040541380304,35.160997233051106,35.539526228045716,332058
2016-08-08,35.3292350769043,36.338639568076914,34.446001974671326,36.25452283621674,421709
2016-08-09,36.254520416259766,36.506870594996116,35.32923271870945,35.623641260568526,465647
2016-08-10,35.707759857177734,36.33863904591428,34.99276393778973,36.33863904591428,361400
2016-08-11,35.707759857177734,36.00216841445786,34.74041374583534,35.74981822250347,312030
2016-08-12,34.90864562988281,36.12834558692122,34.48805828677807,35.960112133219475,462980
2016-08-16,35.11893844604492,35.455409071870434,34.572175997110016,34.572175997110016,169747
2016-08-17,35.20305633544922,35.66570207038743,34.488060404463226,35.66570207038743,246018
2016-08-18,34.782470703125,36.002166957047024,34.53011681253564,35.58158332081543,371790
2016-08-19,40.4183235168457,41.21743989118158,34.572177243915746,34.782472783459696,2914928
2016-08-22,42.60537338256836,44.582127717224964,40.7968525124313,40.88096924469107,3697746
2016-08-23,43.11007308959961,43.65683550239247,41.091260594645384,43.15213145144135,1307410
2016-08-24,44.792415618896484,46.096232272259655,42.815661457631364,43.194190428448216,2740284
2016-08-25,43.15213394165039,45.67565063318201,42.89978004718695,44.960654731761444,935123
2016-08-26,43.15213394165039,43.99330493587744,42.89978004718695,43.82507147880212,542777
2016-08-29,40.334205627441406,45.5915346236053,39.703326444609786,43.236251352007095,6588797
2016-08-30,42.14272689819336,43.48860200815975,38.52568893097764,40.3762644255435,5442329
2016-08-31,43.65684127807617,44.077424952135665,42.05861219009789,42.31096239453358,1514044
2016-09-01,44.45595169067383,45.339181069811836,43.11007658491565,43.95124759880187,2360769
2016-09-02,45.04477310180664,45.33918166241719,44.455952271734944,44.87653592975001,1020390
2016-09-06,44.58212661743164,45.8438849879033,44.203597622749925,45.7597682577186,1247065
2016-09-07,45.17094802856445,45.7597688564117,44.49801046943196,44.87653576021553,988620
2016-09-08,46.937408447265625,47.820637795756745,44.834479131093644,45.21300440522537,1997727
2016-09-09,47.23181915283203,48.11504854169656,45.00271464338793,47.946815078836764,2189806
2016-09-12,45.33918380737305,46.474767155438364,44.87653805281852,45.84388792971883,1066823
2016-09-14,47.904754638671875,48.66180889760836,45.086829422394295,45.80182531743711,1668562
2016-09-15,46.64299774169922,48.367401841037136,46.39064755055976,48.32534347584723,873247
2016-09-16,46.390647888183594,47.778581367252855,45.59153523490896,47.189760541458234,551186
2016-09-19,48.03092956542969,48.57769200302041,46.47476268900645,46.93740839909866,1122033
2016-09-20,47.10564422607422,49.08239854837879,46.3065315657491,48.07299034986766,926775
2016-09-21,46.727115631103516,49.62916144544265,46.47476543370474,49.62916144544265,1165969
2016-09-22,46.937408447265625,48.1991667787389,46.727112919453134,47.48416717656701,1049113
2016-09-23,46.516822814941406,47.86269792360384,45.92800199129527,47.23181873461517,397289
2016-09-26,46.09623336791992,47.52622885144511,45.80182482383704,47.06358314475019,714665
2016-09-27,46.76917266845703,47.31593512280288,46.26447228799982,46.39064738311412,465960
2016-09-28,47.484169006347656,47.73652290767691,47.105643717629626,47.35799391010831,600293
2016-09-29,41.133323669433594,47.946816156969625,38.0209859922903,47.6524075903449,1559732
2016-09-30,42.77360534667969,43.74095515143576,41.13332170745051,41.175380072105085,629916
2016-10-03,45.255062103271484,45.42329555596626,43.99330379035991,44.32977069574947,501733
2016-10-04,45.086830139160156,46.18035503548069,44.83447995178641,45.84388441013188,446298
2016-10-05,45.67565155029297,47.9468143929633,45.170947460082715,46.306530735843154,1155636
2016-10-06,46.1382942199707,47.27387751181378,45.675652197172155,45.928002391425906,869143
2016-10-07,46.30653381347656,47.021529776773555,45.46535903760298,46.30653381347656,551731
2016-10-10,47.820640563964844,48.5356364986755,46.390648694543536,46.76917399058708,1063263
2016-10-13,45.928001403808594,47.946814040978666,44.750359771580094,47.946814040978666,584222
2016-10-14,50.55445098876953,51.563855448649576,46.26447183494048,46.26447183494048,3613020
2016-10-17,51.8582649230957,52.741498013651814,48.872106146136105,50.84886044526801,1987349
2016-10-18,51.35356521606445,53.41443627313151,50.76474438420949,52.741498709418785,1163983
2016-10-19,52.236793518066406,53.16208496687142,50.76474332360907,51.732089428613726,1090669
2016-10-20,51.437679290771484,52.86767107618465,51.01709194435861,52.69943762115967,734187
2016-10-21,49.965633392333984,51.6479755034067,49.29269209728402,51.6479755034067,709121
2016-10-24,52.405025482177734,52.99384628492078,50.175921071604414,50.55445005510009,1212318
2016-10-25,51.227386474609375,52.993848972421915,50.7226860828206,52.65738204456274,724044
2016-10-26,50.59650802612305,51.311507676125004,50.0497492602461,51.2273872340625,515635
2016-10-27,49.92356872558594,50.80680181147583,48.87210588793919,50.51238954656235,381530
2016-10-28,51.31150436401367,52.9938463373581,49.965629301797954,50.21797948514449,1696222
2016-11-01,52.0265007019043,52.95178842423549,51.47973825781522,52.74149660298987,767297
2016-11-02,51.69002914428711,52.99384583013237,50.34415409495331,51.31150387289033,1025179
2016-11-03,49.0823974609375,52.32091010520506,48.53563500792861,51.31150563790832,1091740
2016-11-04,47.10564422607422,49.965631649288675,45.928002564094776,49.58710264763435,999723
2016-11-07,49.0823974609375,49.62915991394639,47.52623054063187,47.52623054063187,536984
2016-11-08,48.53563690185547,50.38621615777057,48.07299116066403,49.37681165108548,253180
2016-11-09,44.750362396240234,45.675653893910834,40.37626623806739,41.46979120482328,1558159
2016-11-10,48.157108306884766,48.872104198601825,46.01211692288318,46.264470813921825,574159
2016-11-11,45.71771240234375,47.9047586337577,45.12889154987639,47.357996148691534,517306
2016-11-15,40.965084075927734,45.675650534681935,40.50244206996831,45.59153380632568,579028
2016-11-16,39.61920928955078,42.98389699225932,38.90421338452837,42.479196618490896,424029
2016-11-17,39.82950210571289,41.97449358314881,39.32480171935204,39.99773927668375,370034
2016-11-18,40.039794921875,40.754790796159334,39.5771492236262,40.292145097910534,184034
2016-11-21,36.12834548950195,40.376262437118854,35.918049964091445,39.91362044068657,301468
2016-11-22,36.67510986328125,37.348047420754725,35.58158494156789,36.92746005651484,244316
2016-11-23,39.6612663269043,40.29214548185511,37.09569134402767,37.09569134402767,360260
2016-11-24,40.62861633300781,41.301553854969306,38.94627067367889,40.16597062764354,303568
2016-11-25,41.38567352294922,41.72214045341798,40.58656085423527,41.091264958789054,276361
2016-11-28,41.00714111328125,42.43713657562019,40.50244075947374,40.88096602482938,220903
2016-11-29,41.764198303222656,42.479197939327555,41.217439547972766,41.34361464533813,303538
2016-11-30,41.890377044677734,42.85772316516727,41.63802314148655,42.058610507571466,303836
2016-12-01,41.133323669433594,42.521257186937206,41.007144860600896,42.10066981147978,185502
2016-12-02,40.4183235168457,40.880969253221636,39.70332758363779,40.880969253221636,97255
2016-12-05,36.54893112182617,39.53509362457316,35.371293175823,39.45097689334797,954807
2016-12-06,36.80128479003906,37.68451417113058,36.33863906239562,36.54893088911966,239681
2016-12-07,36.927459716796875,37.39010544231954,36.59098908673025,36.84334298649286,159131
2016-12-08,38.0209846496582,38.27333484071103,36.885401372219405,36.885401372219405,233840
2016-12-09,39.70332717895508,40.165972910615416,37.85274796116431,38.357452058534626,350979
2016-12-12,40.670677185058594,41.34361474819867,40.12391471959779,40.46038535559313,425116
2016-12-13,39.072444915771484,41.091261146698365,38.86215310373756,40.880965625814135,250886
2016-12-14,40.250091552734375,41.17538305997927,39.07244983925039,39.07244983925039,385196
2016-12-15,39.1986198425293,40.25008631609526,38.904211306886985,39.78744062266421,242843
2016-12-16,38.73598098754883,40.2500895680251,38.52568915938562,39.78744383721546,208236
2016-12-19,37.89480972290039,39.11450602727164,37.51628072578479,39.11450602727164,91095
2016-12-20,36.67510986328125,38.69392253570167,36.212464133502436,38.609802095773226,220471
2016-12-21,36.59098815917969,37.72657140719899,36.21246288240689,37.348046130426184,96242
2016-12-22,36.002166748046875,36.84334143332767,35.37129129736185,36.71716634319067,144941
2016-12-23,37.7265739440918,38.189219688997014,35.9601151160004,36.21246531748469,190810
2016-12-26,36.29658126831055,37.768631496248034,35.70776043536543,37.768631496248034,147036
2016-12-27,37.642452239990234,38.020981201086755,36.17040217466526,36.17040217466526,120088
2016-12-28,37.81068801879883,38.52568762375508,37.2218672145616,37.81068801879883,140624
2016-12-29,38.27333450317383,38.69392186006987,37.263926330163535,37.68451368705958,81079
2016-12-30,37.936866760253906,38.567745927461786,37.85274632362248,38.18921694359688,123944
2017-01-02,40.54450225830078,41.00714428507513,37.09569398742464,37.852748285542376,637907
2017-01-03,40.92302703857422,41.259497671758915,40.3762645776807,41.049202135199515,348950
2017-01-04,41.93243408203125,42.22684263276876,39.53509247633818,40.96508428333562,365778
2017-01-05,41.84831619262695,42.89977898209296,41.09126194573332,42.05860800875008,363919
2017-01-06,43.11007308959961,43.48859834617526,42.22684007322259,42.3530151587478,436870
2017-01-09,45.928001403808594,46.5588805847274,43.15213449130606,43.74095530742031,660968
2017-01-10,49.67121887207031,50.17592296617127,46.096235556776634,46.26447272737733,1258234
2017-01-11,53.120025634765625,54.003254993590645,50.470330140589645,50.470330140589645,2750218
2017-01-12,56.02206802368164,58.29323454738787,54.92854312642675,57.11559292093653,2648046
2017-01-13,53.835018157958984,56.064126314118326,53.41443451253306,55.55942223075673,797714
2017-01-16,55.1808967590332,55.85383429823785,53.07796370377452,53.582667785390626,629423
2017-01-17,54.17148971557617,56.14824400965433,53.835019084593455,55.517364821805955,357198
2017-01-18,53.96119689941406,54.844426262660164,53.83501809707849,54.50795934669993,470306
2017-01-19,54.84442901611328,55.51736659066893,53.835020799854476,54.213549808164196,583512
2017-01-20,57.62029266357422,60.56439669738294,54.676192338615955,55.22295478124118,3837876
2017-01-23,58.54558563232422,61.279394208512905,56.10618561283562,57.998823175316375,3961581
2017-01-24,56.44265365600586,59.30263719680671,56.190299767267305,59.13440374354793,1204403
2017-01-25,57.95676803588867,58.88205954043368,56.56883448792192,56.94735979617607,1001002
2017-01-27,61.742042541503906,63.718796917919995,57.99882562376363,58.29323790174301,3199535
2017-01-30,61.742042541503906,63.29821324773617,60.26999227815911,62.2467466545752,2349718
2017-01-31,60.059696197509766,61.742041989763365,59.97557946422469,61.40557505662305,1173297
2017-02-01,63.844966888427734,64.68614157890045,58.04087932664798,60.73262943491968,2348922
2017-02-02,62.83556365966797,65.02261357539176,61.99439261223227,63.76085514981286,979098
2017-02-03,65.7796630859375,66.70494703864935,62.33085519091023,63.045854753887994,1551069
2017-02-06,70.2799301147461,74.40167179922966,67.63023850202805,67.63023850202805,6723029
2017-02-07,66.7049560546875,70.95288080982837,65.27496415315048,70.49023135323894,3556733
2017-02-08,67.25171661376953,68.55553330460631,66.49465865037686,67.04142479552179,1443058
2017-02-09,66.95730590820312,68.55553109302855,66.20024796923289,67.67229806718004,614769
2017-02-10,68.6396484375,69.22846551491624,66.78906564450479,67.33583177694909,1309368
2017-02-13,67.96671295166016,70.74258737536454,67.12554562723574,69.52288733724787,2235696
2017-02-14,65.61143493652344,69.64906021830775,64.98055204559097,67.54612713880088,2567959
2017-02-15,62.919677734375,66.62083612083248,62.33086062225046,66.20025246931496,867210
2017-02-16,68.09288787841797,68.76582915395988,62.9196791754629,63.1720367898544,2084889
2017-02-17,65.3170166015625,68.8919997403055,65.02260805803915,68.09288341875563,1352199
2017-02-20,69.7331771850586,70.23787756535896,65.19084409155109,66.5367191900531,2874793
2017-02-21,69.77523803710938,70.6584711518175,69.43876368721499,70.3219968019231,1271299
2017-02-22,67.79847717285156,70.1117020714722,67.37789352499364,70.1117020714722,871802
2017-02-23,66.28437042236328,68.42936192007339,65.90584512901486,67.71436228160294,1204496
2017-02-27,65.40113830566406,67.63024656881818,65.19084647285733,66.4526048873991,697755
2017-02-28,68.09288787841797,68.30318712669443,64.39173682489185,65.65349522604434,2746705
2017-03-01,67.88259887695312,68.89200712348398,67.08348988746326,68.30318997333356,1974380
2017-03-02,65.52730560302734,68.97611350351313,65.19083871059959,67.88258868542249,1903134
2017-03-03,66.74700927734375,67.33583379006451,64.77025875493322,65.31701748602313,1554271
2017-03-06,66.2423095703125,67.33583446109056,65.98995938421778,66.8731850355493,1095728
2017-03-07,66.4105453491211,67.54612864394312,65.1908453226605,66.4105453491211,2454031
2017-03-08,64.93849182128906,66.74700887713595,64.81231673025562,66.41054196771343,574178
2017-03-09,65.19084167480469,65.69554945409566,64.39173276895357,64.6861413132145,547529
2017-03-10,65.3170166015625,66.36848310327524,64.89643296795772,65.61143256278662,600644
2017-03-14,65.10672760009766,67.20966069445791,64.26555287881334,66.36848597317359,2232103
2017-03-15,66.7049560546875,67.46201408147837,64.09732245464328,65.19084741880721,2602754
2017-03-16,67.6302490234375,68.38730706672028,65.86379014604647,67.12554860638338,1454893
2017-03-17,66.7049560546875,68.13495537392596,65.94790544559808,67.79848101885145,801753
2017-03-20,67.1676025390625,68.84994456918449,66.45260291108251,66.70495310294565,921456
2017-03-21,65.56937408447266,67.58818293993711,65.1908413971912,67.2937743969299,589744
2017-03-22,65.19084167480469,65.8217245444932,64.7702580401462,65.8217245444932,420546
2017-03-23,65.82172393798828,66.83112465186765,65.31701616334787,65.65349048567505,513412
2017-03-24,65.61143493652344,66.57877732881164,65.31701896464773,66.0320185853444,1197576
2017-03-27,66.9993667602539,67.2937753072437,65.65349169917108,65.86378351844952,1594790
2017-03-28,66.11613464355469,68.55553461734088,64.51790937656749,67.50406808826739,4926756
2017-03-29,65.35907745361328,66.57877745521068,64.77026034414608,66.32642726543902,702865
2017-03-30,65.06466674804688,65.94789980075183,64.81231656661711,65.94789980075183,995321
2017-03-31,64.72820281982422,65.94790283726215,64.34967753025073,65.19084484041403,854982
2017-04-03,67.88259887695312,68.55554018054089,64.93849829079788,65.44319870521252,2732749
2017-04-05,72.7193374633789,74.90638732598163,67.714362249558,68.13495332633619,5680849
2017-04-06,73.56051635742188,74.23345024998427,71.49964147604626,72.3408162594509,1851767
2017-04-07,71.75198364257812,75.20079170846442,71.07904982544956,73.18197542167712,1822486
2017-04-10,73.22404479980469,74.61197828351017,72.5931618975561,72.6352202631926,1522780
2017-04-11,72.8875732421875,74.02315657546687,71.75198990890813,73.56051453578698,1260286
2017-04-12,72.34081268310547,73.43433762215992,71.16317101163925,73.30816252354224,955480
2017-04-13,74.23344421386719,76.79901930605092,71.33140220276127,72.50904383668995,2553973
2017-04-17,75.62137603759766,77.05137524751017,74.90638385034227,76.12608382277291,2230402
2017-04-18,73.60256958007812,77.21961125283494,72.67727812479124,76.25226143220324,1019971
2017-04-19,73.30815887451172,74.73815067203317,72.67727599512529,74.023151064422,932470
2017-04-20,74.14932250976562,74.82226372016619,72.80344750666504,73.43433035502184,586933
2017-04-21,73.5184555053711,75.2428559645063,73.35022203791414,74.56992209467846,681373
2017-04-24,76.42049407958984,76.63078590407396,73.43433533651333,74.44374351173812,1712197
2017-04-25,74.73815155029297,77.80842700197701,74.02315193427971,77.00931807445154,849019
2017-04-26,72.8875732421875,75.03256480701535,72.13052263180222,74.86433133804084,1634673
2017-04-27,76.42049407958984,78.39725206514261,72.34081043149489,73.13991936453452,4896866
2017-04-28,75.9157943725586,77.38784457467368,75.0325612842091,76.9251951390139,1454880
2017-05-02,74.359619140625,76.92519422701794,73.43433511567746,76.12608529638143,987330
2017-05-03,75.07461547851562,76.63078232471182,73.68668208404868,74.61197348626021,2949956
2017-05-04,73.68668365478516,76.12608359225985,73.26610001649671,75.45314235329748,1404350
2017-05-05,72.5931625366211,74.86432913638806,72.38287070658734,73.93903766653833,1627821
2017-05-08,72.80345153808594,73.43433442137729,71.70992664669497,72.92962663120402,633411
2017-05-09,75.4531478881836,75.70549808966788,72.50904736879747,73.18198123942223,2060295
2017-05-10,77.26166534423828,77.76636570045709,74.23344095382333,75.70549107716222,2319032
2017-05-11,78.94400787353516,79.74312419456339,77.4298993758455,77.93459973584179,3298639
2017-05-12,79.74313354492188,80.33195070062655,77.8084337693461,79.91136701798035,5055838
2017-05-15,81.08900451660156,81.76193837372789,79.65901265250687,80.58429670605557,4964090
2017-05-16,80.33193969726562,82.3928142953497,80.1637062472507,81.55163962757445,2298801
2017-05-17,79.15430450439453,82.09840495216909,78.39725391835599,80.58429636239079,2930120
2017-05-18,76.88314056396484,79.23842397054125,76.21020668648671,78.48137335837835,1211908
2017-05-19,76.96724700927734,78.43930450487159,74.61197133526763,77.30372132073629,1215653
2017-05-22,75.15873718261719,78.73372052175937,74.61197842828187,77.38784540107893,3325333
2017-05-23,74.06521606445312,75.9157990866033,70.06964886269004,75.9157990866033,1220616
2017-05-24,70.952880859375,74.73815616056972,70.15376446485448,74.23344833645622,897803
2017-05-25,73.8128662109375,74.44374914987196,70.23788267084649,70.82670724169876,689365
2017-05-26,79.3225326538086,80.92076528599785,74.02314923576189,74.27549941420207,6225429
2017-05-29,75.4531478881836,80.54223995558893,74.86433075138693,79.91136445187821,1501100
2017-05-30,76.88314056396484,77.55608185914444,74.52786457508991,75.66344049333426,591383
2017-05-31,75.15873718261719,77.38784540107893,74.86432862259048,77.13549520677033,492994
2017-06-01,77.09343719482422,77.38784575620194,75.03256242977778,75.41108772297771,2117773
2017-06-02,77.89253997802734,78.2290068786679,75.45314011298204,77.38783962706651,1066032
2017-06-05,77.17755126953125,78.90195163021896,76.71490184273628,77.72431000755144,567717
2017-06-06,74.52786254882812,77.34578791955705,72.80345469927063,76.96725520606567,1815865
2017-06-07,77.42990112304688,78.14489331584205,74.27550154878887,74.86432606643878,3432578
2017-06-08,77.38784790039062,79.07019000114865,76.88314007777221,78.22901524191893,1017311
2017-06-09,76.3784408569336,77.4719658355745,75.53726608466332,77.4719658355745,387605
2017-06-12,76.12608337402344,78.60754166821319,75.28490868215715,75.99990828289862,968570
2017-06-13,75.95785522460938,77.3037303749801,75.53726414044884,76.46255562436039,435766
2017-06-14,76.25225830078125,76.54666684610454,74.99049997455205,76.16814157354602,488937
2017-06-15,75.87373352050781,77.34578367437605,75.62137591946397,75.83167515661731,605248
2017-06-16,75.70549774169922,76.54667249381524,75.36903080793336,76.33638066021157,532104
2017-06-19,76.58872985839844,77.13549603631508,75.74755511728891,76.21020456286472,775596
2017-06-20,76.79901885986328,79.40665230176243,75.87373483820299,76.88313558910512,3119728
2017-06-21,82.56105041503906,83.2760426007223,76.29431711084042,76.54666729402274,9736055
2017-06-22,82.30870056152344,85.71544288353135,81.34135077108253,83.06575111410258,5606520
2017-06-23,80.12165069580078,82.22458373016961,78.81783399474033,81.97222612859268,1444440
2017-06-27,80.87870788574219,83.6545823893179,78.4813735244519,80.1216572719773,5023854
2017-06-28,82.18252563476562,83.86486761713812,80.28988441410829,80.83664314762655,2660057
2017-06-29,83.82281494140625,85.58927377188778,82.43488141366332,82.51899814760523,2580754
2017-06-30,82.9395751953125,84.03310006695031,81.80399196006174,84.03310006695031,917198
2017-07-03,82.05634307861328,85.71544300782092,81.67781780177484,82.18252558859366,2512157
2017-07-04,81.59370422363281,83.82281244203008,81.21517893218085,82.35076222423793,1115849
2017-07-05,87.52397155761719,88.15484704826758,81.17312119656367,81.80399668721405,6005220
2017-07-06,91.05689239501953,93.2859931110989,87.7342593764093,87.86043446877034,5690019
2017-07-07,94.04306030273438,96.73481070573159,92.23454305055556,92.9495353106977,5152847
2017-07-10,96.69274139404297,97.49185771793205,94.29539984007653,94.96834107351482,857456
2017-07-11,94.16922760009766,97.91244431654586,93.6645272230174,97.11332796846779,1922092
2017-07-12,95.4730453491211,96.4403951665999,94.16922860998048,94.58981226205775,1144444
2017-07-13,93.41217041015625,96.39833658634656,93.03364512413113,95.97774551750646,885175
2017-07-14,97.36569213867188,98.08068438773716,92.19247583633899,94.04305884579335,2419170
2017-07-17,96.27216339111328,101.52948880491842,95.59922211830803,99.8891976976999,7530437
2017-07-18,98.3330307006836,100.01538017317226,96.73480537775046,98.3330307006836,2740587
2017-07-19,112.50678253173828,113.97884018661408,98.50126496889317,99.04803114811307,13525985
2017-07-20,112.4647216796875,117.3435217300547,109.05797925165956,113.1797213081866,7231774
2017-07-21,114.10501098632812,116.92293625569509,109.77296975286157,112.8432526280458,4430333
2017-07-24,114.18913269042969,116.12382496797494,111.45532403133451,114.65177472213149,2559157
2017-07-25,114.39942169189453,115.24058900144448,112.17031348618491,114.69383025023701,1780354
2017-07-26,117.04911041259766,119.99321075245076,116.29205243660925,117.76411002423674,5286885
2017-07-27,114.52558898925781,118.10057206449599,113.34794741838289,117.59586429543494,1593354
2017-07-28,119.69880676269531,121.38114881846795,112.84325602404823,114.60971481172443,3156809
2017-07-31,119.69880676269531,123.23173175574894,117.93234797501913,120.28763130372154,1986184
2017-08-01,117.0070571899414,120.37174873884463,116.08176571589529,120.0773327577609,1116830
2017-08-02,115.32471466064453,118.22675675200557,114.56765665443235,117.30146528167987,1425113
2017-08-03,112.08619689941406,115.40883002951388,111.49737978197166,115.07235568755992,1084778
2017-08-04,113.13765716552734,114.14706529986893,110.4038487225569,111.49737358328522,1481229
2017-08-07,117.17528533935547,118.85762732864104,113.39001030018726,116.92293515361777,2078253
2017-08-08,117.17528533935547,117.17528533935547,117.17528533935547,117.17528533935547,0
2017-08-09,117.17528533935547,117.17528533935547,117.17528533935547,117.17528533935547,0
2017-08-10,117.17528533935547,117.17528533935547,117.17528533935547,117.17528533935547,0
2017-08-11,93.74864959716797,93.74864959716797,93.74864959716797,93.74864959716797,1212392
2017-08-14,86.8930892944336,94.12717281381089,77.4719633068619,77.4719633068619,15896485
2017-08-16,97.36569213867188,99.93126739719152,89.7110173130035,89.75307568059557,6412783
2017-08-17,97.07127380371094,101.69772379792401,96.0618655881752,99.25832370108817,2355876
2017-08-18,94.5477523803711,96.65068544243005,91.68776875671561,95.13657690153603,1788724
2017-08-21,92.7392349243164,96.60862669930475,89.5848353435895,95.05245979997594,2846668
2017-08-22,89.1221923828125,94.2533424516989,87.06131771539386,92.57100047724953,2128985
2017-08-23,93.95893859863281,94.58981408893322,89.16425520154473,90.1316050377066,1238260
2017-08-24,105.31475830078125,109.14209164792398,93.79069989568234,94.42157535074391,9025327
2017-08-28,102.49683380126953,106.15592630108343,101.61360074043469,105.14652556607318,1630108
2017-08-29,100.09949493408203,104.22123696689043,99.42655367479644,102.62301167542613,1170696
2017-08-30,101.44536590576172,104.51564126842202,100.81448303725436,101.73977444947147,943213
2017-08-31,100.5621337890625,102.95947535975053,99.51066727693781,102.538891721981,645962
2017-09-01,99.93126678466797,103.04360080280772,99.258325489618,100.94066760069072,761468
2017-09-04,96.90303802490234,101.2771377152729,95.55716290887321,100.14155442710751,638361
2017-09-05,97.11333465576172,99.04803440319617,96.10392641439164,97.91245105886752,435297
2017-09-06,97.19744110107422,99.84713281809255,95.8936244241652,96.65068237947074,949674
2017-09-07,94.16922760009766,98.33302796411273,90.9307112607297,97.4498023042223,1097015
2017-09-08,98.37508392333984,99.13214188814916,92.78129187667932,94.54775057096664,1461822
2017-09-11,97.36569213867188,100.35185107311227,96.44040063394469,99.2583260980168,620693
2017-09-12,95.76744842529297,99.6788984188825,94.58980684916595,97.57597286113477,423617
2017-09-13,92.48688507080078,95.89362743229141,91.72982709174677,95.89362743229141,803954
2017-09-14,90.08954620361328,93.37011357153324,88.40719673615061,90.88865515384192,830854
2017-09-15,87.43984985351562,90.00542487167903,86.22014988991167,90.00542487167903,615030
2017-09-18,95.38893127441406,96.65068968347536,87.94455591918222,87.94455591918222,1481325
2017-09-19,96.2301025390625,98.8377359956248,92.9495278270804,95.80951147278724,896702
2017-09-20,98.3330307006836,102.37065608279418,96.73480537775046,96.73480537775046,1458465
2017-09-21,92.27659606933594,99.25832188154595,85.12662937620293,98.2909720503195,1242700
2017-09-22,88.74366760253906,92.4448259011327,86.47250110285873,92.4448259011327,1416401
2017-09-25,87.39779663085938,89.0801386935938,84.2013385521926,89.03808032746797,621865
2017-09-26,90.42601013183594,91.26718483767706,87.52396815235045,87.52396815235045,464301
2017-09-27,86.97720336914062,92.61306137707184,86.22015279787446,90.80453684364498,407890
2017-09-28,87.73426055908203,88.7436687292783,86.38838547138735,87.48191037095822,308558
2017-09-29,87.18749237060547,89.20630866399726,86.64073364239981,88.2389588810095,255831
2017-10-03,86.85102844238281,90.21571990763944,85.88368604388872,88.323078640401,402409
2017-10-04,86.68280029296875,90.25778380302991,85.96780804157744,87.14544233798665,580924
2017-10-05,94.3795166015625,95.89362510522645,86.93514175603886,87.48190789922634,1815996
2017-10-06,98.75362396240234,100.0994991195476,96.14599038182708,96.14599038182708,1378884
2017-10-09,102.7071304321289,104.97828960998976,99.3003805387858,99.3003805387858,1969051
2017-10-10,109.01592254638672,110.02532332994302,102.20242275117428,103.7165387619112,3043060
2017-10-11,110.8244400024414,115.1985397472096,105.98769823061942,112.9694315087297,3527096
2017-10-12,115.99764251708984,116.83881721184879,111.9600173341084,112.21236751722583,3377043
2017-10-13,116.03970336914062,118.10057807752528,113.5582450132085,116.92293644669134,2234883
2017-10-16,115.07235717773438,119.02587325970693,111.28708197776805,116.83882338833939,1972472
2017-10-17,120.62409973144531,125.12436719735636,115.57706608366013,115.57706608366013,9446153
2017-10-18,118.31087493896484,125.33465924058481,116.16588340973716,121.63350814917034,3992322
2017-10-19,120.16144561767578,120.96056196737604,118.60527870081835,118.60527870081835,940360
2017-10-23,116.96499633789062,123.48408004845845,114.90412160261064,120.96056329483858,2185878
2017-10-24,115.99764251708984,119.65674242539514,114.60970909224312,118.01645881743099,1535017
2017-10-25,114.94618225097656,118.1005819645047,113.81059894752255,116.37617411740354,945466
2017-10-26,116.29205322265625,118.98380339460776,112.5488365171641,114.3573610318103,1340546
2017-10-27,116.46029663085938,119.27822195797626,115.82941372993854,116.92293865188714,1111820
2017-10-30,122.76908111572266,123.90466440305147,113.81059733141865,116.79676353798742,4784862
2017-10-31,124.70378112792969,127.26935626882481,120.79233086809127,124.15702237430007,5813566
2017-11-01,120.3296890258789,125.58700699482772,118.85763139003987,125.33465680046714,3329924
2017-11-02,120.70820617675781,123.56818968870033,119.44644787234779,123.18966442268753,3357966
2017-11-03,120.53997802734375,121.75967802251395,117.76411111908084,121.38114532215009,1790085
2017-11-06,118.22675323486328,121.12879523989112,117.76411122231424,121.12879523989112,1562166
2017-11-07,116.41822814941406,119.4464526517876,115.0723530653706,119.15204409977518,1423988
2017-11-08,111.2450180053711,117.76410892486037,108.51120951278573,115.28265061601502,1064012
2017-11-09,114.60971069335938,118.60527756830663,112.0020772626485,113.64236089352767,1128071
2017-11-10,114.23119354248047,117.09117736336046,111.9179684982358,114.39942701221442,936094
2017-11-13,111.96002197265625,114.98823913092735,110.7403219526885,114.27324691580556,697620
2017-11-14,113.05355072021484,115.66118431074301,110.78238406583188,112.12825922811412,1056200
2017-11-15,109.604736328125,113.76853668643831,107.71210249896477,111.87590285727808,703904
2017-11-16,110.06737518310547,111.79178292171467,106.45034108731718,109.60473318468391,1012761
2017-11-17,120.20350646972656,122.18026449360805,111.20296428338143,112.17031411246602,3694992
2017-11-20,121.75968170166016,125.96554797358226,120.53998166963495,122.81114826964068,2503616
2017-11-21,123.77848815917969,127.85817183202161,121.25497141466082,122.05408777024886,4457154
2017-11-22,122.2643814086914,124.82995655639925,120.45586426264373,124.49348963019526,1165796
2017-11-23,123.1896743774414,124.99819154556876,121.21291632645688,122.89526581341856,982879
2017-11-24,119.69880676269531,123.90466561097749,119.10998963937033,123.18967338979715,725816
2017-11-27,123.23172760009766,124.40936922473614,118.10057745620892,119.65674436164875,1123274
2017-11-28,120.87644958496094,123.8626084315455,120.0773332065208,123.61025823341744,645045
2017-11-29,118.3529281616211,121.75967795685263,117.76411105557419,121.21291179782234,682503
2017-11-30,118.05852508544922,120.87645048765917,117.13323360103503,117.76411651876786,858884
2017-12-01,117.55381774902344,120.79233424888186,117.13323408061379,118.56322597090796,698482
2017-12-04,113.60030364990234,118.60527873850238,112.71707798793837,118.10057836023725,776664
2017-12-05,115.32471466064453,116.75470652331086,110.4459145305469,113.43207335396473,876084
2017-12-06,111.37120819091797,116.37617609981908,110.02532561614123,114.82000910846654,574916
2017-12-07,119.36233520507812,121.04467719559358,111.7497267568868,111.7497267568868,1520391
2017-12-08,127.35346984863281,129.7928698321705,118.77351154162783,119.4464527932973,4330234
2017-12-11,122.30644226074219,133.15756019301475,120.539983444561,131.97992592736153,3058692
2017-12-12,124.57760620117188,130.21345687862924,120.96056449603753,121.12879795892269,4213647
2017-12-13,123.77848815917969,128.44698894414884,122.0961461354008,125.33465508750274,2190291
2017-12-14,121.2129135131836,124.15702133818509,118.68939675901153,123.65231353673,1101830
2017-12-15,125.1243667602539,128.2787590702496,122.4746748461931,122.4746748461931,1748061
2017-12-18,132.52667236328125,137.44753047201542,117.59586458620926,121.88584725418298,6739515
2017-12-19,143.71426391601562,146.19572228518314,133.74638690976863,133.74638690976863,6044814
2017-12-20,145.1863250732422,148.04630879710365,139.80282455357323,145.10220834122867,3642155
2017-12-21,144.21897888183594,146.86867070633886,142.1581041660221,146.74249561161977,1583200
2017-12-22,143.63014221191406,149.64453270184,142.11604112510312,145.018083043559,2115474
2017-12-26,150.06512451171875,153.26157514895587,148.2145415805173,151.41099221775443,3606997
2017-12-27,151.6212921142578,155.19626788424014,148.88748362300032,150.86422672800373,3421264
2017-12-28,152.9671630859375,154.355103961411,150.02306271098993,152.46246270772969,2000358
2017-12-29,164.70152282714844,167.30915631132805,153.64009857548487,154.85980600467005,5282361
2018-01-01,167.5194549560547,176.47793163638988,163.65005551989853,165.37446340290322,5000292
2018-01-02,170.1270751953125,176.98263298691043,161.5891828551519,171.64117628901892,3955217
2018-01-03,176.14146423339844,177.44528844280046,170.58973013137032,173.70206411761,3388328
2018-01-04,178.32850646972656,183.96435706290615,174.87970569675147,177.73968935843362,3763201
2018-01-05,172.01971435546875,179.3379140610329,167.477381457477,178.91731559348432,4014572
2018-01-08,183.71200561523438,187.9599301312983,173.5338219909244,174.45912085202662,16744813
2018-01-09,198.5166473388672,200.6195805024209,186.74023052420796,187.58141269087105,13958966
2018-01-10,193.5957794189453,199.27368830120557,191.36667126349013,198.43252101061944,4516654
2018-01-11,188.67491149902344,192.88077740877668,187.66551080167523,192.5443105096606,2133879
2018-01-12,185.64671325683594,192.03961465428625,180.55762122468818,189.85257958990772,2876336
2018-01-15,215.42420959472656,219.37771079620458,186.90845969543778,188.3384589611228,15856221
2018-01-16,209.74627685546875,232.1635182882405,206.92835164436636,220.8497590800144,18650758
2018-01-17,200.07281494140625,211.47069123445408,191.53490747750183,209.99864845474792,10390601
2018-01-18,196.83428955078125,209.8724568131965,192.50226314184144,203.7739642476062,6448846
2018-01-19,203.81600952148438,206.76010970320363,196.11928475276363,198.0119258822264,4269437
2018-01-22,203.3113250732422,213.11098354810883,201.88132581496114,204.99367452379596,4135140
2018-01-23,202.3019256591797,209.36776076094793,200.19899254075247,205.66660974742183,3304367
2018-01-24,199.82046508789062,203.73190788740015,194.3107747397694,203.56367442657833,2419116
2018-01-25,198.89517211914062,201.2925138423823,194.73137900485963,200.87193017784915,1736703
2018-01-29,184.97377014160156,203.43749601352545,182.9970121737778,201.8392633263782,3911443
2018-01-30,180.72584533691406,189.05344600337787,176.01527884818648,184.88965308784694,5389322
2018-01-31,178.70703125,184.13259000236903,174.37500482234068,177.73968885561246,2572566
2018-02-01,182.9549560546875,188.8010984654681,176.64615679311098,179.63233038145708,5219546
2018-02-02,169.2017822265625,180.76790682608276,158.56095649624518,179.08555738377012,6124761
2018-02-05,172.94500732421875,175.72087427589366,158.14037369168443,159.8227231430095,4522201
2018-02-06,163.4818115234375,167.01474379595163,158.1403695857621,158.1403695857621,6869485
2018-02-07,166.17356872558594,174.33295108879508,164.86975937677371,169.91679297846477,3502804
2018-02-08,172.81883239746094,177.36116553571048,167.14092339235015,167.39327358498596,4682347
2018-02-09,177.99205017089844,181.27261767927632,164.86976530198393,166.63621674127808,4341208
2018-02-12,183.79612731933594,187.9178768525425,181.60907745490402,181.69319418678978,3877848
2018-02-14,185.52053833007812,191.70314790018415,183.83818882819907,185.8990636300353,3679672
2018-02-15,184.51112365722656,189.05344175058903,181.02024981595346,188.42256629809447,2680455
2018-02-16,185.09994506835938,197.1707550162187,183.79612093402434,190.02080338352366,4847949
2018-02-19,183.24937438964844,187.07671548296932,179.12762472536485,186.90846717844488,2468143
2018-02-20,181.90350341796875,186.40376347274264,181.23055471798722,183.29142951366268,1459566
2018-02-21,180.17909240722656,184.76348395039562,179.2117351583895,183.88024343316158,1025393
2018-02-22,178.2864532470703,181.23055372385582,176.73027885836532,178.24439488076484,1262996
2018-02-23,181.90350341796875,183.7120131790245,178.32851259158818,179.59027842307623,1713101
2018-02-26,182.99700927734375,188.2543344298876,180.9361346130998,184.13258510139968,1898409
2018-02-27,178.79115295410156,184.09053675898483,177.90792726508852,183.71201146369353,1395836
2018-02-28,176.14146423339844,177.44528844280046,173.53383064999718,175.80499729817285,1278623
2018-03-01,174.9638214111328,180.26320505280646,173.07118015756305,177.48733813742513,1573169
2018-03-05,160.66387939453125,171.5991129871063,158.981544894382,171.5991129871063,4296612
2018-03-06,153.0933380126953,167.26709596424192,151.41098858511114,164.86975433498037,3657901
2018-03-07,144.5133819580078,154.7756819477482,143.0413244066854,150.69599103567867,4047494
2018-03-08,151.8315887451172,156.03744010741647,140.13928902333225,146.36397158934656,5512228
2018-03-09,146.8266143798828,154.98598179120305,144.93397309741815,152.84099031579672,4013375
2018-03-12,150.78012084960938,152.25217852870244,146.1957291798827,151.3268796201229,2046568
2018-03-13,156.71038818359375,158.43478115298052,148.13042236015832,151.15863948326407,3707309
2018-03-14,159.69654846191406,161.42094144771715,152.71481528148,153.26157403307613,2978596
2018-03-15,158.89743041992188,162.72477149011084,158.14037981345044,159.86478769692707,1965240
2018-03-16,152.58863830566406,159.40213794015293,150.99040560066481,158.14037215506886,2664941
2018-03-19,146.32191467285156,154.14481519654348,145.18632396394335,152.75687429352286,2190610
2018-03-20,147.41543579101562,149.72866079576818,142.99927761508778,144.97603568611672,1850381
2018-03-21,148.13043212890625,152.58864879505765,147.62573171433888,150.90629924442993,1439173
2018-03-22,144.47132873535156,149.7286540072268,143.84045326322303,147.751896025822,1467035
2018-03-23,142.7889862060547,143.84046021246996,138.87754325448535,140.4757611944244,2660224
2018-03-26,141.90576171875,145.35456266463524,139.8869452576989,142.7889874299711,3047121
2018-03-27,146.7845458984375,150.56981336709515,144.59749620826588,145.52278018528412,2090894
2018-03-28,142.24221801757812,145.81719379768174,141.4010507364718,145.10220160874138,1311937
2018-04-02,149.30807495117188,150.82217613084717,143.04133389575276,144.2189829820138,1452889
2018-04-03,153.00921630859375,154.35509877398542,146.53219866846325,148.88748185634748,2234836
2018-04-04,153.85040283203125,165.24829492698734,152.25218482139775,153.5139358824242,4445519
2018-04-05,165.248291015625,167.22504913318076,158.1403823672071,158.3086158380286,3412535
2018-04-06,165.2062225341797,167.8138560076797,160.03301395231023,165.710922915747,2266858
2018-04-09,172.18795776367188,173.8702923895274,164.0706338523096,164.36505724723668,2928905
2018-04-10,171.09442138671875,174.41706186523365,169.20178014186118,173.07117936088548,1757481
2018-04-11,167.6876678466797,171.93559206469303,164.53327587226036,171.51499361075625,1618077
2018-04-12,164.0706329345703,169.07560808929952,163.22946562634766,165.9632742134735,1638278
2018-04-13,167.14093017578125,168.9914983302162,162.59859685318065,164.0285813361531,1954017
2018-04-16,168.9915008544922,171.01031734307065,163.39770826967924,164.11271535724862,1874044
2018-04-17,168.23443603515625,171.9356017577299,166.72033492306855,168.73913640585215,1686728
2018-04-18,173.66000366210938,175.720878450983,167.39327739809636,169.66444401895683,3498862
2018-04-19,174.1226348876953,176.56203482277382,171.34676804231654,174.1226348876953,2832659
2018-04-20,174.16470336914062,175.30029409277492,167.30916000271415,173.15530257960128,2489088
2018-04-23,172.90293884277344,175.1320469138548,172.10382994696363,172.4402968504625,1391997
2018-04-24,173.7861785888672,174.87971094951635,171.59912870297148,172.86089452904318,1689759
2018-04-25,172.23001098632812,174.12263738389953,171.64117904945957,172.6085362658424,1365620
2018-04-26,176.3096923828125,178.32850876867346,169.95884950119014,172.0617826183202,2181723
2018-04-27,184.0905303955078,187.3711125121039,178.41262149160212,178.7911467738089,4072168
2018-04-30,177.3611602783203,195.06783545121752,175.9732194245627,186.0672861723939,11241761
2018-05-02,169.03355407714844,182.99702076567044,165.75298665519074,179.29585484336712,3798553
2018-05-03,164.53329467773438,168.82326291252588,161.5471358094238,168.23444577927643,2148233
2018-05-04,171.4729461669922,172.98706212552935,162.55652838010127,163.3556373062004,2174457
2018-05-07,171.34677124023438,174.62735334769212,167.2250366767289,172.8608872002458,1614055
2018-05-08,167.77178955078125,173.61793169277635,166.00532346509152,172.27206407350909,1560450
2018-05-09,164.4491729736328,169.24385629882693,164.02857448433673,167.39327338629184,1262234
2018-05-10,156.8786163330078,164.74357484795962,156.3739011334085,163.98650946626148,2370534
2018-05-11,154.18687438964844,158.56095927980547,151.49512413593547,157.29920830247244,1642038
2018-05-14,152.58863830566406,156.8786212053869,149.72865465098286,149.72865465098286,1131844
2018-05-15,150.52777099609375,158.3086134083809,148.4248378076967,151.45306990681405,1272175
2018-05-16,149.39219665527344,152.71482252332092,148.4668977348302,149.47631339027708,956332
2018-05-17,151.99981689453125,153.51391799130366,148.97159986558475,150.52775932615637,1057766
2018-05-18,147.07896423339844,155.07009816431577,145.01808949372872,151.4109907043017,1430909
2018-05-21,143.16751098632812,148.17248629292948,142.3263436525809,147.2051438591202,1007359
2018-05-22,142.9151611328125,145.73308654310262,140.81222795794156,143.33574480070612,915539
2018-05-23,141.56927490234375,147.20512498671235,140.89632628621854,142.8730841024973,1305352
2018-05-24,137.82606506347656,143.7142659131781,137.36342304227753,142.326339849581,906518
2018-05-25,145.31248474121094,148.04629307676186,137.5316433499658,138.62516075002583,1466210
2018-05-28,154.18687438964844,155.5327420988037,146.78455748308718,148.8874906140447,1727353
2018-05-29,156.71038818359375,160.83212279948134,152.04187998591308,154.35510490219994,2001804
2018-05-30,153.38775634765625,157.7197978695777,152.1260053230595,154.0186466953576,1151954
2018-05-31,151.4951171875,155.11215132535926,147.07895929857978,154.64950932155656,1133012
2018-06-01,147.5836639404297,152.25217214844363,145.01808882782225,151.74747176604262,1165911
2018-06-04,140.22340393066406,145.77513774478814,140.22340393066406,145.43867082701115,738076
2018-06-05,133.24166870117188,133.24166870117188,133.24166870117188,133.24166870117188,321235
2018-06-06,134.8819580078125,138.87753221073143,126.59641589290457,126.59641589290457,1793125
2018-06-07,141.61134338378906,141.61134338378906,136.18576988276143,136.18576988276143,980361
2018-06-08,148.5930633544922,148.67718008412774,136.18577155624047,141.23281984057874,1315277
2018-06-11,147.45748901367188,153.09333962774102,146.5322049782105,153.09333962774102,804770
2018-06-12,150.73805236816406,151.41098619441163,145.77513572878456,148.46688586917668,880827
2018-06-13,149.39219665527344,152.7989392583246,146.95279650476436,149.68660522778623,538128
2018-06-14,148.08836364746094,148.8874874180203,146.36397068212165,148.8874874180203,329506
2018-06-15,143.29368591308594,149.1819017484032,141.31694268117073,147.12102694781228,524943
2018-06-18,142.07398986816406,144.47133154426535,140.47575713896242,141.31693928689072,291869
2018-06-19,142.1160430908203,147.58366009517866,139.676643137371,141.23281744463068,680939
2018-06-20,143.5880889892578,144.51338785528333,140.72810533192884,142.57868822857776,455026
2018-06-21,137.82606506347656,143.88251421083464,137.1110728488962,143.58809081648747,573428
2018-06-22,134.6716766357422,139.59253521724392,133.4519691643549,139.59253521724392,537036
2018-06-25,133.91461181640625,138.79341151316862,132.40049593846578,132.9051962859789,463713
2018-06-26,132.06402587890625,134.33519222375148,130.88637692749722,132.90519310462642,356353
2018-06-27,125.46082305908203,133.36783976488053,125.46082305908203,132.8631394117149,510742
2018-06-28,120.07733154296875,124.82995654600938,119.19410586175678,120.37174752107393,1083161
2018-06-29,121.88584899902344,125.33464962661941,117.76410714061558,121.96996572566232,1168110
2018-07-02,121.044677734375,124.82995279315911,117.34351940460604,123.44201934670836,535903
2018-07-03,122.13819885253906,124.57759875394935,119.4464487718865,119.4464487718865,517950
2018-07-04,128.2366943359375,128.2366943359375,121.96996839346738,124.45142671899218,1448575
2018-07-05,133.4940185546875,134.62960921619904,130.67609333597625,133.24166837110755,1764028
2018-07-06,131.9799346923828,135.00815212628876,129.58259279983147,132.77904371143202,904176
2018-07-09,133.95668029785156,137.0690141780241,132.77903122929297,134.5875557798996,1487501
2018-07-10,134.7978515625,140.39164400493064,130.50786848789178,135.7651939966908,6213527
2018-07-11,131.9378662109375,136.26990760036244,131.22287398553422,135.34460870855568,1313143
2018-07-12,129.70875549316406,133.32578975280038,126.42818815671232,132.90520609881966,1072844
2018-07-13,123.9046630859375,131.01256387544413,123.23172924442258,130.38168839902391,863903
2018-07-16,117.8902816772461,123.56819036952442,117.72204822475793,123.2317234645481,1072149
2018-07-17,116.16588592529297,119.99321961692591,112.63296080585454,117.84823545895023,854337
2018-07-18,110.44591522216797,120.24557390975782,110.36179848958444,116.9229407196051,995755
2018-07-19,104.93623352050781,104.93623352050781,104.93623352050781,104.93623352050781,102184
2018-07-20,99.72096252441406,99.72096252441406,99.72096252441406,99.72096252441406,44560
2018-07-23,99.2583236694336,104.55770752717957,94.75804877638501,94.75804877638501,3175359
2018-07-24,104.22123718261719,104.22123718261719,99.4686122457848,99.4686122457848,1203659
2018-07-25,109.39444732666016,109.39444732666016,105.98769744504717,108.25886403278916,1479726
2018-07-26,114.862060546875,114.862060546875,111.87590184486048,112.00207693781594,1040279
2018-07-27,114.69383239746094,120.11939131643643,111.58149845845678,116.9229406449025,1435924
2018-07-30,112.21237182617188,114.31530493497131,109.52062160082126,113.55824693884719,729421
2018-07-31,117.8061752319336,117.8061752319336,110.0253254514172,111.53944149134882,683116
2018-08-01,123.69437408447266,123.69437408447266,117.00705679323782,120.96056545550186,1094813
2018-08-02,128.7414093017578,129.87698513409993,122.05408489398224,125.75523577553608,2199173
2018-08-03,128.40492248535156,133.11548875625638,127.10111324782324,128.53111240825555,1266046
2018-08-06,131.09669494628906,133.9566785973363,122.01202877851382,129.49846224332057,2364407
2018-08-07,131.0125732421875,139.38224783602766,130.12934751205296,135.34461482746335,5366925
2018-08-08,128.90965270996094,133.7463946326452,128.23670399603577,131.22287775278397,944220
2018-08-09,128.2366943359375,131.8116849670878,127.98434415050127,129.33022664156303,644856
2018-08-10,123.23172760009766,129.87698628489275,122.13820270452615,128.5311186198213,825115
2018-08-13,119.69880676269531,122.55879048281915,119.44645656698461,121.12879862275723,814702
2018-08-14,113.76853942871094,121.54938159179846,113.13766394301794,119.61468935130539,1146940
2018-08-16,115.74529266357422,119.36233421832668,111.53943401320436,113.60030126556617,1181697
2018-08-17,116.75470733642578,118.81557470387038,115.82941585965607,116.92294080171095,476261
2018-08-20,117.76411437988281,119.86704009282813,114.02089756124467,116.8388229122742,1045108
2018-08-21,116.79676055908203,119.44645235603505,115.2405862383247,117.84822708850962,720445
2018-08-23,113.5582504272461,117.09117548818473,112.7170830920474,116.7967669208652,773937
2018-08-24,115.24058532714844,117.17528491283021,112.12825154564409,112.59090096884673,1001562
2018-08-27,119.2782211303711,120.32968767947617,116.50235418806237,116.50235418806237,972977
2018-08-28,125.20848083496094,131.97992217621652,118.60528037314683,119.109988176069,3225362
2018-08-29,123.65231323242188,128.61523741562772,122.60084668448766,125.25053852807733,1203040
2018-08-30,128.3628692626953,129.75081011620196,122.93731802972826,124.40936819390399,1793902
2018-08-31,129.9611053466797,131.55933806304122,127.18523840224285,129.54052169379565,1373535
2018-09-03,126.59642028808594,131.55933702371465,126.17583663852454,129.96110431997923,805292
2018-09-04,123.94672393798828,127.60582402774764,122.05409005305134,126.38613141552908,891931
2018-09-05,122.01203155517578,123.56819851092139,117.84823107865606,122.64290704357215,722750
2018-09-06,125.04024505615234,126.97494466571744,122.18026142416142,123.18966959359969,1141519
2018-09-07,133.0313720703125,135.93341391912884,123.2317216808181,125.33464722418182,2587405
2018-09-10,131.4752197265625,137.44753719537144,130.8863877843149,132.14815356295742,1417388
2018-09-11,128.61524963378906,135.97549391543208,128.27876784474725,132.23228422080342,1499303
2018-09-12,124.87201690673828,129.87699218437047,122.51673355047593,128.6993579239406,1143437
2018-09-14,124.40937042236328,127.85817118271066,122.55878752967347,126.0496614903613,956069
2018-09-17,125.1243667602539,129.11994123221038,121.04468297334292,123.73643325373163,1165934
2018-09-18,121.00261688232422,126.51229960805382,120.1193838281216,125.2505338633639,785004
2018-09-19,120.28762817382812,124.241136723529,119.44645345897864,122.01202855068351,690454
2018-09-21,118.89968872070312,126.04966275591794,97.99656245325245,123.65231367725872,1829173
2018-09-24,112.54884338378906,119.86704378272374,110.27768413731059,119.36234337632884,1313427
2018-09-25,106.9129867553711,112.4647205977881,101.3612529129541,110.40385329820047,1352282
2018-09-26,108.63738250732422,110.69825713681601,105.4829904360702,108.5112074178901,1024207
2018-09-27,106.57652282714844,112.54884048655428,105.73534808710903,109.31033146014992,778963
2018-09-28,96.0197982788086,108.25885598968134,85.29485645907319,107.50179804411268,2416736
2018-10-01,94.5477523803711,96.60862707789691,86.17809333207036,95.05246017246975,1687463
2018-10-03,97.19744110107422,100.35184059419649,91.68776585103623,94.96834043375931,1245661
2018-10-04,95.55715942382812,99.5527262606213,92.78129256186241,96.27215903018941,867018
2018-10-05,94.0851058959961,97.57597223933062,92.5289390645773,95.89362290261244,614756
2018-10-08,90.00543212890625,94.0009992510993,88.11279077656661,92.82335755619276,1241923
2018-10-09,89.45866394042969,91.98218074201955,88.78573008277972,90.00543011747153,549744
2018-10-10,93.83275604248047,96.23009755047704,90.08953951111573,90.3839480498555,908629
2018-10-11,90.08954620361328,91.85600498497779,86.97720488119816,89.16425473827893,898588
2018-10-12,95.68334197998047,96.52451674407641,92.02424177006014,92.02424177006014,636577
2018-10-15,98.164794921875,99.5527283824396,95.26275290594005,95.97774510983945,528566
2018-10-16,98.20685577392578,101.78183913706336,96.35628025220701,98.87979704763339,721861
2018-10-17,94.21128845214844,100.0153800303115,93.79070479347764,99.93126329857735,485460
2018-10-19,91.09895324707031,94.00099528603151,90.00542833237597,93.32805402402687,465834
2018-10-22,88.3651351928711,92.86540984261401,87.90249318569043,92.36070947114419,542092
2018-10-23,86.26220703125,88.65954856083636,85.29485726326413,88.32307423868863,541094
2018-10-24,87.4819107055664,88.95396089295342,86.4304441666611,87.4819107055664,327853
2018-10-25,85.84162139892578,87.019263056491,84.95839571902775,86.64073776510614,339427
2018-10-26,85.00045776367188,87.48191628333149,84.28545809796422,86.34633294232611,572420
2018-10-29,88.32308197021484,94.04305693502624,85.54721493013488,86.30427294911186,2545649
2018-10-30,89.83719635009766,91.98218043182456,88.40719707201141,89.08013834509325,829075
2018-10-31,88.23896026611328,90.51012677740478,86.17809299436436,90.51012677740478,771266
2018-11-01,89.66896057128906,91.60365277326201,87.69220258673961,88.74366912632755,746020
2018-11-02,93.2018814086914,97.57598118388091,89.66896379667071,90.80453968915509,1798329
2018-11-05,94.42157745361328,96.56656888399554,93.03364400386623,93.70658525528653,651744
2018-11-06,93.79070281982422,95.38892810684274,92.78129464255424,94.63187011946499,336558
2018-11-07,94.12716674804688,94.96834143865374,93.45422551202122,94.12716674804688,111150
2018-11-09,97.32362365722656,97.95450657133189,93.2859982271369,94.71599010335399,796271
2018-11-12,94.5477523803711,99.00596869168784,94.21128546410597,98.24891071239034,525151
2018-11-13,94.6739273071289,96.01980238751857,93.66452656011239,94.04305184024358,462852
2018-11-14,93.62246704101562,97.07126771952356,93.20187598391156,94.96834210480672,590169
2018-11-15,90.55218505859375,93.66452627209378,89.62689362563958,93.66452627209378,663641
2018-11-16,88.15484619140625,91.5195376952741,87.73426253506071,90.76247969615095,482811
2018-11-19,88.07073211669922,89.92131509584286,87.60809008076401,88.82779013865823,397171
2018-11-20,85.46309661865234,87.6501464840247,84.95839622712083,87.06132194287004,536600
2018-11-21,86.09397888183594,87.5660290971607,85.252804151207,85.6313294420245,369218
2018-11-22,83.4022216796875,87.27161324910459,82.3086968465065,86.13603005378972,493215
2018-11-26,78.64959716796875,83.94898047304227,77.80842250673307,83.94898047304227,1005398
2018-11-27,74.40167999267578,78.56548791494168,73.93903796473569,78.56548791494168,1090901
2018-11-28,74.06521606445312,78.9860747772913,71.16317384528759,74.52786552884145,1987343
2018-11-29,75.41108703613281,77.76637034110502,74.02315355600653,74.94844501532444,904581
2018-11-30,75.62137603759766,77.09343361146637,74.69609203056127,76.04196709486052,630992
2018-12-03,79.3225326538086,81.5516407320983,77.38784053473314,78.64959884463477,1728147
2018-12-04,77.93460083007812,80.28988404519828,77.59813391868978,79.86930040596285,435513
2018-12-05,71.4996337890625,74.696091688185,69.90140854835167,72.34080848203176,2119303
2018-12-06,68.55553436279297,71.24728451331404,68.30318417700055,70.65846741313172,861361
2018-12-07,63.76085662841797,70.06964890261244,62.41498143776992,68.30319003291862,1372918
2018-12-10,59.93351745605469,61.742038238351185,59.30263828589779,60.984983975933,943503
2018-12-11,64.13937377929688,64.85437336040899,59.42881121133961,59.59704837040439,977940
2018-12-12,68.80789184570312,69.43876737708892,64.98055803552417,64.98055803552417,1260780
2018-12-13,70.027587890625,72.34081287343777,68.68171275079415,69.39670497817548,721094
2018-12-14,68.09288787841797,70.40611285014774,67.37789565446228,69.81729572453716,550628
2018-12-17,69.39669799804688,70.23787265747127,67.79847282107102,68.55553075632304,629438
2018-12-18,68.38729858398438,69.18640747853223,66.0320154278104,68.97611566417753,491260
2018-12-19,71.24728393554688,73.68668388049365,68.59759217081174,68.89200071851545,1186681
2018-12-20,71.33140563964844,72.42493059653475,70.0696472151952,70.8267052369477,596887
2018-12-21,69.90141296386719,71.87817102101702,69.48082929966564,71.45757993911417,479239
2018-12-24,69.77523803710938,71.07905481705882,69.22847185459432,69.8172964036335,325639
2018-12-26,68.21907043457031,69.64906230102366,67.08348713109534,69.64906230102366,455890
2018-12-27,67.92465209960938,70.15376026315823,67.50406845278921,68.84994354031474,477804
2018-12-28,68.21907043457031,69.35464632034403,67.79847935547139,68.26112880071008,407196
2018-12-31,70.32199096679688,71.079048919114,68.55553230165786,68.80788247986334,652442
2019-01-01,69.2705307006836,70.82670510825267,69.10229723342236,70.02758872106048,307187
2019-01-02,67.12554931640625,68.89200821248207,66.45260800218108,68.89200821248207,512100
2019-01-03,65.19084167480469,67.29377468349867,64.18143353392354,67.25171632003281,567227
2019-01-04,67.6302490234375,68.13495685819322,64.22349895521737,65.52731578364211,736498
2019-01-07,71.12110900878906,72.21463389192816,68.97611760656616,68.97611760656616,1098341
2019-01-08,73.1399154663086,74.10726522507856,70.65846465195186,72.34080657586003,1018972
2019-01-09,76.96724700927734,78.39724614315178,73.3922714276927,74.10726357692944,1913554
2019-01-10,79.40665435791016,79.70107033558118,76.7990208484892,77.51402048326,1347474
2019-01-11,81.88811492919922,83.10781498464739,77.13549722556445,80.54223977329447,2703724
2019-01-14,80.87870788574219,83.36017381729822,77.93460733014244,81.2992989777575,3585770
2019-01-15,81.55164337158203,83.27604373110225,80.37400174971182,83.27604373110225,1257078
2019-01-16,80.92076873779297,82.01428622434604,79.32253603742873,81.34135238646722,1204854
2019-01-17,79.74313354492188,81.2151838518852,79.19636733978018,80.75253438327275,711041
2019-01-18,75.53726196289062,79.82724490790976,74.35962031305215,79.49077056674082,591859
2019-01-21,71.58375549316406,74.48580504769603,71.49963875978933,73.77080539630954,674797
2019-01-22,74.44374084472656,75.07461629557724,70.74258261330021,70.74258261330021,1593640
2019-01-23,74.9905014038086,75.87373447431297,73.51845123143528,74.86432631055096,995191
2019-01-24,73.5184555053711,74.6960971952712,71.96228109599146,74.52786372781422,643026
2019-01-25,72.13052368164062,74.78021569195748,71.1211154354005,73.26610703144807,515602
2019-01-28,71.75198364257812,73.01374196739498,70.70052455331474,72.29874978669588,654084
2019-01-29,71.7940444946289,72.67727757792503,70.65846863886384,70.65846863886384,516929
2019-01-30,72.34081268310547,73.43433762215992,71.70992977231583,72.25669595069368,604182
2019-01-31,72.2566909790039,73.0557998819324,71.9202240725077,72.63521624881214,307267
2019-02-01,71.4996337890625,72.4249252095586,71.45757542529908,72.08845829945123,465387
2019-02-04,70.32199096679688,72.08845704963659,67.3778907189983,71.83609945373041,596559
2019-02-05,70.952880859375,73.18198173872966,68.00877290220036,71.58375636739007,486905
2019-02-06,72.29875183105469,72.76139384341249,68.849943667648,71.49963548291745,452688
2019-02-07,74.78021240234375,75.36902952642225,70.7846453787073,72.29875397261041,638070
2019-02-08,73.98109436035156,75.07461926951137,72.76139435602343,74.2755029157443,557397
2019-02-11,72.21463012695312,74.86432175969574,71.75198072876441,74.69608831224548,345376
2019-02-12,72.50904083251953,73.35021551267475,70.23787438849092,72.34080738002862,525717
2019-02-14,71.24728393554688,72.2566920882319,70.65846684013945,71.66786757512361,286307
2019-02-15,71.45758056640625,72.21463858631617,70.74258833098706,70.99493853172325,386181
2019-02-18,71.4996337890625,71.83610069916986,69.90140854835167,71.83610069916986,312837
2019-02-19,71.4996337890625,72.50904193708544,71.07905015142829,71.92022484439755,348214
2019-02-20,74.822265625,75.03255744057239,71.62580777519746,71.92022373469953,387881
2019-02-21,74.65403747558594,76.88313829669802,74.06521293245541,74.99050440440267,369582
2019-02-22,74.69609832763672,76.25226534290589,73.22404804737121,74.2334488674151,422114
2019-02-25,79.7010726928711,80.92077275223625,74.8222724554105,75.24285612494972,1267498
2019-02-26,76.58872985839844,78.22901355674583,74.86432942771023,78.06078009206416,822079
2019-02-27,75.62137603759766,79.23841759093341,74.78020875847366,76.58872582629111,955200
2019-02-28,75.15873718261719,76.84107922904244,74.94844535402669,76.0419702803985,1115239
2019-03-01,76.58872985839844,76.96725515393216,75.7054967511185,76.1260878305239,894063
2019-03-05,78.73371887207031,80.33194415357211,76.63078579482513,76.92519434868316,1689123
2019-03-06,78.01872253417969,80.28988916631417,77.21961356866295,79.19636421685307,1765024
2019-03-07,78.27107238769531,80.3319471776857,77.0513797615107,78.22901402127515,1515530
2019-03-08,78.48136901855469,79.82724411678889,77.17755228533714,78.14489468072034,629541
2019-03-11,77.76637268066406,79.36459803651223,77.42990574631736,79.02813110216555,849198
2019-03-12,77.59813690185547,80.41606222846629,77.05137814982993,78.22901238496185,2016975
2019-03-13,76.79901885986328,78.90195192631137,75.95785156744483,77.64019356998271,1144285
2019-03-14,74.90638732910156,77.38784575316151,73.09786275959279,76.92519631045636,955977
2019-03-15,76.67284393310547,77.72431046862113,74.86432683276324,75.3269688446017,1183014
2019-03-18,78.4393081665039,79.86929994943144,77.30372492935835,79.49076725858237,1226698
2019-03-19,77.89253997802734,79.2384149982902,77.1354894515861,78.2290068786679,580691
2019-03-20,76.79901885986328,78.35519318623938,76.50461030751683,78.14489394543378,478640
2019-03-22,76.54666900634766,78.14489428662169,76.21020208791124,77.05137680170331,885741
2019-03-25,73.8128662109375,75.70550019233768,73.3081657939512,75.70550019233768,461324
2019-03-26,74.9905014038086,75.70549359893518,73.64462632469291,73.98109324004659,776996
2019-03-27,75.32696533203125,76.67284035777556,73.85491521803287,75.20079024377716,940453
2019-03-28,75.1166763305664,76.54666813535087,74.02315144038984,76.29431794939495,1167033
2019-04-01,78.64959716796875,79.65900527791146,75.62137283814063,75.62137283814063,2276500
2019-04-02,77.05137634277344,79.44871054005509,76.37843509220771,79.1963603527308,678490
2019-04-03,74.44374084472656,77.51401620760144,73.43433270566469,77.34578275404127,1174009
2019-04-04,74.78021240234375,75.28491279441104,73.56051237047988,74.82227076834936,484676
2019-04-05,74.31756591796875,75.53726599840209,74.06521571188631,75.11668232159802,735407
2019-04-08,73.89697265625,75.49519783850688,73.47638903399834,74.4857971451029,548855
2019-04-09,73.85491943359375,74.19138635480984,72.76139452194039,73.93903616389777,412238
2019-04-10,73.77080535888672,75.87373852759069,73.22404659222839,73.85492209221877,672998
2019-04-11,73.39227294921875,74.3596152888287,72.67727336745858,73.64462312476917,388857
2019-04-12,73.05580139160156,73.98109282128767,72.50904265724667,73.7287426362008,455324
2019-04-15,77.38784790039062,78.98607326699582,73.26610567379767,73.26610567379767,5778202
2019-04-16,77.55607604980469,79.91135927995855,77.00931731530869,77.8084262349567,3785106
2019-04-18,75.32696533203125,78.14489047177393,74.86432334176625,77.76636520701166,1305655
2019-04-22,74.40167999267578,77.72431317371299,73.60257103532471,76.5466715030733,3284687
2019-04-23,76.37046813964844,77.63439245700162,72.91896738310126,74.0856678941505,433042
2019-04-24,75.10653686523438,76.80797944794195,72.96758344262524,76.41907680264002,139182
2019-04-25,72.18978118896484,75.83572973386207,71.46059147998541,74.96070059954647,222609
2019-04-26,70.05082702636719,73.35648107557296,69.6133087544185,71.94671728504116,137369
2019-04-30,67.42574310302734,71.94672097196839,66.59932954837613,71.94672097196839,238962
2019-05-02,66.06458282470703,68.4466069249212,65.33539313605596,67.71741723627012,271268
2019-05-03,68.05770111083984,68.78689076559884,66.2104191685769,66.89100063030575,152097
2019-05-06,71.02307891845703,71.46058976627212,66.69654896498042,68.05770453930678,203817
2019-05-07,69.6133041381836,71.3633622745251,67.86325341954283,70.68278081363641,135825
2019-05-08,69.12718200683594,71.31475110463265,67.08545233243258,68.15492907448184,201893
2019-05-09,69.17579650878906,70.97446292119699,67.2798988705474,70.39111265469997,313289
2019-05-10,69.27302551269531,70.97446824458608,68.88412283329424,69.22440989613206,185701
2019-05-13,66.69654846191406,69.07857255344379,66.21042200458568,68.25215164182468,178767
2019-05-14,66.40487670898438,67.47435342626545,64.16869204927761,65.72429522147748,742204
2019-05-15,65.3840103149414,66.8910053413254,64.80066003358999,66.1618156352108,281124
2019-05-16,65.77291107177734,66.1131981079102,63.97424466561706,65.33539281014848,547393
2019-05-17,64.2173080444336,66.2104220708542,63.63395036089481,66.01597445480864,542510
2019-05-20,69.07857513427734,69.56470160976782,65.33539533883959,66.50210333063754,467868
2019-05-21,69.02995300292969,72.82174063733497,66.40487325018023,69.51607943252777,1139989
2019-05-22,68.00908660888672,69.95359238661273,67.57157577597872,69.51608155370472,312034
2019-05-23,68.00908660888672,69.95359238661273,67.27989694223946,68.9327313039271,378213
2019-05-24,70.92584991455078,71.94671848170964,68.30076991000138,71.94671848170964,322223
2019-05-27,71.07168579101562,73.21064663020015,70.4883355322202,70.97446198416655,2193034
2019-05-28,71.89810180664062,72.14116504116977,70.97446448251037,71.94671742062695,549820
2019-05-29,70.29388427734375,71.94671116126555,70.00220545420433,71.94671116126555,283592
2019-05-30,70.6341781616211,71.3633678726818,68.20354579141873,70.78001758737351,447803
2019-05-31,69.75914764404297,71.36336646016399,69.02995794741534,70.87723999574557,604021
2019-06-03,69.75914764404297,70.34249791780483,68.68967090586268,70.19665849493907,253892
2019-06-04,69.6133041381836,70.39110940271331,69.27301711658961,69.71052794182462,147593
2019-06-06,68.4952163696289,70.19665900751735,68.05770551553807,69.51608491944246,347517
2019-06-07,65.82151794433594,68.83550784932962,64.84926505051885,68.54382901410412,216385
2019-06-10,64.26591491699219,67.08544979783258,63.050598797466236,67.08544979783258,1044393
2019-06-11,64.3631362915039,65.67568358516726,61.057478796584704,64.84926272094941,412276
2019-06-12,64.31452941894531,66.79376980937221,63.48811595546969,64.26591380792289,1700379
2019-06-13,64.89788055419922,65.52984641766793,63.24505360454342,64.26591469073051,627567
2019-06-14,64.12007904052734,66.06458493916594,63.2936655171462,66.06458493916594,271259
2019-06-17,64.16868591308594,64.55758852337198,62.856146093858335,64.26590971123237,556206
2019-06-18,63.43950271606445,64.21730801529587,61.25193365688982,64.168692402456,461137
2019-06-19,62.56447219848633,64.16869095592463,56.390667809751946,64.16869095592463,701267
2019-06-20,63.293663024902344,64.07146832081155,57.849048206641044,63.00199160221217,669886
2019-06-21,64.89788055419922,65.96735725207655,60.27967931625995,63.09921418717358,499633
2019-06-24,63.53672790527344,66.11319967007391,60.27968205212622,64.84926788577143,1138363
2019-06-25,62.85615158081055,63.68256506374645,61.68944735695655,63.19643861287816,424189
2019-06-26,62.3214111328125,62.90476140543157,61.68944895561693,62.61308997797262,223516
2019-06-27,63.58534240722656,64.07146886688777,62.37002625807354,62.61308948790414,274858
2019-06-28,62.27280044555664,63.82840358286833,61.64083458479539,63.58534036086023,330898
2019-07-01,61.30054473876953,62.904759802006275,60.76580638435729,62.613088381981946,206019
2019-07-02,61.44638442993164,63.48811775880427,60.960257976702515,61.98112278671358,515095
2019-07-03,61.15470886230469,61.786671021671616,60.96025754063391,61.251932668714836,149511
2019-07-04,59.93939208984375,61.543607131368866,59.696328867595966,61.543607131368866,248298
2019-07-05,59.45326614379883,60.47413094402827,58.869912180203094,60.47413094402827,161432
2019-07-08,56.050384521484375,59.21020663550551,55.46703052127774,58.33517748962091,262686
2019-07-09,54.54338836669922,56.63373366802939,52.98778514862836,56.39067043340266,344443
2019-07-10,53.86281204223633,54.83506494040774,53.473909399427576,54.39755039446051,194688
2019-07-11,56.001766204833984,56.43928075666951,53.4739101191073,54.10587599496423,184893
2019-07-12,55.078128814697266,56.48789256659616,54.54338674731436,56.342056855460335,250314
2019-07-15,52.35581588745117,55.32119012624037,52.01552886440178,55.32119012624037,365697
2019-07-16,52.45304489135742,54.689225827882986,51.334952568669394,52.11275414978474,263072
2019-07-17,52.9877815246582,53.27945664449175,51.86968923830416,52.307203772479674,203008
2019-07-18,47.6403923034668,53.18223459890548,46.765363206189456,53.18223459890548,592688
2019-07-19,47.83484649658203,48.126521643560736,47.251492493773895,48.126521643560736,364611
2019-07-22,46.32785415649414,47.202879578731675,45.69588826083594,46.862592532669964,388276
2019-07-23,47.83484649658203,49.730740515219715,45.695889237320294,46.37646705283777,668932
2019-07-24,47.49455261230469,48.418193607729904,47.008426163012516,47.640392030632526,180896
2019-07-25,48.90432357788086,49.97380406863099,46.71675439857241,47.202880882863184,275861
2019-07-26,49.19599914550781,50.07102830822092,48.22374616864916,48.90432399422037,153188
2019-07-29,49.001548767089844,49.77935036315385,48.126519653486234,49.195996384467925,128117
2019-07-30,47.057044982910156,49.34183796679795,46.376467165735896,48.758487671420426,267273
2019-07-31,47.057044982910156,48.85571148436644,46.18201583099315,47.057044982910156,358522
2019-08-01,47.6403923034668,49.244611078858426,46.765363206189456,46.765363206189456,245224
2019-08-02,48.07790756225586,48.418194600195314,46.23062553354025,47.54316919884362,290502
2019-08-05,42.77912521362305,46.862587907602574,38.890113830566406,46.81397600708442,622794
2019-08-06,42.73051452636719,43.36247666874725,41.75826165299751,42.73051452636719,249997
2019-08-07,42.34161376953125,46.182013531270144,41.80687540725508,41.904099215359636,269662
2019-08-08,41.36935806274414,42.681901636728675,40.59155652381828,42.584674126331514,253889
2019-08-09,38.89011764526367,43.556931020925184,37.528962044139185,41.612425138662,1251774
2019-08-13,39.133182525634766,39.86237226213728,36.119199764964705,37.917866298130576,581311
2019-08-14,38.6956672668457,39.473468897108035,37.480351060544955,39.03595802992035,157228
2019-08-16,37.91786575317383,38.6470554791964,37.33451545589607,37.43173926915878,162622
2019-08-19,38.306766510009766,38.89011677814167,37.72341253302731,37.91786385868813,154495
2019-08-20,38.06370544433594,38.79289517538566,37.62619086393595,38.79289517538566,144444
2019-08-21,37.96647644042969,38.50121481390182,37.23728673782662,37.917864535359605,202150
2019-08-22,36.848388671875,38.40399192451771,30.382905003574137,37.33451515193219,1390362
2019-08-23,37.18867492675781,37.43173816157322,35.19555714304157,36.021970657873716,289979
2019-08-26,36.994224548339844,38.7928947575321,35.58445700839205,38.7928947575321,306180
2019-08-27,42.0499382019043,42.876351688806146,37.091449862792196,37.82063954259401,525658
2019-08-28,40.008209228515625,42.438841533799675,38.89011688454474,42.438841533799675,262905
2019-08-29,39.376243591308594,41.1262981202633,38.93872903185727,39.76514624612101,246909
2019-08-30,42.924964904785156,43.751378345549874,39.27901670932267,39.765143135384335,431699
2019-09-03,44.86947250366211,47.591779862787824,40.44571887262607,41.80687440661415,567929
2019-09-04,44.48057174682617,45.45282468118303,42.77912911170167,44.9666982140046,256496
2019-09-05,46.81398010253906,47.15426714478594,44.480571585030034,44.72363481773512,420606
2019-09-06,52.696109771728516,54.8350669685892,46.66814083833954,47.64039377247161,1091929
2019-09-09,52.890560150146484,54.1544882000416,49.73073817098342,52.258594270773656,504435
2019-09-11,55.51564025878906,57.071247156388836,52.64749711133586,53.37668680147153,561703
2019-09-12,55.126739501953125,57.21708098624416,54.25171041904497,56.39066751482568,284138
2019-09-13,55.36980438232422,55.80731893688185,54.05726071865133,55.36980438232422,107796
2019-09-16,58.82130432128906,60.08523243270364,53.57113683221223,53.57113683221223,485489
2019-09-17,56.73095703125,60.86303198734012,55.904543523572215,59.21020497198455,338949
2019-09-18,56.633731842041016,58.48101384918427,56.39066861525114,57.362921522410645,138962
2019-09-19,53.71697235107422,57.31430879780312,52.98778268115013,56.77957044829555,272918
2019-09-20,54.611427307128906,60.027847986959,52.62375027168249,54.56173613948136,675163
2019-09-23,54.561737060546875,57.195406902256934,54.16420013026947,55.10834749628344,278908
2019-09-24,51.033607482910156,55.50588091031509,50.486997044465966,53.667281128859216,416628
2019-09-25,46.66072082519531,51.0833031446258,45.71657344153369,51.0833031446258,1085040
2019-09-26,48.30055236816406,49.39377705590686,46.71041219296592,46.71041219296592,350097
2019-09-27,48.00239944458008,49.14531525160061,47.20732939200596,48.10178557064751,251583
2019-09-30,46.85948944091797,49.09562619234939,45.716573584820175,49.09562619234939,473497
2019-10-01,44.37489318847656,47.15764039623115,43.97735624828595,46.61102994686399,628811
2019-10-03,41.592140197753906,43.72889451436487,38.859084290606106,42.43690520740633,839689
2019-10-04,41.64183807373047,44.62335381768654,39.654160911093086,41.79091158621228,957860
2019-10-07,41.492759704589844,43.231977177237326,41.04553159624185,42.138756282336196,174389
2019-10-09,41.74121856689453,42.38721513262135,40.25046076093401,41.5424501011945,199293
2019-10-10,40.49892044067383,41.84060095106552,40.05169234014555,41.64183627633575,154719
2019-10-11,41.44306945800781,42.238139562114846,40.64799935390078,40.64799935390078,231594
2019-10-14,41.890296936035156,42.53628972710124,41.64183729534976,41.93998810593359,139376
2019-10-15,42.337520599365234,42.933826002473296,41.542450519747675,41.890296286025674,159651
2019-10-16,42.2878303527832,43.03320927953447,41.54245142603194,42.635676126649756,145737
2019-10-17,42.039371490478516,42.63567691765859,41.69152950135181,41.79091184361848,139109
2019-10-18,45.0208854675293,45.6668820402262,42.039369823438705,42.039369823438705,388895
2019-10-22,47.5054817199707,48.499320265539936,45.76626426522454,46.312874707048984,278350
2019-10-23,45.96503448486328,48.44963094350454,45.71657483899915,47.70425200591216,142018
2019-10-24,45.0208854675293,46.36256978208598,44.72273466135888,46.11411014507843,121978
2019-10-25,44.971195220947266,46.611030375315465,44.62335323847802,44.62335323847802,121040
2019-10-27,45.96503448486328,46.213494130727405,45.319037889139224,45.61719249713084,34663
2019-10-29,47.15763854980469,47.90301744008234,45.319035012403965,46.611028121839695,173700
2019-10-30,46.362571716308594,48.20117159039262,45.81595745913297,47.50548381950911,168351
2019-10-31,50.63607406616211,53.36913003469576,46.21349183156902,46.61102876165118,930344
2019-11-01,53.3691291809082,58.63647256866864,51.67960294187744,51.67960294187744,1164677
2019-11-04,54.41265869140625,57.04633227239903,53.6672798052226,54.064816727664436,1099946
2019-11-05,51.82868194580078,54.95927110641313,51.43114500896436,54.85988876780062,410194
2019-11-06,51.033607482910156,53.07097952168249,50.685765510589256,51.580221712547505,401785
2019-11-07,55.00896072387695,59.28246940513356,51.679603188769974,53.07097863725255,1490106
2019-11-08,51.580223083496094,55.45619121555034,51.18268614068339,55.008963102684355,969316
2019-11-11,50.43730545043945,52.62375097697299,48.99623882218827,50.2385369859922,621062
2019-11-13,49.29439163208008,51.08330409381299,48.35024802206838,50.38761633549389,307812
2019-11-14,48.648399353027344,49.542851802219616,47.75394311264174,49.542851802219616,269294
2019-11-15,48.94654846191406,49.940387009364095,48.20116955132654,48.2508607204604,311216
2019-11-18,47.75394058227539,49.3937756723603,47.45578978167626,49.09562487176117,207676
2019-11-19,45.617191314697266,48.30055238752033,44.77242626594022,47.704250769380366,267628
2019-11-20,45.617191314697266,47.20733149053265,45.26934554478793,45.617191314697266,318345
2019-11-21,45.16996383666992,46.51164439182918,44.82211806190003,44.82211806190003,268014
2019-11-22,46.26318359375,47.15763980231728,44.225815331116955,45.21965387788363,314285
2019-11-25,46.56133270263672,47.80363084082012,45.81595381972667,45.81595381972667,398663
2019-11-26,44.87181091308594,47.505480729200926,44.37489165066502,46.95887029877654,407356
2019-11-27,45.319034576416016,46.41225921302181,44.673041819105954,45.120269907208645,462869
2019-11-28,44.921504974365234,46.01472590562549,44.6233541559482,45.41842426879141,348631
2019-11-29,45.269344329833984,46.01472322810082,44.62335155938526,44.921502360453374,322960
2019-12-02,45.319034576416016,45.66688032991502,43.877971768697314,43.877971768697314,263643
2019-12-03,44.72273635864258,46.511645054749614,44.126434723671345,45.61719260229277,293591
2019-12-04,44.971195220947266,45.915342619183704,44.076738992893105,44.62335323847802,212156
2019-12-05,47.107948303222656,49.393776186534964,44.77242545996559,45.16996239236475,1093317
2019-12-06,43.13259506225586,47.10794930610642,39.00816351778361,46.71041236524407,1161045
2019-12-09,44.22581481933594,44.67304291844425,42.08906045203683,44.22581481933594,407597
2019-12-10,42.38721466064453,44.72273368083301,41.69152693403739,44.72273368083301,395614
2019-12-11,41.29399108886719,42.48659810983813,40.69768947397832,42.2381384717689,431569
2019-12-12,41.542449951171875,43.530127018607786,41.24429914929512,43.23197621673103,1170223
2019-12-13,41.542449951171875,42.48659731644256,41.24429914929512,41.74121841615409,458075
2019-12-16,41.393375396728516,41.9399858181811,41.244298103971886,41.64183502386088,268232
2019-12-17,42.2878303527832,42.88413576890018,41.293991783781514,41.64183755764807,362931
2019-12-18,44.77242660522461,45.91534247171263,42.08906172087384,42.33752136218052,875557
2019-12-19,43.33135986328125,45.120272310996526,42.884135542545685,44.772426538966,371430
2019-12-20,44.62335205078125,45.12027132176459,42.63567496684789,43.62951350881457,727136
2019-12-23,45.815956115722656,47.6545597270887,44.27550710541662,44.27550710541662,679850
2019-12-24,45.766265869140625,46.61103093719586,45.219655408159774,45.41842388247826,326643
2019-12-26,48.44963073730469,48.84716768547271,45.96503428923778,45.96503428923778,617766
2019-12-27,48.747779846191406,51.53052701236468,48.250860573975,48.946548313316605,1066648
2019-12-30,48.1514778137207,49.542849489008425,47.207330446551055,49.14531634943757,748510
2019-12-31,50.63607406616211,52.375291500683524,47.85332692916647,48.2011688995935,1180459
2020-01-01,50.486995697021484,52.12683075978176,49.49315718412266,50.884532618658234,707550
2020-01-02,59.72969436645508,60.57445939492292,52.226214194308696,53.070979222776536,6086809
2020-01-03,56.89725875854492,64.40074307756096,53.96543418654717,62.01552896683895,5237968
2020-01-06,52.474674224853516,55.90341795073738,51.679604150014995,54.95927057821962,1871168
2020-01-07,55.20772933959961,55.853725897725724,53.667280383137076,54.213890813985955,1067422
2020-01-08,54.90958023071289,55.605267978299935,52.77282581837981,53.66728203544789,780435
2020-01-09,56.59910583496094,57.49355824978059,56.25126006987009,56.79787430198525,970441
2020-01-10,58.487396240234375,61.220452210174166,57.04633339812972,57.09602456661727,1598097
2020-01-13,60.67384338378906,61.419222304452795,58.73585743182471,58.73585743182471,1503628
2020-01-14,60.77322769165039,62.114908192122996,60.12723112997506,61.27014695718737,1098749
2020-01-15,61.369529724121094,62.512445559347164,58.83524221035148,60.723533157916236,1276771
2020-01-16,60.574459075927734,62.31367650096393,59.6303117155266,61.617988772710824,738158
2020-01-17,59.33216094970703,61.518606472120375,58.93462402156165,60.32599947887736,400411
2020-01-20,55.10834884643555,60.027850470978514,54.66112073671469,59.18308542124063,1320243
2020-01-21,53.269744873046875,56.74817980519864,52.87221172694545,54.56173802365781,914113
2020-01-22,52.7231330871582,54.512041677114006,52.17652265567075,53.66728044583277,616262
2020-01-23,54.710811614990234,55.356808191278574,51.977755592712676,52.72313450787928,886280
2020-01-24,54.31327819824219,55.654958722394056,53.86605009312717,55.05865710970282,477779
2020-01-27,52.474674224853516,54.06481816572372,52.17652342068822,53.66728123270788,644485
2020-01-28,50.68576431274414,53.07097826746815,49.69192579680798,52.67344134461646,772649
2020-01-29,49.99007797241211,51.331762280654424,48.002400885706315,51.18268498267422,1040716
2020-01-30,47.257022857666016,50.0894650336507,46.71041240688789,50.0894650336507,945935
2020-01-31,44.176124572753906,48.15147879678228,43.4804368253103,47.35640871021525,981250
2020-02-03,41.98967742919922,43.977354467267816,41.04553007787801,43.828277172935444,788424
2020-02-04,46.21349334716797,47.157640743682094,42.238139080744915,42.238139080744915,740433
2020-02-05,46.710411071777344,48.94654777202201,44.82211634176016,47.10794800163143,1039994
2020-02-06,46.80979537963867,48.499321715868774,46.26318492146833,47.00856385293515,679550
2020-02-07,45.86565017700195,47.55517266350337,45.66688171059204,46.809793757861044,464626
2020-02-10,45.815956115722656,46.511643866207294,44.92150368612233,45.716573776164815,234004
2020-02-11,45.21965408325195,46.71041191017235,44.87181210678114,45.815955697542826,375619
2020-02-12,44.57365798950195,46.163801963427865,43.77858789813562,45.66688268242475,270228
2020-02-13,44.67304229736328,45.61718965097828,42.93382488482784,43.82827727941593,513269
2020-02-14,43.92766571044922,45.418423570818355,43.62951489661405,44.22581652428438,313124
2020-02-17,41.98967742919922,44.176122929313294,41.54244933739516,43.92766329955472,417646
2020-02-18,40.94614791870117,42.03936877786735,39.753540932487915,42.03936877786735,467135
2020-02-19,41.592140197753906,42.58597870944402,40.25045972344948,40.94614743987117,511245
2020-02-20,42.43690490722656,43.18228378572167,40.995838317230756,41.29398911039019,333789
2020-02-24,41.0455322265625,42.436907742524596,40.74738141348299,42.436907742524596,285040
2020-02-25,40.846763610839844,41.84060217841447,40.44923045852595,41.54245136638073,320749
2020-02-26,39.50508117675781,40.94614778924294,38.80939345440019,40.64799699143055,376292
2020-02-27,39.50508117675781,40.20076889911543,39.40569884121805,39.50508117675781,443271
2020-02-28,36.52356719970703,38.90878126800193,35.82787944718825,38.90878126800193,727952
2020-03-02,37.16956329345703,38.511243819731696,36.42418438081706,37.765864907091725,460312
2020-03-03,37.96463394165039,38.213093582903085,36.921104206627724,37.66648313038581,377310
2020-03-04,37.119869232177734,37.96463429501571,35.48003785936276,36.82171841813804,344965
2020-03-05,37.16956329345703,38.014324544638384,36.473875550087755,37.368327970539795,466440
2020-03-06,37.0701789855957,37.56709828511091,33.79051236703402,34.98311944410919,596748
2020-03-09,32.051292419433594,36.07633768596105,31.355604693951452,36.07633768596105,1102924
2020-03-11,33.9395866394043,34.38681093603455,32.1506742881111,32.1506742881111,616809
2020-03-12,29.3182373046875,32.697289900349105,27.330560199284957,31.8525248558371,1431614
2020-03-13,28.871009826660156,30.808995804883416,24.34904507160141,25.193808238919154,1094478
2020-03-16,24.349044799804688,29.119469145201244,23.10674659573302,27.33056048957669,3372007
2020-03-17,24.895654678344727,26.137952853822938,24.349044239372947,24.895654678344727,1019511
2020-03-18,23.05705451965332,26.237336659731902,22.659517593496517,25.839801629171646,1021842
2020-03-19,21.31783676147461,22.858285691115526,20.771224444546544,22.858285691115526,3075365
2020-03-20,21.914138793945312,22.8085949860219,21.268144129576207,21.765063393798066,1175012
2020-03-23,19.82707977294922,21.26814452889103,19.72769553911957,21.019684892115205,558370
2020-03-24,20.12523078918457,20.67184123756575,18.43570448321191,19.379851871066624,377445
2020-03-25,20.870609283447266,21.46691278495079,18.435704108806455,18.93262337745996,343828
2020-03-26,21.268144607543945,21.914139286430753,20.274306056765287,20.870609566351803,440442
2020-03-27,20.572458267211914,22.659517657442105,20.32399863546103,21.41721949868768,901107
2020-03-30,19.678003311157227,20.323999910720794,18.932624369134654,20.323999910720794,761613
2020-03-31,19.379852294921875,20.622150518955326,19.131392650115185,20.32399970342596,1552540
2020-04-01,19.82707977294922,20.17492174795809,18.932623564078984,19.280467434684454,191624
2020-04-03,20.572458267211914,21.31783716246457,19.330160108457488,19.379851276569042,450780
2020-04-07,21.86444854736328,22.560136304836224,20.67184150472299,22.063217019668876,1213544
2020-04-08,21.914138793945312,22.858286154205466,21.367528361539893,21.86444762576175,782058
2020-04-09,24.100584030151367,24.100584030151367,22.16259816433357,22.659517422687205,747173
2020-04-13,22.907978057861328,25.442267524115394,21.76506409257653,25.442267524115394,1343893
2020-04-15,23.504281997680664,24.24966093140582,21.41722060413089,22.907978471581206,1326012
2020-04-16,24.945348739624023,25.591343437569556,22.957671579424446,23.35520663234503,848193
2020-04-17,27.231176376342773,27.429944848124947,25.442267712689755,25.939186996548553,563251
2020-04-20,29.914541244506836,29.914541244506836,28.274707988148112,28.821318441735475,552759
2020-04-21,28.52316665649414,32.498520788655185,27.42994389103054,32.498520788655185,1096833
2020-04-22,27.628711700439453,28.821318751858463,27.0324100703266,28.821318751858463,422023
2020-04-23,28.572858810424805,29.31823773591415,27.628711413232985,27.728095649084224,359236
2020-04-24,27.280868530273438,28.52316669839888,26.982715832565386,28.52316669839888,248811
2020-04-27,28.77162742614746,29.218853646321737,27.280869567706592,29.218853646321737,455766
2020-04-28,29.218852996826172,29.566696868516274,27.976554809073388,29.218852996826172,358639
2020-04-29,30.65991973876953,30.65991973876953,28.92070227104221,29.616388120775174,275526
2020-04-30,32.15067672729492,32.15067672729492,31.80283473881645,32.15067672729492,227865
2020-05-04,30.560535430908203,32.15067559538875,30.560535430908203,32.100984426097455,174262
2020-05-05,29.069778442382812,30.063617021609573,29.069778442382812,29.069778442382812,320781
2020-05-06,27.628711700439453,29.616388855740034,27.628711700439453,27.877171344852023,697798
2020-05-07,26.336721420288086,27.4299441979854,26.287030251318633,26.88333186133845,570337
2020-05-08,27.08209991455078,27.628710347248045,26.734256050290448,27.57901917903795,448820
2020-05-11,27.529329299926758,27.82748011434176,26.634873065488453,26.634873065488453,235356
2020-05-12,27.18148422241211,27.330559623054913,26.634871892593072,27.231175390760857,163904
2020-05-13,28.52316665649414,28.52316665649414,27.579019291867265,28.4237824240708,365096
2020-05-14,28.423782348632812,29.318236646875814,27.976554251713033,28.572857749073886,326292
2020-05-15,28.225013732910156,28.77162605905739,27.42994367109161,28.57285759580448,259505
2020-05-18,26.833641052246094,28.572858527854635,26.833641052246094,28.572858527854635,316508
2020-05-19,27.08209991455078,28.125629611735214,26.833640282307194,27.23117531477762,207968
2020-05-20,27.08209991455078,27.330559546794365,26.684564882080355,26.684564882080355,109459
2020-05-21,26.982715606689453,27.926862964799835,26.833640206881643,27.082099838426842,245657
2020-05-22,25.69072723388672,27.18148507845736,25.64103416837639,26.734256966847518,218338
2020-05-26,26.933025360107422,26.933025360107422,25.44226751983133,25.83980256478563,208852
2020-05-27,27.678403854370117,28.17532312681627,26.933024945700883,27.628710789767545,165865
2020-05-28,28.274707794189453,28.672242839125676,27.678404278986807,27.926863919021525,233678
2020-05-29,28.175323486328125,28.572858530238204,27.97655501657478,28.175323486328125,164420
2020-06-01,28.92070198059082,29.318237018673862,28.324398475667966,28.324398475667966,411469
2020-06-02,29.815156936645508,30.01392540779513,29.318237654368083,29.566697295506795,416192
2020-06-03,30.80899429321289,31.305913556006647,30.063615399022257,30.70961006153483,619872
2020-06-04,29.268545150756836,31.355604524747797,29.268545150756836,31.00776255948033,418383
2020-06-05,35.08250045776367,35.08250045776367,29.765465670965828,29.815156840795172,2431521
2020-06-08,38.36216735839844,41.19460956299513,36.02664823093902,37.76586573174297,2112094
2020-06-09,36.374488830566406,39.75354136288925,35.77818722660032,39.65415902595928,928793
2020-06-10,37.119869232177734,37.96463429501571,36.324799131007445,36.67264490671484,425180
2020-06-11,35.1321907043457,37.02048543778374,34.834039902011575,37.02048543778374,354871
2020-06-12,35.08250045776367,35.28126892827429,31.504683153345546,31.80283396351485,740710
2020-06-15,36.473876953125,37.169564723255235,35.03281024168238,35.67880684063045,484001
2020-06-16,36.07633972167969,37.76586606713216,35.18188727375307,37.26894677677515,550287
2020-06-17,35.33095932006836,35.976955887203836,35.03280851646474,35.03280851646474,329809
2020-06-18,37.91494369506836,39.654161226196386,35.33096108839071,35.33096108839071,1226401
2020-06-19,38.21309280395508,39.455390984895146,36.97079462301501,38.26278397295405,832036
2020-06-22,37.765865325927734,39.35600550738424,37.169563705679856,39.25662316774067,496350
2020-06-23,38.80939483642578,39.35600528374579,37.66648277224635,38.21309321956635,592322
2020-06-24,37.0701789855957,40.15108091730602,36.77202816412526,39.05785618365653,889597
2020-06-25,36.970794677734375,37.61678745806341,35.87757000217316,36.772026210251134,404506
2020-06-26,36.275108337402344,37.96463468943783,35.72849787411851,37.26894692198871,438688
2020-06-29,34.93342590332031,35.62910984250778,34.78434860709836,34.78434860709836,359321
2020-06-30,34.883731842041016,36.47387580831334,34.486198693867856,35.03280914210172,580167
2020-07-01,34.48619842529297,35.4800369747758,33.93958798131605,34.88373157037018,349344
2020-07-02,35.08250045776367,35.57941973844359,33.88989342589321,34.78434964759437,516746
2020-07-03,34.93342590332031,36.02664677163758,34.68496627041247,35.48003633747895,540805
2020-07-06,35.28126907348633,35.67880601614376,34.834040960795036,35.082500602157616,375554
2020-07-07,34.63527297973633,35.778188862659725,33.29359241386391,35.33096074363782,512046
2020-07-08,35.72849655151367,37.51740517930828,34.684966834566254,34.684966834566254,1464128
2020-07-09,36.921104431152344,38.11370768346313,35.827879728276415,35.9769570304119,1100706
2020-07-10,35.57941818237305,37.219253253375676,35.380649720555596,36.57325670026723,534591
2020-07-13,35.08250045776367,36.37448982929281,34.93342694827564,36.07633901912351,430751
2020-07-14,33.69112777709961,34.93342594305176,32.796671581136806,34.83403981505971,674431
2020-07-15,33.392974853515625,34.68496804364263,33.04513286613886,33.691129461202365,453412
2020-07-16,33.14451217651367,33.69112637981723,32.200368642501296,33.49235792326984,371061
2020-07-17,34.28742980957031,34.53588944587155,33.64143323870983,33.69112819892462,452630
2020-07-20,33.74081802368164,35.480035408498296,33.19420760383501,34.78434769633303,477705
2020-07-21,33.69112777709961,34.23773821187993,33.5420504807081,34.23773821187993,331721
2020-07-22,33.243900299072266,34.53588965751774,32.945749491922264,33.84020191337227,440433
2020-07-23,33.243900299072266,33.98927921254387,33.094822999900664,33.5917422755484,296846
2020-07-24,33.194210052490234,33.44266969722087,32.44883111829833,33.2439012231977,271466
2020-07-27,31.9519100189209,33.29359050798951,31.80283272404968,33.29359050798951,411603
2020-07-28,31.753143310546875,32.25006259931539,31.05745554803229,31.951911784292943,591948
2020-07-29,34.883731842041016,35.4303460814681,31.454989956980516,31.753142661505308,1618898
2020-07-30,33.889892578125,35.62911001699755,33.7905102409524,35.62911001699755,524508
2020-07-31,32.6475944519043,34.18804721852675,32.34944364878785,34.18804721852675,331063
2020-08-03,33.889892578125,34.784348777451,32.64759440750175,32.6972893672812,610653
2020-08-04,36.07633972167969,36.27510819606115,34.237739863836104,34.237739863836104,817434
2020-08-05,39.256622314453125,39.753541584256325,36.32479786437559,36.424183993052125,1722577
2020-08-06,39.60446548461914,40.498921713793735,38.41186223397738,39.753542786546,1119200
2020-08-07,42.53628921508789,43.728896234260915,39.455391224151334,39.75354203114629,1975981
2020-08-10,43.72889709472656,44.22581637989391,41.98967959664085,42.68536735411379,1040594
2020-08-11,42.9338264465332,44.7227350919735,42.4369071677335,43.828278873656735,825129
2020-08-12,44.87181091308594,45.219652880303336,41.244298780936006,42.68536540019529,1187312
2020-08-13,44.474273681640625,45.96503145867886,44.225814052134254,45.219652570159745,848176
2020-08-14,44.971195220947266,46.21349343147067,42.98351808410982,44.02704782271082,1187268
2020-08-17,46.01472473144531,46.31287554225429,44.82211769701615,45.26934580882624,752802
2020-08-18,45.36873245239258,46.710413011785704,44.971195506027726,46.11411138343171,675206
2020-08-19,45.766265869140625,46.312876330121476,45.219655408159774,45.46811505325955,579280
2020-08-20,47.45579147338867,48.00240192583827,44.822117759958914,45.51780551361897,1063537
2020-08-21,49.045928955078125,50.28822709265551,48.549009700047165,48.648395825769185,1391471
2020-08-24,47.207332611083984,51.58022388521962,44.92150463236489,49.691929064298925,1575714
2020-08-25,47.00856399536133,48.896858810609054,45.319037654012305,47.80363409976283,770887
2020-08-26,47.555171966552734,48.598705452112895,46.85948803110344,47.356407294248996,410629
2020-08-27,46.9091796875,48.00240056132333,46.710411221933995,47.55517246159809,514547
2020-08-28,46.80979537963867,47.455791970053895,45.91534293659447,47.25702349675742,505640
2020-08-31,45.0208854675293,48.20116957946456,43.23197683931358,47.157639862271495,885677
2020-09-01,45.120269775390625,45.71657136365676,42.73505583994001,42.73505583994001,563652
2020-09-02,46.26318359375,46.561334399541366,45.21965387788363,45.21965387788363,221328
2020-09-03,47.356407165527344,47.80363146818824,46.01472288396537,46.21349134692193,380991
2020-09-04,46.61103057861328,47.00856373299868,45.07057775789083,46.511644446621965,524580
2020-09-07,46.01472473144531,47.0085632949374,45.51780544969927,46.76010365406438,277027
2020-09-08,44.82211685180664,46.36256962912571,43.87797326724744,46.26318349993467,519506
2020-09-09,43.97735595703125,44.57365757217473,41.89029651283587,44.57365757217473,756499
2020-09-10,43.72889709472656,45.61719189483979,43.33136015011537,44.27550755017199,388191
2020-09-11,43.67920684814453,44.27550848647819,42.63567708546395,43.72889801947345,401578
2020-09-14,43.33135986328125,44.971195009955835,42.884135542545685,44.02704761614905,279965
2020-09-15,42.983516693115234,44.02704639794646,42.88413435596679,43.530127129817956,219615
2020-09-16,43.72889709472656,44.623353324505096,43.13259546900306,43.13259546900306,337687
2020-09-17,43.72889709472656,44.32519872045007,43.23197780955921,43.28166897983729,142673
2020-09-18,42.23814010620117,44.225817287669464,41.9399892872196,43.92766646868789,371794
2020-09-21,39.7535400390625,42.238136291503906,39.25662078857422,41.93998549944954,283644
2020-09-22,38.411861419677734,39.654159605421604,36.42418432248754,39.654159605421604,356172
2020-09-23,38.01432418823242,40.49892054040448,37.0204856473636,38.66032075627442,293901
2020-09-24,36.57325744628906,37.765864450327506,35.67880503665509,37.36832751858364,322229
2020-09-25,37.666481018066406,38.362164941605705,35.92726362683208,36.772024843240104,323828
2020-09-28,39.50508117675781,42.735056367310335,37.865246102000064,37.865246102000064,296151
2020-09-29,39.50508117675781,41.14491625151556,39.15723921117554,39.753540806800316,235017
2020-09-30,39.306312561035156,39.75354065160432,38.8093933028901,39.50508102253179,136597
2020-10-01,39.65415954589844,40.15107881945008,39.15724027234679,39.45539107823914,191065
2020-10-05,38.75970458984375,40.39953976204523,38.312476470953044,39.75354316907051,226616
2020-10-06,39.306312561035156,40.15107757459759,38.95847059681085,39.05785293196263,140783
2020-10-07,39.8032341003418,40.151079875694556,39.05785517040584,40.10138491407753,154204
2020-10-08,38.958473205566406,40.2007714341164,38.61062742685641,39.40570132608307,155419
2020-10-09,39.00816345214844,39.604465071245386,38.85908615177758,38.95847228242257,114672
2020-10-12,38.312477111816406,39.654161490931244,38.06401746285366,39.15724219300576,178226
2020-10-13,39.35600662231445,39.75354357453716,38.11370838561017,38.31247686172152,239596
2020-10-14,44.27550506591797,44.72273315571372,38.36216514597943,39.05785286441803,1325547
2020-10-15,42.337520599365234,46.710411724051596,41.939987455153044,44.1761241866236,1283676
2020-10-16,44.37489318847656,45.71657372703172,42.98351768900265,42.98351768900265,879610
2020-10-19,46.66072082519531,46.809794333440905,44.37489291135727,44.37489291135727,867274
2020-10-20,46.362571716308594,47.60486995317438,46.114112068935434,46.66072253491771,397415
2020-10-21,44.27550506591797,46.909178646009444,43.82827697612222,45.91534013143803,465693
2020-10-22,46.710411071777344,47.10794800163143,43.38105350122366,44.52396553996616,549653
2020-10-23,45.71657180786133,47.40609804595569,45.21965254908022,46.71041032542353,338325
2020-10-26,43.72889709472656,46.11411118000714,43.48043745214289,45.71657423539595,333688
2020-10-27,44.325199127197266,44.82211841692456,42.4865992716836,43.381055509670055,380055
2020-10-28,43.87797164916992,45.12026978429712,43.43074356228552,44.32519594486128,181133
2020-10-29,43.57981872558594,44.225815296962665,42.784748647025246,43.53012755652461,270082
2020-10-30,43.480438232421875,44.076739868846325,43.38105589008225,43.62951553712466,107004
2020-11-02,42.88413619995117,44.12643442369028,42.735058896625155,44.12643442369028,136437
2020-11-03,42.58597946166992,43.728895286778894,42.48659712522267,42.73505675753392,143398
2020-11-04,42.48659896850586,43.033209425066694,42.138756984656226,42.63567627083758,126068
2020-11-05,45.71657180786133,46.014722604891375,42.63567391989573,42.88413354928628,820690
2020-11-06,44.87181091308594,47.00856146678001,44.5736563226789,45.71657214272425,598994
2020-11-09,45.96503448486328,47.406101189113876,45.16996437633674,45.219655547270904,491952
2020-11-10,40.94614791870117,46.31287366987118,39.902618227461986,46.31287366987118,1182364
2020-11-11,41.542449951171875,42.43690614799529,41.19460798084785,41.19460798084785,477022
2020-11-12,40.54861068725586,42.28782808994251,39.80323180039015,41.5424492030768,899715
2020-11-13,42.685367584228516,45.16996402345959,40.74738160338962,40.74738160338962,3572737
2020-11-14,43.38105392456055,43.62951356034567,42.88413465299029,42.88413465299029,264165
2020-11-17,42.88413619995117,44.07673946178606,42.58598159329914,43.629515134194634,1060517
2020-11-18,43.57981872558594,43.72889602396308,42.38721550334149,42.73505747796392,538289
2020-11-19,43.23197555541992,44.07673677968078,42.884133590416766,43.23197555541992,568315
2020-11-20,43.778587341308594,44.126433108302415,43.13259455893698,43.231976897396244,574152
2020-11-23,43.18228530883789,44.37489231473404,42.98351684265634,44.12643267980539,514118
2020-11-24,43.28166961669922,43.82828008018767,42.933827628441115,43.62951539615066,375348
2020-11-25,43.87797164916992,45.12026978429712,43.23197510242656,43.23197510242656,926606
2020-11-26,45.51780319213867,45.91534011429605,43.679203457345196,43.82827695975942,1144346
2020-11-27,45.766265869140625,47.157641398176715,45.567497394822134,45.71657469835933,1208841
2020-12-01,47.5054817199707,48.10178712202815,45.76626426522454,46.114110030889684,979967
2020-12-02,50.934226989746094,52.22621637954002,46.95887268810738,47.65456044913281,2826434
2020-12-03,53.66728210449219,55.35680841046484,52.176524268256294,52.47467507726483,2839555
2020-12-04,52.971595764160156,55.05865906508699,51.48083788829528,54.56173977313203,1168178
2020-12-07,54.611427307128906,55.853725454282916,53.31943799232735,53.66727995705324,1569486
2020-12-08,55.20772933959961,56.9469467594235,53.766662719221195,55.10834700351548,2008453
2020-12-09,57.344486236572266,58.2886336361353,55.50588260769829,55.65495990964787,1708746
2020-12-10,55.70465087890625,57.79171414270346,54.313279160901374,56.74818061520823,734147
2020-12-11,55.70465087890625,57.59294567121898,55.15804042571886,56.64879827506262,719133
2020-12-14,55.15803909301758,58.04017238192279,54.909579457463444,57.344484644132585,698710
2020-12-15,54.41265869140625,55.25741991260382,54.01512176896441,54.85988678135505,656930
2020-12-16,54.95927047729492,56.052495145484365,54.21389157265387,55.15803894343784,620935
2020-12-17,53.866050720214844,55.754341709848624,53.7666645894805,55.15804009021548,429569
2020-12-18,51.629913330078125,54.06481853106954,50.03976937846244,53.7169727645318,761554
2020-12-21,47.65456008911133,53.51820536501369,46.710412691366336,51.67960553087339,815435
2020-12-22,48.79747009277344,49.49315781896471,44.77242482214311,47.8533265263636,735642
2020-12-23,52.474674224853516,52.87221115786936,47.65455881580054,48.797470863633045,797183
2020-12-24,52.7728271484375,54.16420267867906,51.480837751037946,52.67344480678881,736277
2020-12-28,52.87221145629883,54.412660445842015,52.47467452103914,53.46851306799516,498797
2020-12-29,53.120670318603516,54.362968484187356,52.921901853871475,53.56789841645232,913488
2020-12-30,53.617591857910156,56.00280216223425,52.27590750748414,53.56790068741881,1217821
2020-12-31,54.6611213684082,55.6549599387429,53.518205496045994,53.518205496045994,1481919
2021-01-01,57.14571762084961,58.33832465987121,55.058658145956755,55.058658145956755,3021608
2021-01-04,62.90998077392578,63.55597736142848,57.74201944748405,58.040174051681156,4536125
2021-01-05,60.07754135131836,65.04673033043777,59.481235944164915,63.10874818297042,2724400
2021-01-06,60.02785110473633,62.31367905598436,58.23893864696604,60.57446155963579,1673550
2021-01-07,61.27014923095703,62.21429283756049,60.22661570164875,60.32600183316029,2009500
2021-01-08,60.97199249267578,63.10874685543957,60.62415052254825,62.26398561873378,1590303
2021-01-11,58.68616485595703,61.36952966429436,56.84756507884815,61.021687692795865,1065107
2021-01-12,58.835243225097656,60.42538339691385,57.94078700895528,58.63647475582233,909713
2021-01-13,58.189247131347656,60.32600155922736,56.89725775711044,59.23277686472413,771523
2021-01-14,58.785552978515625,60.5247704773925,56.94694934784411,58.089865220726224,777951
2021-01-15,59.33216094970703,60.82291874346252,57.74201702831864,59.43154328614682,1197397
2021-01-18,56.052494049072266,59.48123391039888,54.81019589897043,59.23277428037851,796441
2021-01-19,56.89725875854492,58.04017464309782,56.6984902841192,56.6984902841192,385198
2021-01-20,57.44386672973633,58.53709139609188,56.69848782634565,56.89725629215513,553818
2021-01-21,55.3071174621582,58.08986467602928,54.81019818142432,57.543254225460664,1012853
2021-01-22,53.220054626464844,56.05249682361601,52.27590722741446,55.207731765015865,1880202
2021-01-25,51.580223083496094,54.064819498092376,50.437307216304504,53.41882291382004,1063145
2021-01-27,51.033607482910156,52.4746741233126,49.8410042685567,51.580221712547505,927769
2021-01-28,52.424983978271484,53.36913136739844,50.437306860611905,51.03360847943249,398739
2021-01-29,50.8845329284668,53.56789768786979,50.486996004409654,53.518202728967836,362564
2021-02-01,53.17036056518555,53.518202529041304,50.23853618699745,50.68576427709276,620942
2021-02-02,52.02744674682617,54.01512385335161,51.72929593908599,53.36913106844677,602259
2021-02-03,55.406497955322266,56.54941377939809,51.92806310610921,52.32560003392509,1363267
2021-02-04,55.406497955322266,56.84756457966344,54.81019635479156,55.45618912350097,634015
2021-02-05,55.356807708740234,56.30095508462656,54.4126603328539,55.40649887774621,544554
2021-02-08,48.89685821533203,57.990478821356,46.809794951593794,56.052496650218494,4031827
2021-02-09,49.74161911010742,51.778987397425404,49.1950086610016,51.13299460891607,1170309
2021-02-10,48.94654846191406,50.58638358168389,48.698088825051556,49.99007817849796,498339
2021-02-11,51.4808349609375,52.42498232020348,48.89685630618197,48.996238642444446,1436037
2021-02-12,50.8845329284668,52.027444950543185,50.68576446643823,51.729294153096866,372594
2021-02-15,49.393775939941406,51.48083534663469,49.0956251377271,51.18268454442038,590217
2021-02-16,49.642234802246094,50.68576448937701,48.79746978604063,49.44346634012757,1349392
2021-02-17,49.59254455566406,50.636074262177864,48.797470692421975,49.54284959581657,835220
2021-02-18,49.94038772583008,50.48699817653087,49.244699974395786,50.08946502656359,678759
2021-02-19,53.66728210449219,56.45002930722721,49.443468235157155,50.03976985317422,2847626
2021-02-22,52.1268310546875,55.05865544256432,51.67960296311424,54.26358159479272,1162805
2021-02-23,52.92190170288086,53.86604906426947,52.0274455097352,52.0274455097352,581864
2021-02-24,54.0151252746582,55.1580411574613,53.31944130202325,53.518205984951344,535706
2021-02-25,54.51204299926758,55.10834840451125,54.015123723827784,54.61142912907145,795840
2021-02-26,52.474674224853516,54.4623513075464,52.027446123008986,53.66728123270788,803979
2021-03-01,52.8225212097168,54.61142986724167,52.375293097537266,52.67344390859254,1022654
2021-03-02,62.66151809692383,63.357205821040544,53.91573985555215,54.263581822013954,8857999
2021-03-03,60.5247688293457,65.09642461400463,59.680003792463324,64.59950534214201,3087863
2021-03-04,58.288631439208984,61.96583097597498,57.64263487669975,59.63031194141353,2005556
2021-03-05,54.81019592285156,59.58062006308251,54.41265899816853,58.53709037478092,1522618
2021-03-08,61.51860809326172,62.86028862652044,56.49972035573911,56.49972035573911,4425670
2021-03-09,63.60566711425781,69.9165403817733,62.015526952878645,62.214291629656145,10998483
2021-03-10,63.10874938964844,65.44426851987465,61.91614234373139,64.400742567588,2259349
2021-03-12,65.19580841064453,68.52516609014067,62.462752354248416,64.00320516444447,4411807
2021-03-15,66.28902435302734,68.8233155394188,63.903818039230615,65.54364548436938,3626955
2021-03-16,71.00975799560547,73.9415861284416,66.73625698278646,66.78594435849729,7962454
2021-03-17,66.43810272216797,71.95390947276609,65.0964222532724,71.10914825771229,2460855
2021-03-18,66.68656158447266,70.56253323647451,65.54364579726384,68.57485624389777,3390768
2021-03-19,66.73625946044922,68.02824501268776,62.46275070658509,65.99088055563941,1934111
2021-03-22,66.73625946044922,70.46315398449829,65.7424209207028,66.73625946044922,1970525
2021-03-23,65.8915023803711,68.92270556864068,64.94735115854014,67.28287035799684,1630869
2021-03-24,63.60566711425781,67.829480946064,62.81059703356823,66.58718276023865,1157748
2021-03-25,61.56829833984375,64.10258585978256,59.13339315747384,63.70504892712061,1743082
2021-03-26,64.69889068603516,66.04057126592328,62.31368034499034,62.9099819824532,1804314
2021-03-30,65.54364776611328,67.08410051458793,65.34488309383936,65.99087965230893,1232650
2021-03-31,73.7428207397461,76.9727961745342,64.99704565036727,66.04057162602061,8959992
2021-04-01,80.8984603881836,82.5879829090607,72.74897963791642,74.33912740154956,8228749
2021-04-05,82.68736267089844,83.87997345644345,77.12186841884713,82.24013836531046,6147352
2021-04-06,81.69352722167969,84.17812364061625,80.50092397354474,83.18428507304162,2999199
2021-04-07,80.55062103271484,82.88614021086349,79.65616478212542,82.28983857126612,1863765
2021-04-08,84.47628021240234,88.25286989014678,83.23398197398467,85.47011880313649,5508471
2021-04-09,87.35841369628906,90.29023450782181,83.97936096921605,84.7247399127298,4115729
2021-04-12,78.9604721069336,85.27135315255705,78.01632848937982,85.27135315255705,3422184
2021-04-13,82.83644104003906,84.42658119231315,79.35800613964545,79.35800613964545,1824118
2021-04-15,80.2524642944336,83.97935892111008,79.9046223124211,81.99168178688262,1805916
2021-04-16,79.70584869384766,82.19044506937142,79.30831933967298,80.79907716498724,1362877
2021-04-19,74.73665618896484,77.51940717167173,73.14651601986937,77.51940717167173,3479984
2021-04-20,74.1403579711914,77.42002838094648,73.59375129115675,76.32680743849038,1898954
2021-04-22,76.52556610107422,77.86724658766776,72.40113472330532,73.5440505386947,2659715
2021-04-23,74.1403579711914,78.61263166682826,73.3949790219186,76.72433681219313,1632911
2021-04-26,76.1280288696289,78.06601852680089,75.03480801763725,75.03480801763725,2069621
2021-04-27,78.91078186035156,81.3953782187859,76.52556783977734,76.823722435744,2948712
2021-04-28,76.97279357910156,80.45122854543077,76.57526422028742,79.55677990571245,1803223
2021-04-29,81.64383697509766,83.48243674405495,77.71817022162998,78.16540211076203,4744018
2021-04-30,80.2524642944336,84.42658324335665,79.60646770933236,79.9046223124211,3175730
2021-05-03,84.07874298095703,85.07258156839715,79.80524160439651,80.00400628892986,5191268
2021-05-04,85.96703338623047,90.33992446223853,84.72473521590922,85.71857375216622,4649504
2021-05-05,89.04793548583984,90.83684796750177,86.71241633317157,86.71241633317157,3051674
2021-05-06,87.75594329833984,91.97975695777232,86.56333253918608,91.43314274536192,2797862
2021-05-07,90.38961029052734,92.77482425314373,85.76826724204166,89.4454667302184,7256317
2021-05-10,99.08570098876953,102.26598891703307,92.02944875846406,92.72514029701536,11351458
2021-05-11,98.24093627929688,104.10458506937114,94.4146594901218,97.39617505296775,4536677
2021-05-12,93.37113189697266,100.47707928624381,90.63807579205195,98.68817438518225,2655844
2021-05-14,88.70008850097656,95.8557228596975,84.77442935377579,95.20973388330243,3472182
2021-05-17,92.77482604980469,93.81835954815392,87.35840904809143,89.69392809702138,2182469
2021-05-18,91.43314361572266,94.81219609191137,90.58838239227201,94.2655818742977,1747166
2021-05-19,89.64423370361328,93.023286272245,88.70009011905408,91.78098809130586,1082107
2021-05-20,87.15963745117188,91.33376389380017,86.11611152730457,90.14115308916935,1657632
2021-05-21,87.55717468261719,90.29023069337212,87.15963774639374,87.95471161884063,1311274
2021-05-24,85.96703338623047,88.79947169808567,85.22165448403773,88.45162972687297,1522617
2021-05-25,87.75594329833984,89.74362031454336,87.10994675159648,87.10994675159648,1565019
2021-05-26,86.81179809570312,90.04177346765032,85.37073519348134,88.10379127743664,1566789
2021-05-27,86.31487274169922,88.15347246157926,85.66887619623162,87.25902387196295,1325583
2021-05-28,85.96703338623047,89.94238753125848,85.71857375216622,87.35840885346754,1368582
2021-05-31,81.59414672851562,91.93006958175212,79.50708720583967,86.96087663138714,7270329
2021-06-01,78.61262512207031,84.17811929681768,77.66848156454917,82.68736152238253,2881564
2021-06-02,79.95430755615234,81.69352500215528,78.0660203949725,78.56293966525905,1505087
2021-06-03,81.14691925048828,82.38921743992506,80.10338573840681,80.45122771497184,1228979
2021-06-04,80.10338592529297,81.3953790782761,79.6064666483589,81.3953790782761,733535
2021-06-07,79.80523681640625,81.4947592807353,78.91078062489655,80.94814505748319,1355499
2021-06-08,77.91694641113281,80.35184790613613,77.61879180332615,80.1530832225228,1270379
2021-06-09,75.97895050048828,80.40153638705293,75.53172620721577,78.01632246403207,1900430
2021-06-10,77.71817016601562,78.36416672826437,75.78018806165566,75.78018806165566,947158
2021-06-11,82.24014282226562,82.98552176023178,78.51324813243485,78.51324813243485,3753882
2021-06-14,82.38921356201172,84.22781327936127,78.21508729254094,83.03521010659023,3155090
2021-06-15,81.5444564819336,84.12843520881214,80.69968764415812,82.98551935392746,1451132
2021-06-16,79.40769958496094,81.7432185999097,78.51324339687375,81.69352364075466,1173606
2021-06-17,77.96662902832031,81.39537647910828,77.56909968537636,78.51324324844752,1022073
2021-06-18,75.28327178955078,78.41386480618763,73.04713500372254,78.01632786111864,1780704
2021-06-21,75.53173065185547,76.02864993245979,71.90421838696669,73.54405352943822,1297982
2021-06-22,74.58758544921875,78.16540267622652,73.94158888183448,76.4758726090379,1552017
2021-06-23,73.94158935546875,76.02864878605979,73.54405242050227,75.53172951294829,763310
2021-06-24,73.7428207397461,75.43235090122114,73.49436109091624,74.93543160356144,584576
2021-06-25,74.68696594238281,76.37648838546349,74.14035172600524,74.33912397849987,1565823
2021-06-28,76.72433471679688,77.5691035688109,75.08450713909097,75.28327182051395,1508847
2021-06-29,75.63111114501953,77.66848317871083,74.8360448648955,77.27094624745565,1169665
2021-06-30,75.0348129272461,77.17156739463175,74.88573562349609,76.47587583792729,766555
2021-07-01,75.28327178955078,76.22741539950141,74.93542980601038,75.3826541302214,556383
2021-07-02,75.13419342041016,76.62495125645951,74.5378918024677,75.43234802057461,743391
2021-07-05,75.78018951416016,77.32064230117305,75.53172987640882,76.22741382915801,1070429
2021-07-06,75.28327178955078,76.92310694896881,74.93542980601038,75.78019107529039,1156338
2021-07-07,78.11570739746094,79.30831818985361,74.53789018505553,74.6869674819029,2122818
2021-07-08,78.26478576660156,80.00400322808159,76.22741370734182,78.61262774242029,1830284
2021-07-09,81.445068359375,82.43890693646262,77.61879135406502,78.11571064260883,4649732
2021-07-12,82.53829193115234,83.7805900783257,81.44506349573086,82.33951967817292,2472274
2021-07-13,80.45122528076172,84.37689199003503,79.35800442361217,83.48243580422681,1487406
2021-07-14,78.61262512207031,80.89845674249202,78.26478315784601,80.64999711341949,1180715
2021-07-15,77.96662902832031,79.25862214004671,77.27094509578221,78.6126255841835,901760
2021-07-16,77.22125244140625,79.40770180478397,77.02248776400211,78.165403615042,669063
2021-07-19,76.02864837646484,79.20892867429055,74.63727290277123,76.52556764689926,1261135
2021-07-20,73.6434326171875,76.3268011633924,73.04713102327068,76.07834153406155,1005562
2021-07-22,76.57526397705078,77.32064289603939,74.19004991980995,74.53789189886068,1201291
2021-07-23,76.3764877319336,77.3703262387444,76.078340729322,77.1218666120417,727278
2021-07-26,76.97279357910156,79.01016566376326,76.07834493938324,76.07834493938324,1007368
2021-07-27,79.65615844726562,81.44506322379051,77.56909908346019,77.81755871206526,2729439
2021-07-28,81.49475860595703,82.48859712554187,76.62494834351408,80.30215541540969,3494404
2021-07-29,85.4701156616211,87.75594736924693,81.99168072190396,82.4885999990064,8399176
2021-07-30,83.13459777832031,87.06025709126264,82.48860119226502,85.61919419977407,2595698
2021-08-02,81.445068359375,84.42658409063783,80.79907935017734,83.48244047535924,1188294
2021-08-03,79.95430755615234,81.74321996213847,79.55677820583216,81.74321996213847,1200511
2021-08-04,78.56294250488281,82.48860184908335,78.01632825485594,80.8984616431687,1398999
2021-08-05,82.83644104003906,84.02905184103439,76.62495014647905,78.91078182826367,2650102
2021-08-06,79.80523681640625,85.37073105568653,78.66232099294308,83.97935560026991,4377038
2021-08-09,77.56909942626953,80.69968469461996,77.07218016686329,80.10338309980969,1179192
2021-08-10,74.23973846435547,79.50708594089436,73.54405449532727,77.66848609498848,1551778
2021-08-11,72.89805603027344,74.7863507892705,70.06561768297104,74.53789115209685,2095846
2021-08-12,75.13419342041016,75.53173035983394,72.74897936625389,72.74897936625389,1081365
2021-08-13,74.04096984863281,76.62494848794678,73.6434329235723,75.48203267179267,799138
2021-08-16,74.43850708007812,75.03480867893013,72.947749291755,74.83604400677487,959751
2021-08-17,72.89805603027344,75.43234736239928,72.05329478036029,74.43850881370466,877350
2021-08-18,70.66191864013672,73.54405192108909,70.06561703292948,73.49435696116086,833488
2021-08-20,66.73625946044922,69.41962048481003,66.23934019057602,68.6742415800002,1203497
2021-08-23,62.11491012573242,69.56869934082032,60.37569264221191,67.58102221679687,1496462
2021-08-24,64.30135345458984,65.09642735601493,61.4192238311006,63.3572098312359,1490881
2021-08-25,65.24549865722656,66.28902452664931,63.70504595834435,64.59950211955383,797743
2021-08-26,64.79827117919922,65.89149966279811,64.35104685946257,64.89766110126202,507177
2021-08-27,65.19580841064453,66.38841923923111,64.89766139028778,64.89766139028778,588528
2021-08-30,67.53132629394531,68.07794052822135,65.64303911892566,65.64303911892566,908402
2021-08-31,67.97856140136719,68.82332269047693,67.23318245526094,67.63071940966162,654357
2021-09-01,65.79210662841797,68.5748575020347,65.59334195846797,67.63071394619303,603845
2021-09-02,67.92886352539062,69.7177759522788,65.49396210549111,66.28902839780753,990927
2021-09-03,69.17115783691406,70.41345595748503,67.9288597163431,67.9288597163431,831346
2021-09-06,67.77978515625,69.61839251468145,67.4816381447322,68.92270098970064,455140
2021-09-07,66.73625946044922,68.62455420244467,66.63687712295184,68.27670464762437,398166
2021-09-08,66.53749084472656,67.28286979033166,66.1399614729799,66.1399614729799,280554
2021-09-09,66.73625946044922,67.28286610787795,65.7424209207028,67.03440647294136,327947
2021-09-13,68.62455749511719,69.369936435691,68.07794323907505,69.369936435691,872584
2021-09-14,70.66191864013672,71.00976061247542,68.87301381851499,69.0717784934553,1140253
2021-09-15,70.71161651611328,71.8545324001181,70.0656199223378,70.81099885768182,594786
2021-09-16,71.25822448730469,72.79867734810321,69.76746658939132,71.05945980053761,807055
2021-09-17,70.61222839355469,71.75513660160351,68.22701447925284,71.25821735205672,1056814
2021-09-20,67.03440856933594,69.5190049964038,66.68656658602376,69.5190049964038,980718
2021-09-21,66.48780059814453,67.28286688974907,64.54981087368651,66.68656527544907,672123
2021-09-22,66.68656158447266,67.8791723294503,66.23933729409728,66.48779691816938,655717
2021-09-23,66.93502807617188,68.17732632399387,66.13996174699786,67.48164233816826,614953
2021-09-24,66.73625946044922,68.57485924250282,66.58718216300998,68.52516428256098,500989
2021-09-27,65.99088287353516,67.23318109185327,65.6430408888834,66.58718450185053,381487
2021-09-28,65.2951889038086,66.83564167043104,64.64919992011497,66.83564167043104,371130
2021-09-29,66.78594970703125,67.58102360593811,64.59950785861732,64.99704480807075,619917
2021-09-30,66.53749084472656,68.27670838447177,66.28903119619153,66.38842112151494,472138
2021-10-01,71.35761260986328,73.94159138447179,66.18964747825967,66.43810712163331,1767798
2021-10-04,76.7740249633789,77.86724580883977,72.89805325457576,73.04713054768091,4311170
2021-10-05,74.73665618896484,78.46355076452598,74.33912683348079,78.01632644841321,1412660
2021-10-06,73.34529113769531,75.92926996095137,73.04713652707908,75.23357839697573,736869
2021-10-07,73.24589538574219,74.33912381610924,73.04713071606788,73.94158689437451,582284
2021-10-08,72.9974365234375,75.13419086559537,71.55637369721201,73.59374570348989,821778
2021-10-11,73.6434326171875,75.48203235775858,73.09682598209132,73.54405028193239,761851
2021-10-12,74.88573455810547,75.18388916136367,72.69929274216716,73.64343634850722,760742
2021-10-13,77.81755828857422,79.25862109368683,75.68080397772175,76.77402482115745,2586968
2021-10-14,75.28327178955078,78.46355218532966,74.58758782246996,78.41386480618763,1148280
2021-10-18,74.58758544921875,75.92926596154837,74.04097121934291,75.53172902912833,1436662
2021-10-19,72.8483657836914,76.92310215640957,72.40113390495782,75.1341898062474,1153139
2021-10-20,70.56253814697266,72.99743959937133,70.0656188642475,72.79867491923588,745028
2021-10-21,69.22085571289062,72.10298899059687,67.68040294548612,71.05945549236978,926421
2021-10-22,70.01592254638672,72.94775080708975,68.07794041426368,69.56869823355413,1068348
2021-10-25,68.52516174316406,72.8483652967613,63.25782222713625,70.2643791232686,2177699
2021-10-26,68.97239685058594,71.25822096496462,67.38225668789067,68.07794063957411,1021270
2021-10-27,67.97856140136719,69.46931929357969,67.82948409566859,68.57486304177485,525436
2021-10-28,65.1461181640625,67.9785564358943,64.59950394389048,67.87917410015018,1009511
2021-10-29,64.89765930175781,66.4381044799929,64.15228040127386,65.29518864944023,548038
2021-11-01,65.19580841064453,66.53748895821623,64.64920174879722,66.23934193785948,501079
2021-11-02,65.2951889038086,66.13995772689037,65.09642422919306,65.39457882350267,446673
2021-11-03,65.24549865722656,65.89149519489929,64.84796174309058,65.69272294663831,276656
2021-11-04,65.54364776611328,65.79210739764879,65.2455007577024,65.69272506151184,141183
2021-11-08,68.87301635742188,69.22085834258328,64.59950744719148,66.04057034959727,1334153
2021-11-09,72.55021667480469,73.54405525939104,68.37609765249661,69.2208589329177,2446168
2021-11-10,69.66808319091797,72.84837120773463,69.02208659512813,72.0532973079338,984639
2021-11-11,67.68040466308594,69.91654143113318,67.23318034243108,69.91654143113318,635804
2021-11-12,67.73009490966797,68.82331573702804,67.43194032839432,68.02824190855564,448822
2021-11-15,66.23934173583984,68.02824659968405,65.64304011455845,68.02824659968405,460373
2021-11-16,65.99088287353516,67.28286847115403,65.14612160155616,66.4878021608624,553233
2021-11-17,66.53749084472656,68.57486299566851,65.64304217590984,65.64304217590984,807738
2021-11-18,67.92886352539062,68.97239703813979,65.49396210549111,66.53748803585387,997149
2021-11-22,64.59950256347656,67.58101806640624,63.95350602136459,67.58101806640624,603222
2021-11-23,65.84180450439453,66.09026414403375,63.307516938313086,64.35104666655918,442851
2021-11-24,65.9411849975586,67.48163775314694,65.5933430282798,65.89149762045376,584175
2021-11-25,65.74242401123047,66.38842060891096,65.59334670678317,65.99088365784706,240780
2021-11-26,62.860286712646484,65.69272499270745,62.26398511406305,65.29518806618977,631021
2021-11-29,59.48123550415039,62.11490916941067,58.83524272350443,61.1210706227001,1010359
2021-11-30,57.642635345458984,61.02168789942868,56.94694760891309,59.630312426336886,777613
2021-12-01,58.189247131347656,59.03401218499014,57.44386820876542,58.53709290326865,489733
2021-12-02,60.37569046020508,60.62415009172856,58.08986260842771,58.4873957441494,378002
2021-12-03,60.723533630371094,61.96583181258976,60.42538282487725,60.87261092871461,457039
2021-12-06,55.45619201660156,56.84756754535087,49.791311351255565,56.151879780976216,3024805
2021-12-07,58.38801574707031,59.33216314292117,54.95927193645051,55.15804040787068,1176620
2021-12-08,57.29479217529297,59.33216038237217,56.648795621032036,58.68616382811124,729289
2021-12-09,57.19540786743164,58.089864080053204,56.648797422471,57.64263597374242,666276
2021-12-10,57.19540786743164,57.59294480441749,56.84756589096393,57.04633435945685,670826
2021-12-13,57.24509811401367,58.537091242795235,57.046333439917866,58.23893664926525,507208
2021-12-14,56.35064697265625,57.642636339263156,55.95311003314956,57.195408230116435,580334
2021-12-15,56.052494049072266,56.84756410689883,55.953107922348266,56.64879564464392,568617
2021-12-16,55.3071174621582,56.64879800366238,55.15804016146074,56.64879800366238,348482
2021-12-17,53.120670318603516,55.307115848269696,52.67344222075471,54.85988775042089,614783
2021-12-20,51.331764221191406,55.65496053173259,50.48699915269019,52.1765254984993,438674
2021-12-21,52.1765251159668,54.56173920917402,51.679605829148066,51.679605829148066,611465
2021-12-22,53.120670318603516,53.91574038633855,52.47467375602267,52.57405988398526,800454
2021-12-23,53.965431213378906,54.81019623534845,53.31943844607725,53.518203118358926,335502
2021-12-24,53.31943893432617,54.46235097518393,52.82251966668545,54.46235097518393,339970
2021-12-27,53.31943893432617,53.96543170754322,52.32560039904474,53.269743974607586,213712
2021-12-28,54.26358413696289,55.00896306077388,53.418822873121066,53.418822873121066,536487
2021-12-29,53.76666259765625,54.810196080145666,53.56789792593741,54.41265915432179,300844
2021-12-30,53.56789779663086,54.46235019078585,53.07097853614706,53.76666246786991,268784
2021-12-31,54.16419982910156,54.81019638941213,53.12067013191712,53.12067013191712,656872
2022-01-03,54.26358413696289,54.90958072074305,53.816359815630896,54.51204377823322,554298
2022-01-04,54.0648193359375,54.85988942798503,53.66728239431711,54.41266131646041,559662
2022-01-05,55.3071174621582,55.9531102523963,53.766664658928576,54.16420159999298,1229948
2022-01-06,55.65496063232422,56.74818155683897,54.462353574821464,55.15804134096418,1068253
2022-01-07,55.60526657104492,56.946947071498656,55.356806938279924,56.15187700488929,833121
2022-01-10,56.251258850097656,56.74817811128648,55.654957253148304,55.804034547982184,711605
2022-01-11,59.282470703125,61.31983896135959,55.75434083676561,56.49971974523142,3509891
2022-01-12,60.17692184448242,62.21429005958118,58.83524135412773,59.63031141475248,1919418
2022-01-13,60.97199249267578,61.81675752057471,59.92846279110005,60.42538205767832,1286324
2022-01-14,60.723533630371094,61.31983903255196,59.77939004483945,60.32600048677703,966288
2022-01-17,63.2081298828125,63.903821413054104,60.27630921092577,61.071379287898324,1973020
2022-01-18,60.723533630371094,64.50012313727038,60.47507399392736,63.655361889838964,1287258
2022-01-19,59.72969436645508,61.31983829529229,59.282470059187965,61.31983829529229,635131
2022-01-20,60.37569046020508,61.02168701864336,59.82908002909205,60.127230828681604,491191
2022-01-21,60.425384521484375,62.06521968453312,59.63031442077931,59.63031442077931,1186622
2022-01-24,56.64879608154297,61.12106945640162,56.05249448137239,61.07137828825292,859498
2022-01-25,58.139556884765625,58.68616734510168,55.654960436698715,56.797876319286814,530674
2022-01-27,58.38801574707031,59.18308584155773,56.599107086675325,57.34448601110601,552920
2022-01-28,59.53092956542969,61.76706626175928,56.69848747536298,56.69848747536298,732761
2022-01-31,59.82908248901367,61.0216895276,59.33216320553548,61.0216895276,491867
2022-02-01,59.928462982177734,60.92230151850305,58.08986320645317,60.57445954726644,699693
2022-02-02,59.48123550415039,60.97199332421624,58.9843162307951,60.22661441418332,518892
2022-02-03,61.071380615234375,61.866450709487125,59.481236635535616,60.07754204962012,758630
2022-02-04,59.630313873291016,62.21429262465633,58.38801566759746,61.4192225312511,1489106
2022-02-07,59.38185501098633,60.37569358857606,57.940788315242564,60.37569358857606,654218
2022-02-08,61.121070861816406,62.36336905006471,58.089864040729196,58.73585682390239,989654
2022-02-09,64.45043182373047,65.79211241996369,62.164603797351134,62.61183192649334,3573683
2022-02-10,66.68656158447266,68.57485624389777,62.86028489023962,65.04672654911964,3781835
2022-02-11,63.9038200378418,67.0841002772923,63.108746186786085,65.64303745243826,1190295
2022-02-14,60.5247688293457,63.009365188658855,60.12723189537833,62.61182825469148,1185439
2022-02-15,60.574459075927734,62.11490803700688,58.636473186934495,59.92846251586561,1138875
2022-02-16,62.6118278503418,63.75474368472212,61.41922084733475,61.41922084733475,658571
2022-02-17,62.41305923461914,64.40074009564852,62.114908432382336,64.40074009564852,492591
2022-02-18,63.10874938964844,63.85412831944743,61.91614234373139,62.31367928943483,738947
2022-02-21,62.860286712646484,65.44426536143217,61.1210692937195,63.108746343921766,1280034
2022-02-22,61.767066955566406,63.40689827657853,58.636474029062896,58.636474029062896,734293
2022-02-23,62.36336898803711,63.456589876131,61.866449713232036,62.015527012150834,490650
2022-02-24,53.965431213378906,60.624150097028895,52.87221035105727,59.63031157084809,1558213
2022-02-25,59.779388427734375,61.51860583579256,55.35680626043351,57.29479213050839,1375781
2022-02-28,62.015525817871094,62.81059588400932,58.98431526697988,60.42538189440153,1046639
2022-03-02,64.15228271484375,66.83564382040348,59.1333949042975,60.62415275902769,1523038
2022-03-03,65.54364776611328,66.98471817845098,64.99704112616689,66.0405670291843,993282
2022-03-04,64.35104370117188,67.2828642808577,63.95350677959088,65.99087876370213,1186411
2022-03-07,62.41305923461914,64.25166279893354,61.61798916492327,62.16459960088961,1402196
2022-03-08,62.81059646606445,63.25782456715944,61.220452527859294,61.71737179769969,536074
2022-03-09,64.20196533203125,64.59950224695122,62.71120758787083,63.257821793684045,605186
2022-03-10,67.2331771850586,67.5810191494979,64.79826826921118,65.59334211568914,1401470
2022-03-11,69.8171615600586,72.0532984071779,66.23934412114504,66.23934412114504,2568174
2022-03-14,69.17115783691406,70.86068783032216,68.52516129773997,68.92269821279987,808507
2022-03-15,67.18348693847656,71.45699589386173,66.09026600968097,70.36377496506616,1119185
2022-03-16,70.16500091552734,70.81099749688853,67.68040451212774,68.02824649212639,1235602
2022-03-17,70.61222839355469,72.00359622637691,70.16499651953096,71.0594526851924,1066624
2022-03-21,71.70545196533203,72.45083086812677,70.26438153716374,71.55637466829582,1067281
2022-03-22,70.5128402709961,72.15267535268148,69.56869670580043,72.05329301672187,936381
2022-03-23,70.96007537841797,71.55637700363764,70.16500148986738,70.3637737531983,723401
2022-03-24,70.5128402709961,72.30175264781401,69.9662336320251,70.76129990208824,1047814
2022-03-25,68.92269897460938,70.76129869689943,68.07793775976108,70.51283907003899,999477
2022-03-28,66.38842010498047,68.87301655228683,65.64304117078856,68.57486194565541,905808
2022-03-29,67.58102416992188,69.76746603658232,66.3387259315042,66.38842089399559,2240990
2022-03-30,67.48163604736328,68.52516192882163,67.2331764209609,68.52516192882163,565196
2022-03-31,75.53173065185547,76.72433389235123,67.58102216218647,67.58102216218647,9096123
2022-04-01,76.0783462524414,77.81756376562366,75.0348127115774,75.53173200105805,3162333
2022-04-04,77.76786804199219,81.29599799570173,76.62495217090412,76.62495217090412,3141220
2022-04-05,77.4200210571289,79.20892581672389,76.32680021808986,78.4635469379628,1554213
2022-04-06,79.95430755615234,80.50092178642208,77.02248689441619,77.46971120471956,2245084
2022-04-07,79.01016235351562,81.19660406493517,78.11570616888538,80.3518428392679,1852294
2022-04-08,81.79291534423828,82.78675388994039,78.51324511046677,79.01016438331781,3430653
2022-04-11,82.737060546875,85.86765354350433,81.94198666181829,82.38921856555763,3280799
2022-04-12,80.30215454101562,83.58181707050231,77.96662797951339,82.73705585453087,2934044
2022-04-13,81.59414672851562,82.93582730863683,80.50092579591266,80.550620758371,1555394
2022-04-18,79.3580093383789,81.44506884626223,78.21509345141835,81.24630416261111,1347316
2022-04-19,80.55062103271484,85.56950138024504,78.61263122603997,80.30216138435038,3415740
2022-04-20,84.52597045898438,86.31487527306646,80.89845828871512,80.89845828871512,3577787
2022-04-21,83.73089599609375,86.96087121256028,83.0848994363232,85.0725764926103,2384933
2022-04-22,81.5444564819336,83.97935790906432,80.55061792679673,82.58798241539543,1286086
2022-04-25,78.215087890625,81.24629838631029,76.1280285311236,80.5009195020322,1538852
2022-04-26,76.92310333251953,79.85492394759251,76.128029479761,79.20892739002447,1468049
2022-04-27,75.97895050048828,77.86724517214589,75.13418928964795,76.72432937753318,1595065
2022-04-28,74.58758544921875,77.1218691764222,73.14651501699439,76.22741297407367,1322243
2022-04-29,75.4820327758789,77.51940478063204,74.68696650704773,75.23357314517175,1655289
2022-05-02,75.4323501586914,76.52557108630413,73.09683099915816,75.3329678166151,713515
2022-05-04,70.61222839355469,76.42618209677504,70.0656141860988,76.37648713886595,1305871
2022-05-05,72.3017578125,73.24590144513809,71.35761417986191,72.40114015555874,615308
2022-05-06,70.06562042236328,71.35761361913458,69.22085913942205,71.35761361913458,561411
2022-05-09,67.8791732788086,69.41961842016865,67.63071365126154,68.1773202824334,431702
2022-05-10,64.5001220703125,68.97239545231956,63.75474317331132,67.58101999477346,459190
2022-05-11,63.65536117553711,66.38841714574947,61.121069879294765,64.84796438412981,844621
2022-05-12,61.419219970703125,66.58718104917632,61.02168683617017,66.58718104917632,744639
2022-05-13,63.2578239440918,66.18964457431818,61.91613965402196,63.00936431161884,544657
2022-05-16,62.214290618896484,64.84796424653572,61.965830985767994,63.60566608089328,555867
2022-05-17,65.09642791748047,65.59334721456048,62.95967342355911,63.20813307209911,662288
2022-05-18,64.64920043945312,67.18348418189788,64.35104584274839,65.34488438858234,597614
2022-05-19,62.711212158203125,64.40074227414783,61.96583323180043,63.10874910209521,281438
2022-05-20,65.1461181640625,65.54364750703903,64.05288972371848,64.59950394389048,405549
2022-05-23,60.97199249267578,64.1025853885961,60.32599972083992,64.1025853885961,1150509
2022-05-24,61.121070861816406,62.56213751842308,60.62415158651709,62.56213751842308,764838
2022-05-25,59.2327766418457,61.91614151128354,58.934625832173325,61.86645034153702,1333086
2022-05-26,58.785552978515625,60.425384345597855,56.35064772184935,60.425384345597855,1489670
2022-05-27,58.38801574707031,60.32600170882875,58.13955610559342,60.32600170882875,754590
2022-05-30,57.44386672973633,59.928463074371926,56.89725629215513,59.63031227125428,1088228
2022-05-31,58.68616485595703,59.381852590147176,57.245098218961694,57.44386668461504,775001
2022-06-01,59.18308639526367,60.22661614099105,58.78555323989735,59.431546039065104,343440
2022-06-02,60.22661590576172,61.51860908143764,59.133394993782545,59.530931938789486,637482
2022-06-03,59.33216094970703,61.31983800804768,59.133392485634346,61.31983800804768,580821
2022-06-06,58.88493347167969,59.77938967380272,58.13955456697488,59.72969471386787,409062
2022-06-07,58.636474609375,59.23277622451848,58.437706140596106,58.88493424755032,179269
2022-06-08,58.139556884765625,59.03401312254703,57.84140606923626,59.03401312254703,229123
2022-06-09,57.54325485229492,59.33216352418531,57.145717906900046,59.133395051487874,747194
2022-06-10,56.35064697265625,57.5432539999831,56.002801202789584,57.5432539999831,412471
2022-06-13,52.8225212097168,55.45619113043047,51.679605344279466,55.406499960453466,972893
2022-06-14,52.8225212097168,54.114510585085135,51.87837381538073,52.8225212097168,508117
2022-06-15,52.1268310546875,53.66728000015709,51.928062592744595,52.97159227895348,591676
2022-06-16,49.44346618652344,53.518202586925526,48.399936502634425,53.02128332876951,783294
2022-06-17,49.79130935668945,50.18884628931975,48.797470816306884,49.44346738403282,343510
2022-06-20,46.412261962890625,48.39993910227614,44.82211797666624,44.82211797666624,1145457
2022-06-21,49.09562683105469,49.34408647333493,45.26934606522288,45.26934606522288,359626
2022-06-22,47.05825424194336,48.89685785040963,46.511643792850826,48.20117010102221,661997
2022-06-23,47.555171966552734,48.15147735704327,46.61102839953066,46.71041073568253,526174
2022-06-24,49.59254455566406,49.94038652743761,48.10178674887488,48.69808835511329,292413
2022-06-27,49.09562683105469,50.536689723325516,48.847167188774435,50.536689723325516,368397
2022-06-28,50.68576431274414,51.18268357071222,48.797469615988206,49.54284850294033,704304
2022-06-29,51.282066345214844,51.878371734601544,50.238536652779494,50.7354559150052,456092
2022-06-30,50.288230895996094,52.17652572440425,50.188848553950756,51.28206948122284,242054
2022-07-01,49.94038772583008,50.68576664711112,49.14531763470228,49.69192808540306,221511
2022-07-04,49.94038772583008,50.785148986804636,49.59254574570956,50.288229705950606,247763
2022-07-05,49.045928955078125,51.08330093365948,48.549009700047165,50.38761321837753,628946
2022-07-06,48.49932098388672,49.49315954417617,48.101787834486885,49.24469990410381,317918
2022-07-07,51.18268585205078,51.67960513216778,48.49932098118035,48.847166751978186,538451
2022-07-08,51.13299560546875,51.53052876202375,49.99007972408735,51.182686776138965,411652
2022-07-11,52.87221145629883,53.51820423710433,50.68576589475695,51.08330283001663,593180
2022-07-12,52.67344284057617,53.46851291766699,52.42498320453572,52.772825178515085,346517
2022-07-13,51.282066345214844,53.61758915239149,51.132992841263,52.325599828843295,580786
2022-07-14,50.53668975830078,51.87837410225864,49.741619660692386,51.87837410225864,526012
2022-07-15,50.188846588134766,51.13299396535812,49.8906957824835,50.785148199437316,255272
2022-07-18,50.38761520385742,51.28206762344243,50.18884673577413,50.63607484116323,239764
2022-07-19,50.139156341552734,51.13299490613775,49.89069670040648,50.636075623845244,477437
2022-07-20,50.983917236328125,52.22621543307683,50.53668912725995,50.53668912725995,621113
2022-07-21,50.983917236328125,52.12683309381423,50.68576642734708,51.282068045309174,731018
2022-07-22,52.92190170288086,54.16419986492031,51.08330193953971,51.13299310778266,1374577
2022-07-25,51.033607482910156,53.26974419661262,50.63607434185673,53.26974419661262,686642
2022-07-26,50.486995697021484,51.67960267073868,50.288227236203106,50.934223786064564,322424
2022-07-27,50.03976821899414,50.785147112769785,49.69192625170942,50.486996313498146,543031
2022-07-28,49.99007797241211,50.63607454206876,49.791309505502895,50.536688413017565,446714
2022-07-29,52.474674224853516,53.12067079320597,50.437305973331945,50.53668831098932,1029110
2022-08-01,53.3691291809082,53.667279978103494,52.574059124656394,52.82251875418466,560131
2022-08-02,54.85988998413086,55.25742313858802,53.220054822314374,53.31944095432363,921870
2022-08-03,53.4188232421875,54.85988992975029,53.170363599200584,54.164202171148254,626869
2022-08-04,52.424983978271484,54.362969926228224,52.22621550826688,53.41882253710128,840928
2022-08-05,51.679603576660156,52.87221057128325,50.93422467891986,52.47467364267784,600427
2022-08-08,52.1765251159668,53.46851450345684,51.62991465870485,51.679605829148066,419339
2022-08-10,52.1765251159668,53.31944099212719,52.02744781344386,53.31944099212719,473051
2022-08-11,52.02744674682617,52.87221179181541,51.480836300770314,52.27590638514185,375906
2022-08-12,52.474674224853516,53.269744299692036,51.82868144769423,52.32560071836745,525196
2022-08-16,52.62375259399414,53.12067187478503,52.176524483043686,52.67344376383458,333224
2022-08-17,51.679603576660156,52.92190173956064,51.530526280634845,52.424982474400444,729077
2022-08-18,51.679603576660156,52.47467364267784,51.530526280634845,51.72929474493755,661012
2022-08-19,51.87837219238281,52.47467379583825,51.4808352626171,51.828681023960385,830920
2022-08-22,50.68576431274414,51.77898516379668,50.3876135162019,51.77898516379668,699226
2022-08-23,51.282066345214844,51.679603271472644,50.238536652779494,50.437305115908394,269828
2022-08-24,52.07714080810547,52.325600442130416,51.13299344057205,51.13299344057205,506121
2022-08-25,51.778987884521484,52.52436681063951,51.679605544183055,52.07714248792331,669685
2022-08-26,53.866050720214844,54.51204350961854,52.07714207012218,52.07714207012218,1415698
2022-08-29,57.24509811401367,57.94078584692841,52.077140763659976,52.424982734520775,1948603
2022-08-30,55.903419494628906,57.94078780241673,55.30711786983017,57.79171429181368,961103
2022-09-01,59.33216094970703,59.630311750219505,55.20772953717294,55.6549576335382,2097069
2022-09-02,58.785552978515625,61.27014940548259,58.3880160337236,60.02785119199911,1020239
2022-09-05,57.94078826904297,59.97815659323874,57.49356015124553,59.083704148837164,902799
2022-09-06,56.549415588378906,58.58678387842494,56.350647118112484,58.58678387842494,567671
2022-09-07,57.344486236572266,57.940787861984035,55.75434225015207,55.75434225015207,604623
2022-09-08,57.29479217529297,57.99047610610556,56.450027158859974,57.79171143512658,569083
2022-09-09,56.847564697265625,57.99047673251271,56.59910506466498,57.64263476334906,624211
2022-09-12,58.0401725769043,59.530930395237185,56.99663907111673,56.99663907111673,1285964
2022-09-13,58.338321685791016,59.13339174087509,57.84140242746433,59.13339174087509,396501
2022-09-14,58.58678436279297,59.0837036469707,56.946949208529155,57.24510002079714,1314300
2022-09-15,57.44386672973633,59.13339300232716,56.946947460809206,58.636473733400045,761983
2022-09-16,56.40033721923828,57.99047736885407,56.15187758391124,57.49355809819999,468930
2022-09-19,56.40033721923828,59.13339320783573,55.70464948208393,56.84756532106559,655182
2022-09-20,56.251258850097656,57.294792331548656,55.85372571586245,56.847564238240096,795434
2022-09-21,55.85372543334961,56.84756395070034,55.35680617467425,56.35064469202498,653571
2022-09-22,55.257423400878906,56.549416584778925,54.959272585822475,55.903419992828915,816864
2022-09-23,54.0151252746582,55.505883143778775,53.716974459072745,55.20773232819332,570411
2022-09-26,51.282066345214844,53.46851185724654,50.38761394792445,53.22005222613369,767038
2022-09-27,51.97775650024414,52.67344425811832,51.23237757206322,51.72929685751717,316998
2022-09-28,51.23237609863281,52.474674276539496,51.18268492975518,51.77898653867312,342856
2022-09-29,51.23237609863281,52.176523472080525,51.18268492975518,52.176523472080525,186926
2022-09-30,51.679603576660156,52.87221057128325,50.98391584719726,51.23237547977735,335317
2022-10-03,51.18268585205078,52.077142072738674,50.93422621199228,52.077142072738674,348634
2022-10-04,51.87837219238281,52.32560029057096,51.530526431039526,51.87837219238281,177611
2022-10-06,52.325599670410156,52.872210098964764,51.58022077932849,52.57405930077071,442310
2022-10-07,52.52436447143555,52.723132934453396,51.3814524436708,52.57405943058483,512127
2022-10-10,52.37529373168945,52.72313571693334,51.77898831116568,52.524367243425424,262119
2022-10-11,51.331764221191406,52.37529397292273,50.636076456306085,52.37529397292273,437562
2022-10-12,52.1268310546875,52.27590455774986,50.785146779967725,51.58022062773933,438942
2022-10-13,51.331764221191406,52.37529397292273,50.83484493072951,52.12683432769178,283684
2022-10-14,50.486995697021484,51.92806229896338,49.7913079797537,51.72929383814501,461831
2022-10-17,51.43114471435547,51.53052705239869,50.03976923459129,50.486997338172145,400430
2022-10-18,51.38145446777344,51.97775608912439,50.68576671540182,51.97775608912439,288158
2022-10-19,51.033607482910156,51.82868134740334,50.536688213198495,51.28206711776598,559295
2022-10-20,51.08330154418945,51.33176117467443,50.337922652734505,50.785146954653,236567
2022-10-21,50.983917236328125,51.67960498474605,50.735457596978385,50.83484372743422,180935
2022-10-24,51.38145446777344,51.62991410853521,51.033608695991006,51.62991410853521,79877
2022-10-25,51.629913330078125,52.1268326041093,50.98391675736032,51.431144862227015,268805
2022-10-27,51.928062438964844,52.275904402940014,51.67960281007028,52.02744477404544,149236
2022-10-28,51.87837219238281,52.42498262741582,51.33176175734981,52.42498262741582,173508
2022-10-31,51.331764221191406,52.077143156884254,50.78514996872866,52.02744819488341,256741
2022-11-01,51.331764221191406,52.1765254984993,50.78514996872866,51.282069259190564,344914
2022-11-02,51.43114471435547,51.87837281793633,51.182685078054234,51.6796043506567,144976
2022-11-03,51.282066345214844,51.82868056661759,51.03360671410199,51.480834808343744,175521
2022-11-04,52.62375259399414,53.36913151518048,51.03360862074734,51.580222862571915,533410
2022-11-07,52.07714080810547,53.567898612255135,51.82868117408052,53.567898612255135,386436
2022-11-09,54.36296844482422,56.996638279239086,52.87221064720304,52.87221064720304,1464804
2022-11-10,53.269744873046875,54.31327838564697,52.27590632100351,54.31327838564697,418305
2022-11-11,53.965431213378906,54.21389084492411,52.87221035105727,53.76666274990412,394249
2022-11-14,53.915740966796875,54.909579509963635,53.56789899316578,53.667281331005185,385874
2022-11-15,52.67344284057617,54.263582994757805,52.42498320453572,54.21389182578835,376624
2022-11-16,52.22621536254883,53.22005391860568,52.02744689309881,52.72313464057726,455812
2022-11-17,52.7728271484375,53.26974643906758,51.97775704166803,52.176525516158726,252799
2022-11-18,51.778987884521484,53.02128609471819,51.3814547319745,53.02128609471819,454451
2022-11-21,53.31943893432617,55.40649834193992,52.17652310227527,52.17652310227527,1030859
2022-11-22,53.220054626464844,53.96543355342148,52.971594984145966,53.667282740877475,410178
2022-11-23,52.57406234741211,53.5679009264468,52.424985044079584,53.5679009264468,316577
2022-11-24,52.424983978271484,53.02128559709207,52.176524338564036,52.67344361797893,302161
2022-11-25,52.57406234741211,53.518205964540414,52.375293873366516,52.47467621479266,253608
2022-11-28,52.971595764160156,53.567901189222106,52.62375377626902,52.971595764160156,357563
2022-11-29,53.120670318603516,54.66111928568885,52.82251951710202,53.418821120105015,734206
2022-11-30,53.02128601074219,53.61759142540813,52.872212500470646,53.26974565238801,286110
2022-12-01,53.3691291809082,53.61758881043646,52.82251875418466,53.41882034857524,555272
2022-12-02,55.00896072387695,56.102185373739864,53.22005214096584,53.3194382679678,1213502
2022-12-05,56.996639251708984,57.74201816323714,55.257421791476624,55.4561902594561,1431125
2022-12-06,56.00279998779297,57.49355779181081,55.70464918522803,56.99663852380486,556701
2022-12-07,55.257423400878906,56.549416584778925,55.108349888947345,56.151879637241485,436391
2022-12-08,55.20772933959961,55.65495743436437,54.85988737211208,55.55557509828025,405866
2022-12-09,55.00896072387695,56.84756426588559,54.362967958733186,55.55557494440496,728889
2022-12-12,55.406497955322266,56.052494515224794,54.81019635479156,55.10834715505691,446268
2022-12-13,54.26358413696289,55.953110455839784,54.11451062691664,55.90341928582437,370814
2022-12-14,55.00896072387695,55.90341691092905,54.2138906638268,54.51204146244647,843285
2022-12-15,55.60526657104492,56.99663823981303,55.108347305514926,55.30711576996555,954358
2022-12-16,54.85988998413086,56.00280206828764,54.66112151130564,55.555577743422496,299707
2022-12-19,56.151878356933594,56.400337995681085,54.909580163196125,55.207730971454474,630047
2022-12-20,55.80403518676758,57.1457156908583,55.555575553329064,55.70464905867629,461689
2022-12-21,53.915740966796875,56.2512600267615,53.667281331005185,56.05249535108268,528760
2022-12-22,51.5305290222168,54.4126624299615,51.28206937641789,54.26358512600482,831146
2022-12-23,47.80363082885742,51.13299211307161,47.20732923915583,50.735455192475186,924579
2022-12-26,49.59254455566406,50.08946382459379,48.20116908618357,48.20116908618357,413375
2022-12-27,51.928062438964844,52.17652206785941,50.23853620424316,50.98391509092687,982679
2022-12-28,51.580223083496094,53.17036327236041,51.33176344203647,51.828682724955726,592787
2022-12-29,52.87221145629883,53.369130729776835,51.28206750645328,51.28206750645328,464347
2022-12-30,54.31327819824219,55.05865710970282,52.97159388289713,53.1703623508586,648834
2023-01-02,58.0401725769043,58.93462499318812,54.51204270722859,54.611428836500025,2892698
2023-01-03,57.89109420776367,59.87877126210749,56.84756451247179,58.48739580758957,1620673
2023-01-04,56.996639251708984,59.63031292225241,56.74817961453293,57.74201816323714,1474577
2023-01-05,58.58678436279297,59.0837036469707,56.69848956644029,57.24510002079714,1062246
2023-01-06,57.24509811401367,59.481234818329725,56.94694731167682,58.835242045132084,1066062
2023-01-09,58.487396240234375,59.23277514112704,57.84140346750994,57.990476972972594,1027036
2023-01-10,57.3941764831543,59.13339395234079,56.99663954514867,58.686165844882765,779324
2023-01-11,60.87261199951172,62.611829485212056,57.642636668925384,57.642636668925384,3963236
2023-01-12,62.860286712646484,64.05288990981336,61.1210692937195,61.46891126102766,2910945
2023-01-13,65.19580841064453,65.59334535350672,62.3633700141295,62.611829655620056,2627984
2023-01-16,65.49396514892578,67.38226000230226,65.09642819310125,65.24550549933379,2356917
2023-01-17,64.40074157714844,66.04056913157754,63.10874841907885,66.04056913157754,1291210
2023-01-18,64.15228271484375,65.89150021202897,63.705050808992766,64.59950703830819,1135039
2023-01-19,67.97856140136719,68.52516807907973,63.6553650304283,63.80443475374015,2743981
2023-01-20,67.2331771850586,71.00975899986355,66.78594530301993,68.32639803717619,2604407
2023-01-23,67.28286743164062,68.7736252705903,66.5374885121658,67.3325623925602,1177300
2023-01-24,66.3387222290039,67.63071535780419,65.59334332755442,67.53132543836855,1095593
2023-01-25,67.97856140136719,68.57486304177485,65.29519264595265,66.48780350915469,2356758
2023-01-27,66.78594970703125,69.02208651752184,64.84796750422738,68.37609750484499,1595270
2023-01-30,67.2331771850586,68.32639803717619,65.19580519245015,65.19580519245015,903297
2023-01-31,68.07794189453125,69.76746442684237,66.88533864612181,67.3822579300235,1121394
2023-02-01,66.78594970703125,68.67424453014509,65.44426913721422,68.37609750484499,887309
2023-02-02,67.6307144165039,69.071777239628,65.792107085943,65.792107085943,810124
2023-02-03,63.55597686767578,68.22701887242506,62.11491019296045,67.58102228994096,1004294
2023-02-06,62.76090621948242,63.80443215204827,61.96583234310102,63.5559763046706,356010
2023-02-07,64.05289459228516,65.24550545902191,61.12107376186581,62.760908964637125,990089
2023-02-08,63.8541259765625,64.54980991922811,62.661518974403634,64.50012254182988,469996
2023-02-09,62.06521987915039,63.60566891494557,61.81676023495138,63.60566891494557,257514
2023-02-10,61.369529724121094,62.015526290325944,60.77322811777288,62.015526290325944,259248
2023-02-13,61.121070861816406,62.61182868771437,60.42538311815872,61.56829896782444,381126
2023-02-14,59.82908248901367,61.9161419631448,59.33216320553548,61.22045420803667,210686
2023-02-15,59.18308639526367,60.773230390308846,58.93462675146223,59.63031451234492,220886
2023-02-16,59.2327766418457,61.51860836211812,58.98431700191985,59.48123628177155,365329
2023-02-17,58.68616485595703,59.58062105580053,58.338322884458535,59.08370178726373,272480
2023-02-20,57.84140396118164,59.18308447776233,57.642635494341825,58.636474037347725,226301
2023-02-21,56.59910583496094,58.18924598876911,56.25126006987009,57.94078635278701,464536
2023-02-22,56.698490142822266,57.34448673529765,56.05249734154018,56.450030498207624,286910
2023-02-23,56.151878356933594,56.89725727317607,55.754341418460314,56.89725727317607,109648
2023-02-24,55.75434112548828,57.19540778089002,55.50588148804637,57.04633427314079,272258
2023-02-27,54.611427307128906,55.853725454282916,53.915739586484044,55.853725454282916,352368
2023-02-28,53.81636047363281,55.20773220704273,53.66728317057057,53.96543398550175,190203
2023-03-01,54.760501861572266,55.45618959557559,53.76666332476556,53.76666332476556,204750
2023-03-02,54.85988998413086,55.356809270597275,54.31327952725646,54.959272324946824,109771
2023-03-03,55.45619201660156,55.75434283242118,55.207732371553,55.207732371553,186761
2023-03-06,55.65496063232422,56.102188752786915,55.0586589991695,55.60526946142688,388921
2023-03-08,54.90958023071289,55.45619067839085,54.5120432917508,55.108348700193936,402581
2023-03-09,55.058658599853516,56.64879880419572,54.85989012651241,55.00896363812326,670904
2023-03-10,55.058658599853516,55.307118243731566,54.26358470648911,54.81019895597546,282692
2023-03-13,52.92190170288086,55.456189195202725,52.72313323871592,55.10834722630892,360745
2023-03-14,51.97775650024414,53.31944084568576,51.72929685751717,53.07098120295879,221292
2023-03-15,52.325599670410156,53.07097856149182,51.77898545066246,52.92190126679825,318733
2023-03-16,51.82868194580078,52.673443197586685,50.03976952123007,52.673443197586685,330743
2023-03-17,51.679603576660156,52.524364810955234,51.03360701547465,52.07714050526556,259656
2023-03-20,50.78514862060547,51.67960483617032,50.18884700435771,51.67960483617032,226984
2023-03-21,50.78514862060547,51.58022249719343,50.68576628162858,51.08330321992256,199836
2023-03-22,50.63607406616211,51.480835303595256,50.18884596761797,51.43114413513327,312197
2023-03-23,50.68576431274414,51.28206590582861,50.3876135162019,51.13299240315403,401832
2023-03-24,50.0894660949707,51.28206936150398,49.94038879105738,50.685767728237344,424502
2023-03-27,49.79130935668945,50.934225194606675,48.44962884365025,50.58638322195004,815332
2023-03-28,49.69192886352539,50.139156981535784,49.344086877958034,49.79131120477512,482481
2023-03-29,50.983917236328125,51.381454175765,49.34408589133577,49.34408589133577,674695
2023-03-31,50.58638381958008,51.87837317910241,50.38761535091667,50.884534626978585,465168
2023-04-03,52.22621536254883,52.57406113188466,50.834843658785175,50.834843658785175,290193
2023-04-05,52.424983978271484,52.77282595738462,51.67960505914915,52.424983978271484,239272
2023-04-06,52.22621536254883,52.67344347101306,51.62991374539201,52.62375230144886,348016
2023-04-10,52.02744674682617,53.02128530008889,51.6796047696615,52.02744674682617,188332
2023-04-11,52.27590560913086,52.87221100695255,51.72929517118918,52.176523271757155,212660
2023-04-12,52.1268310546875,52.57405914626076,51.82868025736968,52.1268310546875,232358
2023-04-13,51.82868194580078,52.623752028280435,51.580222308076316,52.42498355986222,196628
2023-04-17,51.72929382324219,52.12683074476441,51.381451860305035,52.0771395773724,127024
2023-04-18,51.38145446777344,52.126833390058756,51.23237716683907,52.126833390058756,197541
2023-04-19,52.92190170288086,54.3132771608423,51.43114390843351,51.58022120435549,710686
2023-04-20,52.7728271484375,53.61759221722463,52.57406246514012,53.02128679375254,300548
2023-04-21,52.07714080810547,54.16420021743774,51.77898621432102,52.723133581854434,241508
2023-04-24,52.57406234741211,52.87221316288385,51.87837458384917,52.27590774074706,265019
2023-04-25,52.57406234741211,53.41882362311427,52.176525399320916,52.92190433359693,208334
2023-04-26,52.474674224853516,53.31943925971389,52.32560071836745,52.67344269136144,264186
2023-04-27,52.474674224853516,53.07097962437728,52.275905758345594,52.57406035370406,227318
2023-04-28,54.11450958251953,54.95927083005766,52.62375176366882,52.67344293272521,398426
2023-05-02,54.0648193359375,55.1580402386037,53.766664734125584,54.31327897665194,412657
2023-05-03,53.120670318603516,54.362968484187356,52.77282455752416,53.66728075322178,304961
2023-05-04,53.56789779663086,54.31327668735656,53.369129334198725,53.56789779663086,306347
2023-05-05,53.3691291809082,54.81019579041071,53.12066955137995,53.61758881043646,585585
2023-05-08,53.965431213378906,54.263582012994526,53.220052318743306,53.81635770916765,253759
2023-05-09,53.965431213378906,54.95926973955971,53.716971581833704,54.462350476469304,481963
2023-05-10,54.36296844482422,54.61142807776108,53.51820341812301,54.462350781521714,207878
2023-05-11,56.94694900512695,59.63031388834095,54.36297025310948,54.46235259311275,1464231
2023-05-12,56.201568603515625,57.543252905435196,55.8537266314586,56.84756517012799,308704
2023-05-15,56.89725875854492,57.14571840377874,55.754342873992016,56.151879822843455,459957
2023-05-16,59.53092956542969,62.31367669595678,56.151877041165484,57.39417520579304,3431648
2023-05-17,58.189247131347656,61.02168931187609,57.44386820876542,59.878773447439364,948465
2023-05-18,58.53709030151367,59.53092882078424,57.79171141206075,58.53709030151367,421829
2023-05-19,58.487396240234375,58.8352420020335,57.59294383387905,58.43770507174682,299194
2023-05-22,58.139556884765625,58.636476174379005,57.344486779622876,58.48739887101767,243860
2023-05-23,57.990478515625,59.03401203758914,57.89109617600615,58.63647509672726,295525
2023-05-24,58.288631439208984,59.5309296046551,57.64263487669975,57.64263487669975,343501
2023-05-25,57.14571762084961,58.83524394353078,56.549415996935444,58.33832465987121,348607
2023-05-26,56.549415588378906,58.238938107660395,56.40033828788078,57.14571720798493,517630
2023-05-29,57.89109420776367,59.034010030488616,56.45002758512578,56.648796048798786,708416
2023-05-30,57.89109420776367,58.83524156681561,57.642634575970696,58.636473103142606,398657
2023-05-31,61.121070861816406,61.71737247569831,57.24509899800443,57.64263593472116,1491987
2023-06-01,60.22661590576172,62.810598465920286,59.978156262930696,61.1210721364307,603341
2023-06-02,60.67384338378906,61.86645041508968,59.978155632930935,60.624152213983464,806194
2023-06-05,62.16460037231445,62.76090577538099,61.12107065593949,61.12107065593949,584243
2023-06-06,61.31983947753906,62.46275153875823,60.92230253986696,62.46275153875823,454989
2023-06-07,62.16460037231445,63.50628468581928,61.41922146187616,61.41922146187616,957545
2023-06-08,61.767066955566406,64.20196835263228,61.468912359752224,62.61182820052478,685907
2023-06-09,61.81675720214844,63.00936419403162,61.46891144261957,62.4627499706567,524276
2023-06-12,64.59950256347656,64.8479621887207,62.0155239774147,62.0155239774147,1425820
2023-06-13,63.45658874511719,65.49396076845962,63.208129112143055,65.09642383922375,566732
2023-06-14,65.64303588867188,67.18348101261441,63.555972766158845,63.555972766158845,1941176
2023-06-15,66.5871810913086,67.28286502497973,65.64303752669974,66.189644165331,955932
2023-06-16,66.09026336669922,67.92886316192711,65.59334409326539,67.4816388487912,674391
2023-06-19,64.99703979492188,67.08409914059655,64.64919783437377,66.3387202612566,479574
2023-06-20,66.83563995361328,67.68040117260924,64.94734526372542,64.94734526372542,703897
2023-06-21,67.92886352539062,69.02208441631721,66.3884183189352,66.88533759502786,1073936
2023-06-22,67.92886352539062,69.51900369240988,67.58102154860303,67.8791761472132,823253
2023-06-23,66.68656158447266,68.47547391074612,65.99087767002518,68.17731932890521,543145
2023-06-26,69.76746368408203,70.96007450218119,66.23934135537316,66.23934135537316,1650445
2023-06-27,74.53788757324219,75.18388411535416,70.31407394409179,70.31407394409179,3106879
2023-06-28,73.14651489257812,75.08450459143461,72.55021328615547,75.08450459143461,1187592
2023-06-30,75.92926788330078,77.96663239214097,73.5440538107976,73.5440538107976,2692101
2023-07-03,76.62495422363281,78.46355410947977,74.09067035364488,75.92927023949183,2068777
2023-07-04,73.94158935546875,76.42618572102626,73.59374738076798,75.9789538257941,967876
2023-07-05,77.12187194824219,78.01632818273816,72.9974403431233,73.54405459264488,1263822
2023-07-06,77.32064056396484,78.51324376542182,76.77402634023842,77.5194052367456,760087
2023-07-07,76.2274169921875,77.22125558443186,75.13419605719605,76.5255716028155,699287
2023-07-10,76.3268051147461,78.5132469330928,75.73049590757287,76.92310673953278,625004
2023-07-11,79.507080078125,81.29599241283722,76.32679990795441,76.32679990795441,1848198
2023-07-12,80.15308380126953,81.14692239128554,77.96663435380226,79.50708720128178,1018383
2023-07-13,78.26478576660156,81.49476105220734,77.22125225675899,80.50092250279017,989361
2023-07-14,78.861083984375,80.00399978347326,78.21508743859025,78.861083984375,522350
2023-07-17,80.6996841430664,80.9481437710714,77.96662823501151,79.35800366831668,651512
2023-07-18,80.74938201904297,81.4450659696371,78.91078222185588,81.39537859167258,767403
2023-07-19,80.35184478759766,81.29599595408415,79.556778501615,80.74938172178216,571420
2023-07-20,82.48860168457031,83.43274529740293,80.40154219457055,80.9481488611207,1592326
2023-07-21,85.07257843017578,85.42042040647102,81.49476116384989,82.53829467512205,1430493
2023-07-24,85.07257843017578,85.91733968186035,83.53213322590071,85.71857500465919,712022
2023-07-25,85.51981353759766,86.11611517397083,83.92966573075363,85.37073623290769,562477
2023-07-26,85.4701156616211,86.96087349292844,84.4762771074162,85.96703493872354,716229
2023-07-27,85.37073516845703,86.56333842633332,84.92350325996348,86.11611410022635,469707
2023-07-28,88.40193939208984,89.14731833327909,84.7247396485109,85.37073624735226,1839714
2023-07-31,91.23438262939453,93.7189790236331,88.70009127431662,88.70009127431662,4648699
2023-08-01,90.83684539794922,93.71897872248196,89.94238918242024,92.27790826902238,1660323
2023-08-02,88.15347290039062,92.32759919638428,85.56949428804376,90.53868684347471,1184886
2023-08-03,91.18468475341797,91.33376204878363,87.8553272080538,87.9050145849182,1099173
2023-08-04,92.82452392578125,93.42082555111959,91.93006769658045,92.2282223004429,1052770
2023-08-07,90.58838653564453,93.56990222470105,89.89269499209945,92.82452330243693,841404
2023-08-08,88.15347290039062,91.63190768919229,88.00440318963658,90.7374590951236,823478
2023-08-09,90.48900604248047,90.83684803015838,86.811798734836,88.84917086355703,855571
2023-08-10,90.48900604248047,92.87421257649275,89.99208675083014,91.13499505571659,971833
2023-08-11,90.19084930419922,91.68160714393805,89.59454768478099,91.2840702035304,491758
2023-08-14,90.88653564453125,93.12267246273075,87.95471484917992,90.38961635159804,1183174
2023-08-16,90.53868865966797,92.12882879282664,88.9485485265093,89.44546779202052,665471
2023-08-17,89.2467041015625,92.12882980735681,88.8988545459651,90.83684425223191,708699
2023-08-18,89.54485321044922,90.6380741157213,88.45163230517714,89.44547087040385,676751
2023-08-21,96.10418701171875,98.63847840676145,89.84300854893308,89.89269592816954,4096055
2023-08-22,96.70049285888672,100.0298504474133,95.9054189948865,97.79371373509728,1733050
2023-08-23,104.3530502319336,106.34072737920852,97.39618021647135,97.39618021647135,3665656
2023-08-24,116.32880401611328,124.13043503033056,106.39041862669347,106.88733789616447,8681714
2023-08-25,120.4035415649414,123.63351684482178,112.25406092473446,117.17356628506101,6836851
2023-08-28,121.14891815185547,122.93782295388952,117.67048330178308,121.24830048823743,1933188
2023-08-29,119.26062774658203,122.1427611002684,116.42818935407801,120.99984523455302,1332946
2023-08-30,118.76371002197266,123.1366012798448,118.16740839189615,119.75754859956238,1249263
2023-08-31,114.09266662597656,119.2109290052249,112.55221386680965,117.91894346170432,1083883
2023-09-01,119.06185913085938,122.88813596143498,114.29143114573506,114.88773274827903,1919930
2023-09-04,129.19900512695312,130.09345371192322,120.3538409517845,120.95014253589324,3138463
2023-09-05,129.14932250976562,132.6277575955642,126.46596133367574,130.6400804036793,1979445
2023-09-06,125.77027130126953,130.4910044049795,122.7390606964591,129.44747089646802,1249810
2023-09-07,127.45979309082031,128.90085594466257,122.8384423511671,125.62119330345338,1236443
2023-09-08,127.26103210449219,131.5842207913463,125.5218146044907,128.35424543420066,1390810
2023-09-11,133.87005615234375,138.4417197702381,126.06842467249895,127.60886995036617,3832679
2023-09-12,120.50292205810547,135.5595697586319,118.31648031969641,135.26143033071853,3092611
2023-09-13,129.29840087890625,130.1928495042477,117.6704853432172,121.24830259174215,1920146
2023-09-14,131.33575439453125,133.1246667640638,127.2113306011074,129.54685718977106,1704400
2023-09-15,134.2178955078125,136.6527968551868,130.73946067877137,130.73946067877137,1705451
2023-09-18,130.49099731445312,136.9509475264085,127.31071716613717,133.67127746276907,1770875
2023-09-20,138.7398681640625,141.82075858170506,131.13699412930427,133.67128547422368,3282916
2023-09-21,139.0380096435547,141.82076066783523,135.26143521571652,139.43555416975082,2112490
2023-09-22,134.91358947753906,140.1312421092671,133.91975088101944,138.14356491622786,1227834
2023-09-25,137.0006561279297,138.1435644441119,132.72714714454565,135.9074276095849,1095299
2023-09-26,138.44171142578125,140.92630777166832,136.3049494694548,137.44787288742643,958557
2023-09-27,138.5410919189453,140.57846403991252,135.8577307872005,138.64048184280645,1018301
2023-09-28,138.93862915039062,143.90782178692268,137.1497167682846,139.93246767769702,1499234
2023-09-29,141.8207550048828,143.01335820630396,138.6404747461689,139.9821628257505,1349092
2023-10-03,141.7213897705078,143.70906696131564,140.08154698922726,142.21830906820978,1061095
2023-10-04,138.29263305664062,144.50412421377996,134.86389297085438,140.72754972205792,1175097
2023-10-05,138.59078979492188,141.42323587201415,136.65280755706726,140.13124265851988,703712
2023-10-06,140.03184509277344,141.62199283259233,137.69633360808206,139.13739646710826,1096646
2023-10-09,145.39859008789062,150.31808812070443,142.1686146406689,145.10043547519237,4164603
2023-10-10,159.51109313964844,163.8342970570062,150.56654586078966,150.56654586078966,6523956
2023-10-11,175.36280822753906,178.09586422621493,159.16323691152388,162.98952137557922,7133235
2023-10-12,177.15171813964844,180.18292869196299,174.02113283310362,177.74802732412007,4457389
2023-10-13,181.02767944335938,182.76689684462877,173.12666628197573,176.157876785714,2596707
2023-10-16,196.97879028320312,198.76770263991682,180.87860940232432,182.46875708935255,5065841
2023-10-17,187.63671875,201.74922293728937,185.64904167672623,200.40753484692053,3904063
2023-10-18,186.5931854248047,190.8169992093875,176.40634041492854,187.63671892218557,2952134
2023-10-19,192.35745239257812,194.6929638620179,182.41906699554255,185.74841700468588,2080568
2023-10-20,182.76690673828125,190.76731025015775,182.76690673828125,188.82932807393252,494646
2023-10-23,173.62359619140625,178.592789071325,173.62359619140625,174.17021044115197,266287
2023-10-25,164.97720336914062,164.97720336914062,164.97720336914062,164.97720336914062,190660
2023-10-26,162.6913604736328,171.83467170005898,156.72832943490633,161.00183804561473,1343833
2023-10-27,155.0885009765625,162.98951401955608,154.59158172650288,161.0018370193176,1364643
2023-10-30,162.5919952392578,162.84045488041514,148.08194612976126,153.05113895290762,1089779
2023-10-31,157.32464599609375,163.93366630861087,156.52957212062174,160.00800705663556,345356
2023-11-01,151.3616180419922,157.97063850142828,151.06346343646558,157.32464949343162,345761
2023-11-02,151.3616180419922,155.93326638923185,147.88318302865252,153.0511405869454,575086
2023-11-03,153.15052795410156,156.62896290938173,151.36161551557433,153.44866738987866,344454
2023-11-06,155.38665771484375,159.0141622246855,153.15052105855912,153.20020085243652,500227
2023-11-07,163.1385955810547,163.1385955810547,154.19404843013982,158.020332999496,1040862
2023-11-08,161.34970092773438,167.7102618289681,160.00801276719326,167.3624122570431,707548
2023-11-09,158.16940307617188,164.87781345448823,157.02649478133094,162.93983126704035,285117
2023-11-10,156.62896728515625,159.61048304440587,154.0449808945639,159.0141738266466,226049
2023-11-13,156.62896728515625,160.50493170627144,155.4363488496377,160.40554178172042,295483
2023-11-15,148.8273162841797,160.007999477482,148.8273162841797,158.51724171837503,656874
2023-11-16,154.24374389648438,155.93326644200943,146.0942706097135,148.97639641297545,687974
2023-11-17,151.85853576660156,156.9271033492927,151.06346188163832,155.83389002664467,253596
2023-11-20,152.10699462890625,154.24374146682783,148.8770193091621,152.65360886981756,378802
2023-11-21,150.46714782714844,153.34928867165178,148.87701527324518,153.34928867165178,289233
2023-11-22,149.1751708984375,152.50452090809472,148.08194243868581,150.46714886843344,278742
2023-11-23,148.38009643554688,151.46098679782222,147.58502257391135,149.1751702971824,241571
2023-11-24,149.92054748535156,153.6971217465988,148.4297896986153,148.97638875526732,543092
2023-11-28,148.67825317382812,152.8523720516574,148.08194397780704,151.0634596283669,248758
2023-11-29,152.5045166015625,154.93941792249902,148.3303978849896,148.3303978849896,440111
2023-11-30,150.21868896484375,155.98295551866076,149.0757807119611,153.94558348264277,416092
2023-12-01,149.52301025390625,153.44866958375056,149.07578592907365,151.95791172445982,223617
2023-12-04,156.28111267089844,156.97679662598603,154.0449759236201,154.0449759236201,920862
2023-12-05,154.49220275878906,159.01417128773875,152.15669121686426,156.03265557609365,486165
2023-12-06,151.65977478027344,157.02649709613056,150.91439583836143,156.97680213371507,406518
2023-12-07,154.29344177246094,155.3369753294806,149.32424880072307,151.90823521193616,345776
2023-12-08,155.53573608398438,158.7160164725553,153.05113966091753,154.98912183795505,513512
2023-12-11,157.622802734375,158.02033209512018,152.85237458156772,157.622802734375,535671
2023-12-12,165.47412109375,165.47412109375,157.92094193287082,157.92094193287082,772665
2023-12-13,173.7229766845703,173.7229766845703,166.96487170178182,168.45562948483345,841923
2023-12-14,182.36936950683594,182.36936950683594,179.3878539290675,179.88477319202892,347835
2023-12-15,180.431396484375,191.46299557780395,176.5057371425948,191.46299557780395,1111669
2023-12-18,174.76651000976562,179.3381581081825,173.42482194030703,179.28846314917064,462709
2023-12-19,170.59237670898438,174.96527531678768,169.00224416823332,174.91558035759527,504644
2023-12-20,162.09507751464844,176.80387628069218,162.09507751464844,172.92791190729992,690386
2023-12-21,167.0145721435547,168.85316437081184,156.1817227988978,158.61663938963292,493908
2023-12-22,171.6359100341797,173.32543249175288,166.96487200508707,171.13899077225977,378388
2023-12-26,173.12667846679688,175.46220520735844,170.2445526363269,172.92791378275987,371676
2023-12-27,172.77883911132812,176.40634377659975,171.4371509941603,175.61126989845485,262154
2023-12-28,167.11395263671875,174.41867233012925,166.16980901033654,173.9217530357414,260371
2023-12-29,166.1697998046875,168.9525507320523,164.48027733032148,167.16363833840546,227405
2024-01-01,174.46835327148438,174.46835327148438,166.3188805314058,166.3188805314058,428303
2024-01-02,183.16444396972656,183.16444396972656,176.00880959223744,178.2946260776445,1019888
2024-01-03,192.10899353027344,192.30775820605902,179.9841663300811,186.64288153992032,897266
2024-01-04,193.9475860595703,198.7677090704375,186.34472725353515,191.8108392529722,939081
2024-01-05,189.92254638671875,197.17755541838557,185.8478024070719,196.33280177903495,541110
2024-01-08,184.75457763671875,193.69912445395195,183.9595189403383,193.69912445395195,399633
2024-01-09,182.56814575195312,188.82933189511422,180.9780131085425,185.84781612834925,327931
2024-01-10,184.40673828125,185.3508818313507,179.98415995147246,184.25765340611485,264395
2024-01-11,181.32583618164062,186.54348844733875,176.55540822004784,186.0962641432334,280544
2024-01-12,181.5246124267578,185.8478163598618,178.04617736119891,183.51228960707718,348334
2024-01-15,179.139404296875,186.24534408795685,172.6297585557676,184.30736188718666,392226
2024-01-16,176.8535614013672,182.86628747353294,174.02113072142856,179.78538199910253,551891
2024-01-17,174.71682739257812,176.85357429807485,172.4309955995146,174.81620215284923,292378
2024-01-18,176.90325927734375,180.58045882487335,170.34391887867926,175.90942074207777,422900
2024-01-19,177.49957275390625,180.8786177895603,173.92174787457722,178.84124571007496,303772
2024-01-23,181.67369079589844,195.23958099893997,180.87861691934236,194.74266172168902,969708
2024-01-24,189.07778930664062,190.71761689306226,179.93447742962894,183.8601367764968,463247
2024-01-25,198.51925659179688,198.51925659179688,192.3077654593877,193.50036872385562,977596
2024-01-29,208.40794372558594,208.40794372558594,208.40794372558594,208.40794372558594,358371
2024-01-30,210.64407348632812,218.44571201591427,205.7245757937792,218.39601705643952,1498698
2024-01-31,207.96072387695312,214.3709797161913,202.4946116603546,213.47653105574813,743842
2024-02-01,215.6629638671875,217.65064095352102,201.00384535547775,209.6999326081869,1250022
2024-02-02,212.53237915039062,222.22230497491105,209.7993231486028,217.40218196039436,812577
2024-02-05,206.56935119628906,221.62599934604143,203.04122126791543,214.22190509142646,838765
2024-02-06,210.34591674804688,215.66295889737026,206.66871725602314,208.010405324289,757698
2024-02-07,208.50732421875,213.37712689359606,206.32088251095732,211.73729940394463,552936
2024-02-08,203.239990234375,214.07282472374533,201.74923235979523,209.69994102422066,803569
2024-02-09,200.6063232421875,205.22766656874634,189.52501398719028,204.73074727923364,1295288
2024-02-12,180.58045959472656,199.7615464400875,180.58045959472656,198.6186381855682,1144167
2024-02-13,177.10202026367188,183.66136052575212,171.0396144236496,177.89709410828345,749994
2024-02-14,179.68601989746094,181.87246175998146,171.03962720740012,171.03962720740012,506880
2024-02-15,181.82275390625,186.09626256827568,179.93446678722046,181.7730589473761,362823
2024-02-16,182.4190673828125,184.95335869739134,180.4313902991856,183.1644462891726,449490
2024-02-19,190.6182403564453,196.78003644447944,189.47531690449483,196.78003644447944,1145128
2024-02-20,185.15213012695312,190.81700698898393,184.45644615526044,190.81700698898393,660296
2024-02-21,183.0650634765625,186.34473382483424,179.3878637620404,185.89750949660927,652631
2024-02-22,182.91598510742188,186.04657042176046,179.98416446681117,184.80427225499554,478598
2024-02-23,181.87245178222656,185.49995636661876,181.07737792180876,184.8042724255429,403013
2024-02-26,179.4375457763672,188.7796216921148,178.39401230929155,181.87244708969556,509910
2024-02-27,174.2198944091797,180.38169015849905,173.67328019392676,179.437546603847,612080
2024-02-28,165.2256622314453,176.85357046530518,163.38705481138163,176.2572764222811,850490
2024-02-29,171.5365447998047,173.82236139966605,164.5299797849615,166.07043261535264,580532
2024-03-01,173.5242156982422,175.90942213587033,170.3439202283744,172.9279065064488,442722
2024-03-04,172.77883911132812,182.36937511552705,171.93407027240426,181.77306591572517,514515
2024-03-05,168.25686645507812,174.1205077263843,167.06426324995496,172.62974992878722,439014
2024-03-06,162.6416778564453,169.499173170184,159.06386806059206,168.00841529738514,714936
2024-03-07,162.79075622558594,167.9090186513866,161.3496933725251,163.5858300922041,474012
2024-03-11,150.8647003173828,164.97720519904527,148.08194924492616,162.7907633438198,1770463
2024-03-12,143.7587432861328,153.94558864291423,139.93247388513245,150.06962428038958,1331381
2024-03-13,130.49099731445312,149.7714580349958,129.19900423910767,142.1189046630184,1657487
2024-03-14,144.75257873535156,148.87701781653746,127.36040411110122,130.19285004438825,1754376
2024-03-15,148.5291748046875,150.5665469548531,139.38586277503725,145.9948833576412,805717
2024-03-18,145.6470489501953,151.7591502359818,144.50412546849378,149.12548402839622,688379
2024-03-19,141.92015075683594,149.02609046281572,140.2306282216491,145.69674035387143,569937
2024-03-20,141.07537841796875,145.24949727366428,139.53492564039334,143.51027982006008,464830
2024-03-21,145.84580993652344,148.8770206035932,142.71522451146132,142.81459926945368,536324
2024-03-22,164.4305877685547,169.25071088122922,145.1004306861309,145.1004306861309,2236073
2024-03-26,158.46755981445312,167.31273234600408,157.67248591114458,163.98336701048785,611468
2024-03-27,161.59815979003906,164.13243604688296,158.56694907652724,160.1074019143552,1022176
2024-03-28,165.2256622314453,172.87821618605236,162.84045572980284,162.9895254493656,938744
2024-04-01,170.54269409179688,172.13282660622858,165.42441667514032,165.47411163351023,620761
2024-04-02,177.847412109375,180.0835489301084,169.39978411993772,172.8285242121076,792818
2024-04-03,177.69833374023438,180.87861403090008,176.50573052683131,177.74802870012047,668708
2024-04-04,180.82891845703125,182.86629048726232,176.90325927572118,179.6860102073949,536496
2024-04-05,176.1578826904297,181.7730644225512,175.4125037791867,181.7730644225512,456917
2024-04-08,176.40634155273438,180.38169572857063,172.92790664887764,177.79770944836798,449418
2024-04-09,172.58006286621094,178.39402460878537,170.29424627045177,176.65480709867185,384282
2024-04-10,173.2757568359375,175.21373897075787,171.68560909390538,172.67944764148228,404480
2024-04-12,173.7229766845703,174.17020098653134,168.30655977243723,172.9279028339883,581365
2024-04-15,166.76611328125,170.49300787857484,161.54846084499522,161.54846084499522,668403
2024-04-16,167.16363525390625,171.63590857311476,163.98335503764577,163.98335503764577,305479
2024-04-18,166.26919555664062,170.98992875740277,165.67288634958248,168.7537919780944,382243
2024-04-19,163.0889129638672,166.41826302471193,160.20677205510657,162.6416734822373,415632
2024-04-22,167.51148986816406,169.0022476863356,165.07658846477176,166.76611095907828,237312
2024-04-23,164.97720336914062,168.6544030618837,162.98952622011484,168.05810901603988,295724
2024-04-24,174.41867065429688,176.1578881679437,166.1201124518441,166.46796202048276,932550
2024-04-25,170.89053344726562,175.6112664992054,169.2507059267114,173.92174401883412,437555
2024-04-26,170.3439178466797,173.22605868035362,169.44946923626821,170.89053207071893,231227
2024-04-29,169.8470001220703,173.27575521087218,168.9525515035488,170.94022858006113,243911
2024-04-30,170.095458984375,172.3812906449407,168.70409110304243,170.74146313017212,278469
2024-05-02,176.10818481445312,177.79770728567803,167.80964217220009,171.33775682852144,919991
2024-05-03,170.6917724609375,178.34432633016178,168.9525549831696,177.4995726541097,482720
2024-05-06,165.2256622314453,172.92791114749764,164.38089338119485,172.92791114749764,504856
2024-05-07,159.2129364013672,166.56735094226593,158.6166423562823,166.07043165564195,677401
2024-05-08,159.6104736328125,162.8901286427802,158.91477453152484,159.31231904151386,283479
2024-05-09,153.7965087890625,161.8962865462933,153.10082486788224,161.8962865462933,504113
2024-05-10,153.84620666503906,156.03264838654573,151.90822457472117,154.54189059941314,247488
2024-05-13,152.30575561523438,153.8462083787182,149.72176935617944,152.70328496365548,282249
2024-05-14,158.3184814453125,159.4613896931148,153.34928877700244,153.84620804383346,353593
2024-05-15,162.04537963867188,163.98336179051427,157.2749515354478,159.90861764374992,372268
2024-05-16,161.69752502441406,164.6790406001492,160.25646219576325,163.98335666543215,264085
2024-05-17,173.5242156982422,174.91558359272983,161.0018439887627,162.44290684336187,2101990
2024-05-21,168.90286254882812,174.91558895200802,168.00841389850552,174.91558895200802,580116
2024-05-22,166.86549377441406,170.8905431108429,165.37473588423845,170.39362381411772,460316
2024-05-23,165.57350158691406,170.0954546689053,164.5796630783846,168.35623727897877,499868
2024-05-24,167.16363525390625,171.13898931542494,165.82196235700707,167.31272013007657,516809
2024-05-27,163.7845916748047,168.50532466053764,163.03921278232053,168.0581003580016,377584
2024-05-28,163.5361328125,165.37472499040442,160.0080030052071,164.82812593183195,290627
2024-05-29,163.23797607421875,163.98335496040238,161.0018394156678,162.98951644549086,247087
2024-05-30,159.6104736328125,162.9895185614706,159.01416445021522,162.9895185614706,246746
2024-05-31,159.56077575683594,164.97719260145954,154.24373366431377,159.80923538424778,772149
2024-06-03,164.828125,169.49916302215692,162.19444381687163,164.5299704103363,616439
2024-06-04,148.578857421875,164.231813973009,137.14971454326923,164.231813973009,916239
2024-06-05,155.0885009765625,156.87741330973157,142.01951560113122,148.08193651776742,753367
2024-06-06,162.6913604736328,164.33120310814587,156.52956476656988,156.52956476656988,482644
2024-06-07,165.7225799560547,167.36240751489808,163.0889138367552,164.97720103571262,467136
2024-06-10,171.0098114013672,172.0433968500221,162.98952679754325,166.46796182066157,754188
2024-06-11,170.42343139648438,173.42482808279289,169.27059019634765,171.00980766995733,599130
2024-06-12,172.37135314941406,173.87204383626656,169.22088690073613,169.94638476500023,519682
2024-06-13,172.6396942138672,174.9155777288623,171.15886937491283,173.9217392190392,487448
2024-06-14,177.14178466796875,179.88477354558893,171.93406532257947,172.58005429979,1126366
2024-06-18,188.21315002441406,192.476710744387,177.14178915031752,179.28846889962202,2980244
2024-06-19,189.15728759765625,191.11515069799418,184.25765580147723,189.82315758722095,1180548
2024-06-20,192.35745239257812,194.59358910691114,185.9372487535932,190.9163895429625,2123030
2024-06-21,187.8155975341797,195.44828518318448,185.06267577776288,194.79234812647854,1028577
2024-06-24,182.12091064453125,186.93108549076774,181.37553174694108,186.65281191551585,950727
2024-06-25,181.33578491210938,184.85396663689227,179.6959422382412,182.96567949522012,370418
2024-06-26,184.20797729492188,186.84164332913096,177.89709657401298,182.16065718811933,1148684
2024-06-27,183.50234985351562,188.81939217896533,174.62737885266318,183.88001335645328,1371468
2024-06-28,182.80667114257812,185.8478147761884,181.10720049538654,184.85397619449756,613195
2024-07-01,183.5122833251953,189.82316422258845,182.866294329614,182.91598929037553,1287367
2024-07-02,186.106201171875,188.23301505952074,181.3954161564503,183.86013151111152,831166
2024-07-03,197.0185546875,200.20876786099853,185.05273035227287,188.82931978084426,4385130
2024-07-04,201.1429901123047,205.42643197665907,193.85815148256347,198.56895182308926,3423084
2024-07-05,203.10084533691406,205.67488352478853,198.08195765976234,201.95793707790693,2023998
2024-07-08,206.81781005859375,210.6937743702505,201.91817808024516,203.73690446179884,3138683
2024-07-09,202.9219512939453,210.09746695955798,201.84861898678145,207.21534118169305,1431069
2024-07-10,191.5623779296875,201.74922292983948,184.85396780763617,201.74922292983948,2178786
2024-07-11,192.089111328125,195.34890051816902,190.9163891328846,192.6556065736301,802001
2024-07-12,197.1477508544922,207.51349495041913,195.88558679834338,203.5381406991267,2259291
2024-07-15,193.97740173339844,199.0559173520491,190.77725554040387,198.2409776232713,820078
2024-07-16,193.4904327392578,197.27695524736498,191.71145321477945,194.04697990956177,740121
2024-07-18,181.5345458984375,193.7985094737982,180.37175666136739,193.7985094737982,1135915
2024-07-19,177.70826721191406,182.88617268658075,175.52182545316674,181.67368845254606,1220668
2024-07-22,177.57907104492188,180.8786224253995,174.46836658668477,177.89710667113465,751889
2024-07-23,184.9334716796875,188.68024710688496,176.5057253647098,176.93306864473223,1577380
2024-07-24,190.628173828125,192.17855957212262,183.909830549211,186.84165129995245,1105501
2024-07-25,189.00820922851562,193.08295337246236,185.65897814880717,188.53117096795495,723809
2024-07-26,189.84304809570312,196.7800370757732,188.9386513564659,189.87286203965397,929356
2024-07-29,190.69773864746094,195.34889560726623,188.87901234965847,191.8108329288286,693036
2024-07-30,195.5576171875,199.21493579967404,189.34612620369393,191.81084157993178,1314200
2024-07-31,194.07679748535156,197.77387823129942,190.5188535345835,196.43219007688631,1270836
2024-08-01,188.2429656982422,195.6371270270751,185.8378781975881,194.40476175067863,1056092
2024-08-02,189.2566680908203,191.43317694505828,184.0092017518668,185.74841921706317,878260
2024-08-05,174.0906982421875,183.86013307908115,168.09785295554846,182.4687651649324,1149857
2024-08-06,172.25210571289062,181.67369097259555,171.19862410568481,176.9032628733922,815587
2024-08-07,178.35427856445312,179.37793109053746,172.11295831908333,173.72298713366436,672868
2024-08-08,174.37892150878906,178.01635913607961,173.93168202215284,177.15172443615924,565529
2024-08-09,177.14178466796875,180.08353821820967,174.96527586555632,177.30078730720186,568947
2024-08-12,184.5260009765625,186.83171368188005,175.1640436950185,177.87721867888158,1288278
2024-08-13,177.81759643554688,186.1956635280943,175.90942818685213,185.20182495076742,735182
2024-08-14,177.6188201904297,179.83507582745855,171.93406268500385,178.39401301709938,743798
2024-08-16,184.5359344482422,185.84780861165066,174.81619465488956,180.13323695647958,1031164
2024-08-19,199.4832763671875,201.74922706388577,185.25150095235836,185.25150095235836,3523758
2024-08-20,198.2608642578125,200.9939203593507,192.80468498124145,200.75539364026173,1687279
2024-08-21,201.9579315185547,207.9110145242262,200.57649658783924,201.74921875768487,4530132
2024-08-22,202.82257080078125,207.83151036340615,200.63612904856222,203.53813576183805,1251622
2024-08-23,207.0364532470703,215.1163503165517,203.73690199421935,203.73690199421935,3591502
2024-08-26,229.4574432373047,233.35328843099157,208.7060900067623,209.40177394049704,9356351
2024-08-27,229.97422790527344,235.53972969390762,227.14179721667847,232.55821412816195,3420456
2024-08-28,223.03724670410156,233.3532957582272,221.7850155840593,231.56438332618623,2219033
2024-08-29,225.3230743408203,230.7693052779032,218.85319092372293,224.11059011239627,2486672
2024-08-30,219.72776794433594,229.16923445140037,218.64448753201833,227.39027006625372,1018619
2024-09-02,218.5252227783203,222.4111199400545,213.86411760468076,220.8309203028049,1525859
2024-09-03,215.08653259277344,219.53892495586092,213.67528370158684,218.64447634580978,771084
2024-09-04,217.28292846679688,220.33400494966088,211.19069326254302,212.68145109733743,934959
2024-09-05,218.4954071044922,223.33539589769583,217.06427719350015,219.14139608372795,1044120
2024-09-06,209.69000244140625,220.43339480804875,208.20917753328328,219.45943726906526,1120337
2024-09-09,210.1571044921875,211.88637384757786,204.2338201170235,208.61665172112401,752449
2024-09-10,217.44192504882812,218.64447634120464,210.91241380013838,211.4888419666288,1170183
2024-09-11,191.3238525390625,223.50434942850248,182.58801841469082,221.62599518798447,10136566
2024-09-12,197.3166961669922,202.08712417037867,189.6243956076251,193.98734617190843,4582750
2024-09-13,196.1638641357422,201.50077246748018,194.58364926539343,198.76771636742805,1239240
2024-09-16,193.55999755859375,197.77387862273835,190.51885391166311,197.77387862273835,1199382
2024-09-17,186.66000366210938,194.75,185.25,193.5500030517578,1706454
2024-09-18,181.82000732421875,188.9499969482422,180.17999267578125,187.0,1669955
2024-09-19,178.4499969482422,185.99000549316406,174.5,182.9499969482422,1390783
2024-09-20,178.77999877929688,184.22999572753906,178.0,179.6999969482422,1031646
2024-09-23,180.07000732421875,181.8000030517578,178.99000549316406,180.0,560435
2024-09-24,182.91000366210938,187.10000610351562,181.0,181.0,1408619
2024-09-25,180.0,185.6999969482422,178.4499969482422,183.89999389648438,741401
2024-09-26,181.94000244140625,184.0,178.82000732421875,180.89999389648438,942129
2024-09-27,179.33999633789062,184.35000610351562,179.0,182.89999389648438,718783
2024-09-30,181.9600067138672,182.5,176.5,180.0,1110099
2024-10-01,181.7100067138672,184.39999389648438,178.99000549316406,182.35000610351562,761332
2024-10-03,176.11000061035156,181.49000549316406,174.8000030517578,179.5,768807
2024-10-04,175.52000427246094,179.4499969482422,170.0,176.0,685788
2024-10-07,163.60000610351562,177.6300048828125,162.0,176.0,1120594
2024-10-08,171.9499969482422,173.0,161.60000610351562,161.60000610351562,793584
2024-10-09,169.47999572753906,174.67999267578125,168.5500030517578,173.69000244140625,592088
2024-10-10,169.83999633789062,172.9499969482422,169.0500030517578,170.9499969482422,356314
2024-10-11,169.25999450683594,171.7899932861328,168.2100067138672,170.33999633789062,358346
2024-10-14,171.30999755859375,173.3000030517578,168.89999389648438,170.4499969482422,478809
2024-10-15,168.55999755859375,172.44000244140625,167.99000549316406,172.25,306578
2024-10-16,170.5800018310547,171.1999969482422,168.0500030517578,168.80999755859375,354324
2024-10-17,168.02000427246094,172.0,165.91000366210938,171.0,418617
2024-10-18,168.07000732421875,170.9499969482422,165.00999450683594,167.42999267578125,407770
2024-10-21,166.9199981689453,170.0399932861328,166.0,168.89999389648438,593089
2024-10-22,156.14999389648438,167.1199951171875,155.00999450683594,166.9199981689453,967024
2024-10-23,161.1300048828125,162.5500030517578,152.9600067138672,156.89999389648438,548543
2024-10-24,156.55999755859375,161.5,156.0500030517578,160.1999969482422,508469
2024-10-25,151.9199981689453,158.0,150.5,158.0,1136040
2024-10-28,153.83999633789062,157.0399932861328,147.89999389648438,151.91000366210938,694782
2024-10-29,154.80999755859375,155.9199981689453,149.6999969482422,152.5,680664
2024-10-30,166.3699951171875,167.9499969482422,154.7899932861328,155.9499969482422,868699
2024-10-31,166.8300018310547,168.64999389648438,165.1199951171875,166.39999389648438,299074
2024-11-01,170.1199951171875,170.74000549316406,168.0,168.0,183071
2024-11-04,165.1300048828125,171.4499969482422,162.3000030517578,171.4499969482422,462168
2024-11-05,170.6199951171875,173.83999633789062,165.0399932861328,166.0,628299
2024-11-06,170.00999450683594,173.89999389648438,168.6300048828125,173.0,599832
2024-11-07,170.61000061035156,174.1999969482422,168.52000427246094,171.35000610351562,628827
2024-11-08,169.58999633789062,172.77000427246094,168.5399932861328,171.25,421692
2024-11-11,174.89999389648438,178.47999572753906,166.0,168.5,1092552
2024-11-12,174.36000061035156,177.77000427246094,170.10000610351562,176.5,990560
2024-11-13,170.2899932861328,176.3300018310547,167.72000122070312,172.8000030517578,929589
2024-11-14,169.49000549316406,176.3300018310547,168.14999389648438,173.0,1273633
2024-11-18,167.16000366210938,174.3000030517578,162.91000366210938,169.89999389648438,538168
2024-11-19,167.11000061035156,171.61000061035156,166.14999389648438,168.5,285092
2024-11-21,160.94000244140625,166.35000610351562,160.5,165.5,458244
2024-11-22,162.7100067138672,164.39999389648438,159.0500030517578,161.89999389648438,501806
2024-11-25,166.42999267578125,175.1999969482422,165.10000610351562,171.89999389648438,1150904
2024-11-26,168.72999572753906,169.1999969482422,166.74000549316406,166.99000549316406,345827
2024-11-27,169.35000610351562,172.60000610351562,168.0500030517578,168.50999450683594,737623
2024-11-28,168.6199951171875,173.5800018310547,168.00999450683594,170.58999633789062,618514
2024-11-29,167.41000366210938,170.6999969482422,166.35000610351562,169.9499969482422,519136
2024-12-02,166.4199981689453,169.0,165.91000366210938,168.39999389648438,515853
2024-12-03,167.39999389648438,170.3000030517578,166.0,166.3800048828125,2174994
2024-12-04,170.77999877929688,172.5,167.6199951171875,168.39999389648438,784892
2024-12-05,170.4499969482422,172.33999633789062,169.0,172.0,523029
2024-12-06,170.88999938964844,173.16000366210938,170.0,170.4499969482422,782721
2024-12-09,169.3800048828125,172.3000030517578,168.7100067138672,171.0,772864
2024-12-10,175.60000610351562,176.72000122070312,168.52000427246094,170.89999389648438,2242639
2024-12-11,180.8800048828125,183.5500030517578,176.1999969482422,176.1999969482422,2120268
2024-12-12,178.4199981689453,182.5,178.0,181.5399932861328,935977
2024-12-13,174.8699951171875,177.64999389648438,171.67999267578125,177.64999389648438,720350
2024-12-16,175.02999877929688,180.66000366210938,174.35000610351562,175.49000549316406,676941
2024-12-17,172.27000427246094,175.4499969482422,171.25,175.4499969482422,300377
2024-12-18,168.8300018310547,172.1999969482422,167.99000549316406,171.99000549316406,516453
2024-12-19,167.3699951171875,167.97999572753906,165.0,166.60000610351562,326361
2024-12-20,162.52999877929688,167.97000122070312,161.14999389648438,167.3300018310547,445940
2024-12-23,159.19000244140625,166.60000610351562,158.0500030517578,166.0,1466432
2024-12-24,160.55999755859375,161.11000061035156,158.5800018310547,160.0,448147
2024-12-26,157.94000244140625,161.99000549316406,157.5,161.99000549316406,326762
2024-12-27,158.08999633789062,160.07000732421875,157.4499969482422,158.3000030517578,257078
2024-12-30,152.74000549316406,158.89999389648438,151.8800048828125,158.89999389648438,463476
2024-12-31,154.25999450683594,155.25999450683594,150.6999969482422,152.0,497316
2025-01-01,157.99000549316406,158.9499969482422,153.35000610351562,153.5,520964
2025-01-02,157.91000366210938,158.77999877929688,154.3000030517578,158.77999877929688,437837
2025-01-03,162.05999755859375,164.35000610351562,156.99000549316406,157.91000366210938,890403
2025-01-06,152.08999633789062,162.88999938964844,151.4499969482422,162.05999755859375,719610
2025-01-07,153.66000366210938,155.1999969482422,152.64999389648438,153.39999389648438,309960
2025-01-08,152.94000244140625,155.4499969482422,151.72999572753906,154.5500030517578,460240
2025-01-09,155.74000549316406,158.39999389648438,152.8000030517578,153.61000061035156,844884
2025-01-10,151.19000244140625,155.6999969482422,150.55999755859375,155.6999969482422,924587
2025-01-13,145.30999755859375,152.4199981689453,143.42999267578125,150.55999755859375,737964
2025-01-14,152.8000030517578,154.8800048828125,147.24000549316406,148.49000549316406,1054019
2025-01-15,161.92999267578125,166.99000549316406,153.10000610351562,153.5,3137287
2025-01-16,164.75999450683594,165.5,160.10000610351562,165.38999938964844,863801
2025-01-17,168.1300048828125,168.8000030517578,163.99000549316406,165.0,577208
2025-01-20,174.0800018310547,174.52000427246094,167.3699951171875,168.5,1113767
2025-01-21,172.6300048828125,177.8000030517578,167.5500030517578,177.14999389648438,1105726
2025-01-22,172.3300018310547,173.47000122070312,165.10000610351562,173.08999633789062,672505
2025-01-23,172.75,176.0,169.77999877929688,172.5,493643
2025-01-24,165.3300018310547,174.2899932861328,164.5500030517578,172.7899932861328,402072
2025-01-27,157.57000732421875,162.10000610351562,157.10000610351562,162.10000610351562,484295
2025-01-28,153.1999969482422,160.0,151.5,158.99000549316406,825109
2025-01-29,155.80999755859375,158.0,153.0,154.0,383419
2025-01-30,156.02000427246094,161.8000030517578,154.5800018310547,161.8000030517578,494384
2025-01-31,156.86000061035156,157.69000244140625,154.39999389648438,156.5,185116
2025-02-01,157.1699981689453,160.61000061035156,153.5500030517578,160.61000061035156,198342
2025-02-03,149.4600067138672,155.92999267578125,148.66000366210938,154.8000030517578,390557
2025-02-04,152.36000061035156,152.8000030517578,150.27999877929688,150.9499969482422,265442
2025-02-05,152.27999877929688,155.3000030517578,151.39999389648438,153.57000732421875,376263
2025-02-06,150.86000061035156,152.6999969482422,149.99000549316406,150.5,333465
2025-02-07,152.17999267578125,152.97000122070312,149.6999969482422,150.85000610351562,341243
2025-02-10,148.83999633789062,153.97999572753906,148.05999755859375,153.64999389648438,399135
2025-02-11,140.89999389648438,146.99000549316406,140.0,142.36000061035156,580218
2025-02-12,139.55999755859375,143.8699951171875,134.30999755859375,141.19000244140625,790680
2025-02-13,139.8800048828125,143.19000244140625,139.50999450683594,140.0,425829
2025-02-14,139.0800018310547,141.8000030517578,137.8000030517578,140.6999969482422,676119
2025-02-17,146.10000610351562,154.25,138.25,139.50999450683594,2543159
2025-02-18,145.97000122070312,149.14999389648438,144.0,144.64999389648438,634649
2025-02-19,155.67999267578125,159.0,145.72000122070312,147.5,1153573
2025-02-20,156.38999938964844,157.88999938964844,152.9499969482422,154.10000610351562,386474
2025-02-21,153.7899932861328,159.60000610351562,152.10000610351562,156.89999389648438,384150
2025-02-24,156.5,157.89999389648438,150.2100067138672,152.60000610351562,530587
2025-02-25,154.24000549316406,158.8000030517578,152.50999450683594,158.8000030517578,459362
2025-02-27,147.49000549316406,155.0,145.14999389648438,154.72999572753906,432799
2025-02-28,142.22999572753906,146.4499969482422,139.0500030517578,146.4499969482422,482918
2025-03-03,138.57000732421875,148.2899932861328,132.50999450683594,142.9499969482422,820838
2025-03-04,141.97999572753906,144.5399932861328,136.00999450683594,137.10000610351562,411809
2025-03-05,148.08999633789062,151.6999969482422,142.66000366210938,142.6699981689453,560543
2025-03-06,155.30999755859375,155.89999389648438,149.58999633789062,149.8000030517578,757216
2025-03-07,157.13999938964844,159.38999938964844,155.4499969482422,156.89999389648438,596665
2025-03-10,149.69000244140625,158.6999969482422,148.25,157.0,468090
2025-03-11,151.6300048828125,156.0,147.14999389648438,147.5500030517578,727988
2025-03-12,147.8300018310547,152.66000366210938,147.5,151.64999389648438,303759
2025-03-13,144.5,149.5399932861328,144.0,148.60000610351562,630621
2025-03-17,142.11000061035156,147.19000244140625,141.42999267578125,145.64999389648438,509404
2025-03-18,142.11000061035156,142.11000061035156,142.11000061035156,142.11000061035156,0
2025-03-19,151.57000732421875,153.24000549316406,148.6999969482422,149.0,657509
2025-03-20,151.77000427246094,154.39999389648438,151.05999755859375,152.85000610351562,400941
