Price,Close,High,Low,Open,Volume
Ticker,CLEAN.NS,CLEAN.NS,CLEAN.NS,CLEAN.NS,CLEAN.NS
Date,,,,,
2021-07-19,1565.9342041015625,1749.0751848120153,1536.1022302789881,1733.6158512526367,13548172
2021-07-20,1716.378662109375,1738.5550691618173,1557.5873397413284,1566.4776781631786,6980467
2021-07-22,1673.8035888671875,1757.3234208159192,1651.7753800004177,1729.6645923826163,1731678
2021-07-23,1615.4732666015625,1680.3233692121798,1585.4436554900253,1679.286114849248,1084767
2021-07-26,1632.364990234375,1667.432437830938,1600.2609889135779,1615.0782202924072,747225
2021-07-27,1656.813232421875,1694.3007752874744,1600.3102447960305,1644.2185871910633,676427
2021-07-28,1614.6336669921875,1654.3932357756755,1608.7067747511708,1651.8742583400708,256379
2021-07-29,1602.6810302734375,1630.9819652958854,1580.5046230149326,1616.0659770327686,351507
2021-07-30,1661.50537109375,1705.8088641552592,1606.2864704943227,1609.6450667046763,1271880
2021-08-02,1646.144775390625,1689.065422967031,1639.773414873233,1672.8652277637468,288875
2021-08-03,1652.269287109375,1686.2007185775226,1646.3423953041815,1653.1089059985263,234059
2021-08-04,1625.2032470703125,1662.9871851954847,1620.0172163472496,1659.5298313801095,172637
2021-08-05,1617.448974609375,1633.352778575684,1580.6034116251435,1630.833801049877,210820
2021-08-06,1636.7606201171875,1658.5419971394754,1603.2243367226733,1620.0171979206311,312272
2021-08-09,1582.8753662109375,1660.5176298431134,1556.5006235953786,1644.613826570958,499926
2021-08-10,1501.923828125,1609.1512345604674,1491.6012057620048,1598.1865080916507,643538
2021-08-11,1556.1549072265625,1574.083780172855,1418.107710314635,1501.4793510277625,678501
2021-08-12,1557.7353515625,1578.5289126944303,1538.4236340229095,1560.7482365814767,153642
2021-08-13,1592.7039794921875,1615.0780202191474,1551.3144941846658,1562.723809166172,289245
2021-08-16,1509.0855712890625,1601.792145069127,1500.4916253546367,1600.260982932529,539674
2021-08-17,1478.710205078125,1533.0894907238953,1471.84493632642,1516.2966290342652,327596
2021-08-18,1525.8289794921875,1578.4301460177762,1452.0885407063963,1493.576784726579,1365679
2021-08-20,1525.2857666015625,1579.5168573009014,1507.9989967436727,1560.7483643123353,365365
2021-08-23,1466.5601806640625,1544.3012056267835,1448.1373990493373,1526.1748168698678,431169
2021-08-24,1445.0750732421875,1466.560056712337,1428.4304090152316,1466.560056712337,399166
2021-08-25,1441.61767578125,1471.844799904311,1433.3200031282922,1458.0153856770223,419543
2021-08-26,1412.03271484375,1447.1496015304456,1404.7722955669938,1447.1496015304456,315671
2021-08-27,1419.342529296875,1435.2957720776421,1406.9455184122417,1416.230886679225,277887
2021-08-30,1448.6806640625,1553.3396531939713,1438.2591637840524,1456.0398402594046,1077246
2021-08-31,1503.948974609375,1514.2222790779738,1448.1374034662356,1456.0399268139367,699312
2021-09-01,1479.9447021484375,1525.6805946898842,1471.8446656444983,1506.5663944573248,391724
2021-09-02,1541.7822265625,1559.7604174666908,1481.772444826527,1485.674267175366,618055
2021-09-03,1600.7054443359375,1629.401530434602,1553.7348936046658,1553.7348936046658,858686
2021-09-06,1632.908203125,1659.5297784206603,1606.286507246412,1606.9780503371771,505372
2021-09-07,1599.8162841796875,1639.032502543461,1575.565370834305,1638.785548723581,250650
2021-09-08,1594.0869140625,1611.57119635073,1572.7006890539233,1607.1754665714561,199817
2021-09-09,1636.7113037109375,1657.8998950741795,1576.8497166600314,1590.382738938322,554691
2021-09-13,1651.47900390625,1685.8055859703068,1627.7221180217432,1639.7734165851634,308421
2021-09-14,1677.70556640625,1686.1513150565988,1657.5541097280134,1660.5669946922146,478063
2021-09-15,1791.7490234375,1827.3103795099134,1679.2862589750805,1684.22533620736,1871083
2021-09-16,1923.9185791015625,1940.06933586142,1814.8637409935816,1822.51930991055,1666295
2021-09-17,1858.870849609375,1959.4303731678478,1824.3960720822108,1943.230178394143,939201
2021-09-20,1903.8658447265625,1963.7768683737656,1783.2041785215188,1832.3974299966476,1097867
2021-09-21,2072.28857421875,2103.947863952583,1858.0807143753243,1911.4227444530848,1891176
2021-09-22,2096.737060546875,2155.4131987297237,2056.730536922423,2098.119905637916,1220096
2021-09-23,2096.490234375,2191.962501952688,2070.7575934532847,2113.9250807475223,984449
2021-09-24,2024.6756591796875,2118.468920684371,2003.2895530701103,2106.0223506634493,505237
2021-09-27,1970.83984375,2037.2211084308435,1943.0328171911513,2032.7265003002544,448754
2021-09-28,2002.9437255859375,2057.322885729902,1960.8133787471534,1975.6306083094744,617816
2021-09-29,1980.2734375,2033.9118606896805,1973.4576078668997,1975.680192464545,338614
2021-09-30,2022.30517578125,2039.7894609764915,1981.162638258244,1986.4968657936713,307946
2021-10-01,2070.955078125,2102.76268718523,1995.6341505280377,2015.1435055449558,623622
2021-10-04,2112.5419921875,2140.5958515046054,2078.807953473736,2081.32693083535,377175
2021-10-05,2108.195556640625,2133.582363924862,2080.240332876607,2107.9486027931794,282509
2021-10-06,2196.60498046875,2216.2626509456504,2081.3269755250035,2111.949251861631,1185905
2021-10-07,2176.700439453125,2240.858994568978,2162.1796028636513,2230.4869339813763,440559
2021-10-08,2232.70947265625,2274.938575612142,2176.3545630515355,2188.998646789625,668949
2021-10-11,2282.841552734375,2325.2187399600607,2233.2532643395707,2238.3898565539134,491905
2021-10-12,2252.811767578125,2293.0652428029803,2237.4017517618995,2281.8534421942554,230451
2021-10-13,2181.392822265625,2264.61627071567,2158.475552943416,2260.121662358487,350118
2021-10-14,2120.59228515625,2198.0369005363173,2108.9854565313117,2191.9619335095927,298192
2021-10-18,2134.076171875,2172.2059406048006,2115.949905019216,2140.595849609187,195258
2021-10-19,2097.626220703125,2179.120999703835,2039.9378917920105,2141.5840105883567,323627
2021-10-20,1997.01708984375,2097.4779915084055,1967.728338203204,2083.3027436097177,317245
2021-10-21,1998.2515869140625,2033.9116949923416,1931.2283431796366,2017.020077542938,280846
2021-10-22,2005.116943359375,2063.546244824633,1980.5697562821395,2022.0580005533864,205790
2021-10-25,1910.138671875,2034.8998104270788,1901.594164768442,2022.0582096816654,247026
2021-10-26,1984.817626953125,2003.2897275887406,1916.3619682061917,1918.3375991012497,178975
2021-10-27,2091.106201171875,2135.903723401311,1989.4600989387166,1993.411360307016,510198
2021-10-28,2071.250732421875,2167.315750085626,2050.7041302822277,2118.863371606637,316297
2021-10-29,2048.5810546875,2107.9980542681196,1976.6186066497223,2055.693277302841,203092
2021-11-01,2041.0736083984375,2093.4278255769577,2027.3922683863805,2062.509154745902,114684
2021-11-02,2037.072265625,2075.3995400135746,2022.057524230265,2053.6676076574113,135225
2021-11-03,1997.6094970703125,2048.3339093603918,1986.6447713204216,2043.7898624989377,120986
2021-11-04,2044.975341796875,2053.5692873291655,2009.216473442719,2012.1799195687408,57792
2021-11-08,2086.95751953125,2123.8030816933356,2042.8022199729385,2063.447465091425,301127
2021-11-09,2098.218505859375,2116.986995939158,2090.2171057274486,2096.1439973315905,114557
2021-11-10,2057.96533203125,2094.1686703614805,2044.7778998340873,2094.1686703614805,108328
2021-11-11,1988.02783203125,2054.655929194307,1963.2830092661952,2054.655929194307,267061
2021-11-12,1993.954833984375,2024.9721412348472,1892.75307339295,1892.75307339295,273009
2021-11-15,2003.1412353515625,2020.0822918915899,1986.4471326369496,2018.106661288273,130796
2021-11-16,2112.048095703125,2119.3083938240543,1991.4357450359446,2006.2529752817477,605189
2021-11-17,2172.749267578125,2194.9256736080056,2115.90044683544,2121.827338843382,645057
2021-11-18,2113.0849609375,2198.777936525833,2077.424974008891,2183.9607073174757,321751
2021-11-22,2061.86669921875,2138.323498640069,2015.14299238758,2129.7295546998153,292606
2021-11-23,2092.291748046875,2125.77859128526,2026.3056357347755,2050.7046261655205,247436
2021-11-24,2100.34228515625,2131.3595891620607,2066.509611074368,2102.0709619341565,180588
2021-11-25,2182.47900390625,2207.7671717809053,2091.5507994508107,2104.046566395225,582661
2021-11-26,2096.93408203125,2165.2908432661616,2084.2899996768256,2165.2908432661616,295223
2021-11-29,1985.7559814453125,2072.288710158702,1934.8340474548897,2066.5098933881823,306032
2021-11-30,2113.282958984375,2124.2970041578137,1995.4858527023855,1995.4858527023855,818153
2021-12-01,2156.054931640625,2166.278916289174,2062.60775053942,2131.655942376145,283944
2021-12-02,2278.247802734375,2304.8693755404797,2123.8027916301903,2168.0569631494186,885789
2021-12-03,2442.12646484375,2469.538340422439,2303.585363946051,2308.524440626896,1616906
2021-12-06,2476.749755859375,2628.1819144020865,2449.782345516281,2458.6726846733964,1550308
2021-12-07,2537.154052734375,2588.0759775487004,2485.6395834643863,2513.989833153222,743684
2021-12-08,2511.619140625,2594.644819108026,2482.3797128808037,2546.587703862599,468700
2021-12-09,2509.742431640625,2593.9042519024533,2495.6166237891607,2502.037423615657,492731
2021-12-10,2418.71533203125,2528.510912105781,2392.488786162809,2508.0631825216237,354617
2021-12-13,2435.903076171875,2486.7261248184645,2392.4886422307895,2432.7915544619004,284645
2021-12-14,2418.46826171875,2467.2662413648927,2402.366823999074,2433.9769137885355,226310
2021-12-15,2375.004638671875,2426.963584542196,2360.928269078334,2426.963584542196,307159
2021-12-16,2367.694580078125,2408.837235219496,2333.812705588113,2389.5253963707596,186741
2021-12-17,2358.7060546875,2454.7216793864563,2312.476238005511,2379.5488184125234,1063911
2021-12-20,2273.85205078125,2332.13315625395,2227.326092637303,2308.1294362546587,344509
2021-12-21,2247.132080078125,2362.3112172165775,2232.4629241324064,2321.3663149164404,319300
2021-12-22,2418.61669921875,2438.9163550241196,2251.033903975973,2251.033903975973,417082
2021-12-23,2413.381103515625,2483.269043224085,2392.390026218031,2457.6847207724245,280907
2021-12-24,2371.448486328125,2425.185791139343,2360.8789093187443,2417.1843895828315,163645
2021-12-27,2445.97900390625,2469.4396196338307,2321.366187781679,2371.448380280646,210178
2021-12-28,2444.546875,2494.2340409600242,2426.1736521106764,2478.8734622963807,195987
2021-12-29,2411.405517578125,2455.5116208082954,2400.0950792452104,2434.965011826242,130135
2021-12-30,2403.20654296875,2475.465135513922,2393.328389993834,2422.320624275706,159001
2021-12-31,2462.969970703125,2507.915577728923,2407.701498361757,2412.245546307649,342923
2022-01-03,2451.757568359375,2497.197072043715,2441.533583564061,2474.477320201545,120188
2022-01-04,2629.41650390625,2666.113749339857,2459.660331921543,2464.5994088932725,1091132
2022-01-05,2572.66650390625,2672.040836280101,2529.7954091361694,2636.4794794941176,452578
2022-01-06,2591.780517578125,2610.795963014382,2522.139535590795,2556.2686040744948,218431
2022-01-07,2561.751220703125,2621.6621295715586,2548.56378835517,2612.7717907749707,162336
2022-01-10,2534.8330078125,2584.717681840395,2527.8194225224356,2568.220972942054,101441
2022-01-11,2480.848876953125,2548.563669187381,2472.501885262021,2538.389122584972,122606
2022-01-12,2510.335205078125,2576.2224408970364,2493.2459512362425,2493.2459512362425,169715
2022-01-13,2502.136474609375,2543.6247225105176,2487.31924321611,2518.9787758595617,110780
2022-01-14,2511.619140625,2542.636442879104,2490.282234847794,2502.629925421216,81130
2022-01-17,2504.01318359375,2556.466278273516,2492.258276694003,2504.1120616009903,109546
2022-01-18,2405.231689453125,2518.632948834009,2394.4645977530117,2512.8049342744753,255531
2022-01-19,2384.09228515625,2405.231436629559,2311.537297820857,2405.231436629559,703889
2022-01-20,2404.046142578125,2437.9282569430407,2384.0923209611137,2385.5740439697906,113366
2022-01-21,2353.81591796875,2430.025776232629,2329.3180489020137,2380.635008423023,141517
2022-01-24,2198.926513671875,2365.521483981313,2169.835398450872,2359.3476377474044,310010
2022-01-25,2279.1865234375,2291.2872621022825,2095.403419809811,2123.852551597739,198069
2022-01-27,2257.4052734375,2301.16554642214,2188.6040233137987,2257.0594415611463,133024
2022-01-28,2252.959716796875,2328.7745401068214,2243.3285177444714,2269.308108036944,166051
2022-01-31,2203.025634765625,2287.780235774911,2194.925597535342,2287.780235774911,126267
2022-02-01,2218.6826171875,2245.4522672916087,2190.1840491313337,2230.8819915221125,129904
2022-02-02,2277.1611328125,2309.3145678249957,2232.462492205292,2240.3650143015943,146599
2022-02-03,2264.2705078125,2289.7561944480744,2249.2557613279837,2276.9145937026797,77152
2022-02-04,2304.5234375,2332.330580259198,2267.0358986508977,2269.9993442700493,165778
2022-02-07,2279.6806640625,2301.264288084634,2227.5239573165436,2289.7563339511075,212532
2022-02-08,2181.19482421875,2310.302221715962,2133.6808169671813,2295.6825086258004,378317
2022-02-09,2163.1181640625,2229.9932169534686,2156.4998492597533,2194.9257710168804,140278
2022-02-10,2144.744873046875,2199.8650238074224,2138.6204654436774,2171.2183755405094,117975
2022-02-11,2064.928955078125,2133.6809947072497,2034.8994671745068,2133.6809947072497,266403
2022-02-14,1956.5164794921875,2020.0823725762282,1945.996221992748,1997.5601345656792,241124
2022-02-15,1950.7872314453125,1998.3505673857371,1907.7185038377186,1966.8392318012286,355686
2022-02-16,2027.4415283203125,2048.531482108107,1975.630662431224,1975.630662431224,292567
2022-02-17,2034.109375,2079.7463971598795,2000.4743337808538,2049.716906181446,210242
2022-02-18,1988.71923828125,2031.3433738436356,1975.6306849931702,2002.301699240578,76113
2022-02-21,1913.1019287109375,1983.0887423077024,1896.6054606974174,1975.6801272268533,122937
2022-02-22,1839.6578369140625,1901.2480979937407,1822.5192652302437,1847.2146482279436,221044
2022-02-23,1850.4744873046875,1890.382129768839,1827.4583421140808,1857.0928017159308,130759
2022-02-24,1725.2689208984375,1800.9848698300482,1718.7986822235632,1778.067602300238,263168
2022-02-25,1750.1126708984375,1806.7145472098696,1739.543093295014,1786.958237234912,298666
2022-02-28,1802.3677978515625,1821.5314390602125,1712.0321356172394,1747.1983366799082,248538
2022-03-02,1962.887939453125,2007.240874628179,1778.0677039029144,1792.884934768772,740577
2022-03-03,1970.345947265625,2041.666289162101,1948.0213440725738,2011.192088602734,193954
2022-03-04,1914.8800048828125,1969.506240513465,1888.2584301437917,1936.1180343411463,156927
2022-03-07,1863.316162109375,1884.7517071917487,1831.8541464218274,1857.0928771071738,161127
2022-03-08,1851.8079833984375,1909.4469822589933,1837.33646508108,1882.7759690562034,152049
2022-03-09,1886.2332763671875,1906.483489598676,1863.0196172969445,1906.483489598676,112646
2022-03-10,2010.9947509765625,2022.3051897000673,1924.2150668120041,1924.2645058179173,244841
2022-03-11,2029.861572265625,2053.6680175647243,1984.5209462662485,1984.5209462662485,123577
2022-03-14,1994.30029296875,2036.8751074214504,1977.6556296168317,2024.9718850639233,150421
2022-03-15,1978.05078125,2030.750826155967,1966.7403438293059,2009.2164034901095,91728
2022-03-16,2040.77734375,2091.205372263795,2003.2897944973909,2009.2166873805193,251136
2022-03-17,2074.313232421875,2092.143346651725,2018.0571998511082,2090.217155068078,211747
2022-03-21,2062.755859375,2122.815077794251,2054.6558221554405,2094.1684341199684,169193
2022-03-22,2041.913330078125,2083.4015772900134,2034.8997442021475,2061.965789964507,93268
2022-03-23,2032.380615234375,2073.029361018574,2025.070878212826,2058.2121309755535,66823
2022-03-24,1995.2882080078125,2060.582777165751,1983.6813778871522,2025.0214253067063,100900
2022-03-25,1966.197265625,2013.5630900406306,1957.8502730874466,2009.2166778304068,106743
2022-03-28,1936.8095703125,1978.1003014931962,1928.2156247264516,1978.1003014931962,93324
2022-03-29,1962.7396240234375,1998.1529001120132,1945.699809560856,1945.699809560856,131804
2022-03-30,1989.0157470703125,1999.931034891469,1950.9354151639386,1989.460215767176,119398
2022-03-31,1968.1231689453125,2023.0456738653063,1964.5670580883047,1990.1513771264188,98831
2022-04-01,1991.8802490234375,2015.1433491549424,1971.5312765750275,1975.3343416222879,77532
2022-04-04,2018.6500244140625,2053.5199530803925,2014.5505667621346,2016.1310471411039,113856
2022-04-05,2005.95654296875,2034.6031875469032,2000.3260438193179,2034.6031875469032,92777
2022-04-06,1974.9886474609375,2009.6609430344358,1967.481274721551,2002.6969169849044,117256
2022-04-07,1965.9500732421875,1998.3010261505976,1957.3561278783159,1976.6185273199646,99578
2022-04-08,1966.1475830078125,2003.8820789615636,1958.5413329031046,1976.618400995452,95898
2022-04-11,1951.5775146484375,1995.3871034213237,1939.7730482957636,1969.2099953813906,94004
2022-04-12,1921.1527099609375,1951.9231830409478,1902.5324142393042,1949.3548871798487,83162
2022-04-13,1929.549072265625,1944.8108916341469,1907.4714235104045,1929.2033610128533,56648
2022-04-18,1908.459228515625,1916.3617512009898,1886.1839444630818,1916.3617512009898,50486
2022-04-19,1882.3316650390625,1934.1425340221622,1876.8492413902493,1926.2400109005189,43061
2022-04-20,1877.5899658203125,1916.1642022240903,1875.8612890136912,1890.6785187847313,93112
2022-04-21,1886.9248046875,1901.5445198786992,1877.2442867542372,1890.678551193678,74620
2022-04-22,1958.8873291015625,2007.0926470880922,1867.0204991574055,1875.5650056912427,221467
2022-04-25,1930.1417236328125,1999.140721178935,1921.6465358770124,1931.1789779666813,105181
2022-04-26,1902.7298583984375,1970.691601978018,1896.6054515277167,1946.9840338339216,76165
2022-04-27,1881.7882080078125,1906.4835913150016,1876.8491313463746,1885.7394693369627,50896
2022-04-28,1874.0831298828125,1900.5071890302943,1864.0074621046049,1883.7637680092641,58005
2022-04-29,1921.6959228515625,1933.1545562991423,1881.0967378399434,1899.272443027107,101891
2022-05-02,1877.4417724609375,1909.842163179503,1871.910030787333,1909.842163179503,42881
2022-05-04,1846.7208251953125,1891.0737592082717,1838.324394591322,1885.3443818570827,50358
2022-05-05,1843.510498046875,1877.8370833420545,1828.940220835252,1857.09295985432,53674
2022-05-06,1799.94775390625,1825.0382877704728,1775.1041738781257,1812.6411569651423,95958
2022-05-09,1778.0677490234375,1793.8727956814237,1767.2017794460721,1788.9337186008029,56062
2022-05-10,1746.0623779296875,1801.7751874476137,1742.5062668078897,1797.823926071632,51933
2022-05-11,1739.3946533203125,1768.189495193826,1700.030235323226,1748.3837489837622,115146
2022-05-12,1701.6107177734375,1726.701252074632,1640.8107546167919,1726.701252074632,202294
2022-05-13,1693.609375,1747.0008415584837,1689.4111598680372,1729.6646343686205,168323
2022-05-16,1703.2406005859375,1717.9590732736294,1687.1391623051802,1708.920538792908,33779
2022-05-17,1708.5255126953125,1719.490239653316,1689.2631121588693,1689.2631121588693,45801
2022-05-18,1688.3740234375,1718.7987858103043,1680.273985438694,1718.7987858103043,54057
2022-05-19,1680.372802734375,1689.1643841720922,1653.6030287158376,1658.5421058625395,51663
2022-05-20,1689.0655517578125,1704.0802973840152,1681.2617860958926,1704.0802973840152,30742
2022-05-23,1682.8421630859375,1708.2290892811407,1679.2860520335105,1703.9814351516504,35516
2022-05-24,1677.952392578125,1706.9447459462187,1663.6290715039236,1699.0422239742454,43793
2022-05-25,1645.6507568359375,1696.07877325469,1636.414708424896,1696.07877325469,40607
2022-05-26,1653.6522216796875,1674.2974646148223,1592.3582351756456,1658.5418590942363,133637
2022-05-27,1655.776123046875,1679.2861777688122,1648.6144614063903,1669.4080237819367,69577
2022-05-30,1695.9801025390625,1726.7011340686654,1678.3476236561469,1681.2616305405427,149785
2022-05-31,1727.3433837890625,1796.8361714718405,1687.0899071604326,1698.054633732872,191913
2022-06-01,1792.6378173828125,1807.6032433086543,1706.0064637234493,1726.701146044996,222402
2022-06-02,1796.0458984375,1806.7143529098348,1761.3242838569465,1806.7143529098348,66824
2022-06-03,1785.27880859375,1823.507216082346,1769.374884294832,1823.507216082346,87141
2022-06-06,1742.7530517578125,1784.9327146257137,1728.4791696534983,1778.0674468834136,146323
2022-06-07,1759.496826171875,1787.8965202764928,1723.7873942249425,1726.701401560762,71041
2022-06-08,1735.8880615234375,1784.9824389776963,1726.750769016219,1764.2383154477952,45587
2022-06-09,1721.2681884765625,1747.445294355833,1708.9204970240764,1728.6768033480541,62952
2022-06-10,1691.23876953125,1716.8232132234925,1684.2253041116542,1700.0303509537575,27959
2022-06-13,1655.7266845703125,1674.346979368832,1611.1267984369115,1674.346979368832,136307
2022-06-14,1639.3782958984375,1662.493198713716,1625.4501238760663,1625.4501238760663,38413
2022-06-15,1667.4322509765625,1688.0776151674424,1634.9331030109677,1654.590651887288,66735
2022-06-16,1615.819091796875,1703.9816190430136,1606.1878913414143,1703.9816190430136,52365
2022-06-17,1553.4876708984375,1609.5955045272653,1548.8943058874816,1601.3472713388992,160473
2022-06-20,1483.5009765625,1575.5653087530213,1471.8447084902832,1554.8211887004738,132220
2022-06-21,1483.056396484375,1513.5304727278274,1467.844017568941,1501.9730825748538,100350
2022-06-22,1442.6055908203125,1481.7230553653721,1432.3322868531932,1481.7230553653721,89039
2022-06-23,1448.03857421875,1476.4875845096508,1427.3932088802967,1449.6190546933117,62423
2022-06-24,1440.53125,1502.7141813671974,1434.9500688581215,1478.6609004278823,95453
2022-06-27,1455.6943359375,1491.107497501893,1451.7430739368326,1481.7232502503077,84302
2022-06-28,1442.11181640625,1464.732814591907,1433.023841810396,1451.1009129895972,98731
2022-06-29,1481.8712158203125,1496.3427347597221,1432.5297669244762,1432.5297669244762,132024
2022-06-30,1471.894287109375,1518.3216078215535,1435.2956807403275,1481.723001452506,164082
2022-07-01,1441.173095703125,1471.844809256711,1438.2590887770277,1468.8319243334524,77405
2022-07-04,1439.2469482421875,1481.7230077990948,1434.307871549524,1440.2347635807203,108998
2022-07-05,1442.4078369140625,1469.9185891818995,1437.5181994661743,1447.1493985349223,73967
2022-07-06,1449.7177734375,1456.533723421572,1423.3431520095276,1449.4215011843223,87805
2022-07-07,1481.13037109375,1540.8437612191015,1461.9667290424188,1461.9667290424188,227260
2022-07-08,1503.8995361328125,1532.1017145729884,1489.8231664147822,1496.540359495859,101001
2022-07-11,1487.6497802734375,1497.5279328648944,1464.0409714632715,1497.5279328648944,209516
2022-07-12,1481.8712158203125,1509.3818490972867,1465.2758697698414,1481.4266265647352,149098
2022-07-13,1584.011474609375,1594.2353401519772,1490.0208127080627,1490.0208127080627,454384
2022-07-14,1551.41357421875,1604.2122608007217,1536.0529960253214,1594.3341064854462,167991
2022-07-15,1539.0164794921875,1565.6874967876233,1532.1512103104278,1556.7971576891448,142390
2022-07-18,1587.9134521484375,1605.2002237892448,1540.992214837675,1545.931292449334,213043
2022-07-19,1670.0501708984375,1676.322774724987,1581.7394478658725,1589.395017402772,174402
2022-07-20,1649.552978515625,1715.736611035378,1641.7492126541713,1689.1643523698153,160461
2022-07-21,1677.1129150390625,1685.4104673424058,1634.8343706936928,1653.6028619584542,79098
2022-07-22,1715.24267578125,1726.2074025477993,1673.2110824960541,1673.2110824960541,93072
2022-07-25,1736.431396484375,1754.1627564865498,1713.8598371548608,1726.2075305061205,98698
2022-07-26,1667.1358642578125,1738.2585671667127,1664.4688111318987,1738.0610523362468,83023
2022-07-27,1731.19580078125,1814.6167569717397,1620.017137416251,1649.651597247036,641346
2022-07-28,1678.54541015625,1751.3967998864389,1664.4690399371966,1734.6039371689717,295075
2022-07-29,1669.984130859375,1710.512754714207,1663.6995078627867,1700.3187117836214,109551
2022-08-01,1663.4892578125,1690.7091305869606,1660.9605828346973,1690.7091305869606,83603
2022-08-02,1656.498291015625,1690.7091207313024,1651.0443906261692,1660.9605731524525,94797
2022-08-03,1649.1602783203125,1686.891400944726,1642.4173468855859,1653.5234228058116,87749
2022-08-04,1615.34619140625,1674.545754790306,1609.3964816773134,1656.0025412206492,112160
2022-08-05,1620.1553955078125,1648.0694724546656,1611.7266406847891,1623.1798794808142,72440
2022-08-08,1595.7120361328125,1629.0305061006193,1589.564051414573,1622.6841251045062,75507
2022-08-10,1587.0848388671875,1613.3627196731734,1581.630939077266,1599.1825318005226,68570
2022-08-11,1594.3238525390625,1642.0701738929024,1588.9690898408599,1605.2811614479847,112218
2022-08-12,1608.156982421875,1621.0976496911185,1586.5892843379067,1597.100414137214,87503
2022-08-16,1630.2203369140625,1650.0527011100974,1611.5778661509319,1624.171490043701,86737
2022-08-17,1659.02685546875,1665.9185534465921,1634.1867714761806,1640.0373429864037,154566
2022-08-18,1721.945068359375,1756.155897532078,1657.043703173788,1662.4479741459788,501604
2022-08-19,1730.0762939453125,1751.197810864405,1690.7587275889352,1734.1420255647663,209222
2022-08-22,1689.7174072265625,1730.0762194145839,1684.7593162429166,1729.3821350957307,106255
2022-08-23,1687.982177734375,1703.9472074603384,1662.9438167487426,1662.9438167487426,76599
2022-08-24,1717.978759765625,1730.3739889125632,1687.9823052300349,1687.9823052300349,86463
2022-08-25,1761.3123779296875,1803.753689634057,1730.3739353553763,1730.3739353553763,358879
2022-08-26,1768.947998046875,1799.1427283730914,1762.105807225257,1776.8809448436123,143711
2022-08-29,1718.920654296875,1741.0834196313506,1702.608582054815,1705.6825745048893,83346
2022-08-30,1725.4156494140625,1765.0803769867996,1715.4994675208782,1732.059442863639,74234
2022-09-01,1752.3382568359375,1784.9128929223398,1710.640660001863,1712.5247589316004,113027
2022-09-02,1741.5792236328125,1773.558912980105,1735.3319800856432,1752.338257699913,59671
2022-09-05,1775.294189453125,1784.9128379945696,1741.2816352880357,1741.5791691798943,97842
2022-09-06,1779.508544921875,1802.761944020776,1766.1712070861722,1779.9547247069816,75632
2022-09-07,1822.9415283203125,1866.2256925291586,1762.7503442543089,1770.0387147526824,524748
2022-09-08,1855.2186279296875,1881.5956494517015,1839.4518733770258,1866.2255664127022,252715
2022-09-09,1904.0062255859375,1918.7813620926188,1866.969307224743,1872.1753031684052,257707
2022-09-12,1871.7786865234375,1921.0621888632293,1866.2256482301648,1913.9224644457447,136717
2022-09-13,1860.2261962890625,1928.0034000996682,1853.5327731425082,1884.074663474534,224866
2022-09-14,1912.3358154296875,1923.739425425768,1829.5356906755371,1842.9225371926752,284981
2022-09-15,1938.762451171875,1963.4041405445316,1898.9985834440142,1928.6975016965223,172832
2022-09-16,1872.869384765625,1952.4963805476004,1829.5357146319568,1936.3329542704735,187177
2022-09-19,1886.1571044921875,1903.9070958977481,1849.3680905465105,1883.0831120363666,97454
2022-09-20,1895.924560546875,1911.1459982918534,1884.570579429056,1906.5844572734534,77632
2022-09-21,1862.606201171875,1942.580240914621,1859.2843040913294,1893.9909444343677,106315
2022-09-22,1858.9866943359375,1911.5424618539425,1836.4770083650105,1836.4770083650105,80064
2022-09-23,1836.179443359375,1868.8533369381921,1834.4937407731995,1854.3261055383152,65743
2022-09-26,1744.7523193359375,1824.3296842843372,1735.3319459152547,1809.7033150259085,163707
2022-09-27,1718.32568359375,1774.8479246098686,1712.0785611623646,1745.2481436555947,58740
2022-09-28,1696.758056640625,1729.3326937344048,1690.7092091925347,1709.2524230680417,50248
2022-09-29,1707.6656494140625,1733.3485845734058,1693.6838572376298,1715.4994572723067,33730
2022-09-30,1744.4052734375,1752.1894525117243,1687.883033033896,1700.6253033715943,54260
2022-10-03,1689.965576171875,1763.8907727225358,1675.835014657749,1721.4494588436996,76112
2022-10-04,1693.2376708984375,1728.3904869443998,1680.7928143263096,1715.4994506103337,65867
2022-10-06,1675.8348388671875,1723.730048657222,1661.9521833972817,1700.6252950634475,89409
2022-10-07,1668.3480224609375,1696.162961894791,1659.9688969376673,1672.76079615934,87841
2022-10-10,1651.2427978515625,1663.885931583215,1644.1031942807872,1647.276324523985,108839
2022-10-11,1628.286865234375,1661.902628504471,1626.2539993163675,1652.0857042487607,49661
2022-10-12,1615.8914794921875,1639.7894538031278,1602.4550045193469,1636.1700231787886,46936
2022-10-13,1599.480224609375,1617.5772575288547,1596.5053698828851,1616.0402008346423,66874
2022-10-14,1592.4892578125,1629.2287618780929,1586.9858492305493,1629.2287618780929,45420
2022-10-17,1589.217041015625,1616.3377764291001,1568.7400995772002,1600.4718841451336,82732
2022-10-18,1591.5472412109375,1605.4298962744597,1587.1345885560336,1603.4466598368138,43182
2022-10-19,1586.3414306640625,1601.166076346419,1582.6228619095757,1596.307243344951,50236
2022-10-20,1599.97607421875,1656.0025063187556,1566.756862265649,1585.5976093435272,290815
2022-10-21,1651.093994140625,1660.9605471811403,1601.4634529537561,1601.4634529537561,255440
2022-10-24,1662.696044921875,1672.860132866082,1656.2008964020786,1672.860132866082,20833
2022-10-25,1619.3621826171875,1661.0101478578904,1605.9753366469618,1660.9605185280311,60291
2022-10-27,1605.479736328125,1641.0787382186265,1602.4552519448841,1641.0787382186265,37466
2022-10-28,1582.275634765625,1621.2957874592676,1576.672967620939,1604.4382777425656,45153
2022-10-31,1559.0220947265625,1601.4137730241498,1551.8824920637212,1591.5472202953817,70042
2022-11-01,1559.865234375,1579.4992043276354,1546.9245669823426,1561.798841664865,74952
2022-11-02,1580.58984375,1597.4969831450373,1566.7568177338046,1579.35032095116,56659
2022-11-03,1580.3419189453125,1584.6059257375578,1572.7065070211304,1576.0780332002141,30730
2022-11-04,1588.522705078125,1598.5381455971765,1576.672916171042,1586.291564159015,36238
2022-11-07,1576.425048828125,1606.3718703414008,1572.5577136009701,1599.4801722030293,45778
2022-11-09,1540.578125,1586.5892370848924,1529.075377240565,1578.6562908994679,56345
2022-11-10,1519.506103515625,1537.0081887126523,1507.2596431246654,1535.0249523401199,61472
2022-11-11,1535.818359375,1547.9160533332492,1527.0920705529813,1546.6269012184691,66916
2022-11-14,1495.9552001953125,1519.1590904070422,1490.4021624554728,1502.3015809181911,123625
2022-11-15,1488.6173095703125,1525.0592812636924,1485.0971373139375,1506.9622477016737,96918
2022-11-16,1480.634765625,1500.3183630323535,1477.51114403054,1487.4273262052416,175795
2022-11-17,1488.96435546875,1500.2191978205524,1467.1982633674227,1478.5027350480436,78397
2022-11-18,1511.47412109375,1544.941237109439,1492.3854697366532,1501.0125001129488,247867
2022-11-21,1493.2283935546875,1517.2256290543771,1488.7166029158384,1512.2179082181367,27550
2022-11-22,1479.9903564453125,1505.7228036711763,1477.511310622121,1492.3855855612699,47894
2022-11-23,1480.3372802734375,1492.3358368887675,1471.5614829705432,1485.1466045764114,60731
2022-11-24,1483.4112548828125,1497.293910216362,1469.5782288800278,1485.4441206897986,38862
2022-11-25,1499.773193359375,1522.1342365893759,1479.5442749355955,1490.4024479438644,105919
2022-11-28,1502.450439453125,1530.0669839428576,1490.6501578821133,1507.2597638322384,69492
2022-11-29,1496.30224609375,1516.1842395770418,1492.385402592183,1502.4998598918903,56169
2022-11-30,1483.75830078125,1513.1101740990073,1481.4775305950795,1503.937706121762,84032
2022-12-01,1487.7745361328125,1500.2193945841989,1483.4610206098562,1494.3688222319875,62424
2022-12-02,1496.9964599609375,1510.2345388994452,1488.2701712647877,1489.4601857490693,73454
2022-12-05,1545.43701171875,1555.849003135527,1497.343527555542,1504.9789395089863,186193
2022-12-06,1552.527099609375,1579.6478338786533,1537.1073877775766,1553.1716756656474,170282
2022-12-07,1531.15771484375,1556.5431178215238,1518.167539984728,1556.5431178215238,54230
2022-12-08,1561.45166015625,1576.6729756805926,1527.0920644956682,1527.0920644956682,82225
2022-12-09,1541.5201416015625,1569.1861929094816,1532.5459483541022,1565.4676246103372,56971
2022-12-12,1518.911376953125,1549.2053653530027,1517.176044875653,1549.2053653530027,33435
2022-12-13,1514.448974609375,1532.0501985735698,1510.333734656204,1519.2582989197392,36520
2022-12-14,1521.4398193359375,1534.0333217810887,1518.7623776263285,1519.2086784348337,38687
2022-12-15,1507.2100830078125,1532.9921570346512,1502.3512505097033,1524.910565283187,32060
2022-12-16,1503.1942138671875,1524.0677065745328,1495.4100343766297,1508.2018136828356,38440
2022-12-19,1480.28759765625,1507.0612872525855,1472.5529277984544,1505.2266968684617,75268
2022-12-20,1483.4112548828125,1495.4099324016704,1469.5782288800278,1485.394491359034,35581
2022-12-21,1464.2235107421875,1495.1620733410127,1460.653709185787,1489.410638966091,49546
2022-12-22,1449.1510009765625,1478.998687455985,1442.8046196771427,1471.5615502411545,44212
2022-12-23,1405.271728515625,1447.7129140070208,1398.1816343165772,1437.8463615312319,86805
2022-12-26,1433.5328369140625,1442.7548133005143,1400.3136280975405,1403.1397156829507,34723
2022-12-27,1447.6138916015625,1476.4204504525285,1437.8464759570772,1443.796185512762,31157
2022-12-28,1454.2578125,1465.6117931962253,1443.3995198882867,1455.6956105629627,23806
2022-12-29,1466.4544677734375,1470.5697072797027,1442.7052616478895,1456.1912441943653,27019
2022-12-30,1477.560791015625,1487.4273439784902,1466.6033611627913,1472.5530705387052,41747
2023-01-02,1478.0069580078125,1486.435712884073,1470.5698213522885,1485.4440946633365,21354
2023-01-03,1476.42041015625,1497.343530646584,1470.2723044882205,1481.3785013173313,27730
2023-01-04,1479.3953857421875,1492.3855614362878,1472.5531951713538,1481.1802260777372,31133
2023-01-05,1461.69482421875,1484.9482220822501,1452.7702606135813,1482.4691766363699,25481
2023-01-06,1445.9776611328125,1466.0579303814898,1438.3422491460017,1464.6201323603202,20738
2023-01-09,1448.010498046875,1468.7353429439806,1441.3667044271,1457.381241757134,19758
2023-01-10,1445.8291015625,1462.6369832220198,1438.8381441729837,1452.4232663779464,23670
2023-01-11,1446.919921875,1456.7369676290912,1437.8465898742922,1446.7711549148914,19659
2023-01-12,1457.9764404296875,1471.3136581963283,1446.9198721333892,1451.7291966971693,29575
2023-01-13,1450.3905029296875,1470.5699107388239,1447.8618278942488,1461.645346209728,19636
2023-01-16,1426.6907958984375,1457.133428580589,1422.9722273600403,1449.745920836501,58720
2023-01-17,1423.86474609375,1440.920532493754,1414.196467635381,1421.9806471078161,33580
2023-01-18,1419.4520263671875,1433.7809840286031,1413.0561364840712,1413.0561364840712,21425
2023-01-19,1416.3284912109375,1432.789331070923,1413.0561023445398,1419.0058122491482,30492
2023-01-20,1409.58544921875,1429.8639955494632,1405.1231667555178,1429.8639955494632,25775
2023-01-23,1362.4835205078125,1413.0560529284082,1358.5170473767853,1410.0315687471386,92475
2023-01-24,1366.2020263671875,1381.076299925894,1358.5169850285226,1368.4331674009934,45175
2023-01-25,1363.9212646484375,1375.3745037801018,1343.6427199870498,1375.3745037801018,44019
2023-01-27,1356.2362060546875,1370.1188612880205,1338.6846117856896,1370.1188612880205,37526
2023-01-30,1324.7523193359375,1362.3346742747406,1318.852239315752,1349.5924042922845,49286
2023-01-31,1364.6156005859375,1374.3830170096548,1324.6038248413006,1328.768573443678,54022
2023-02-01,1364.8634033203125,1413.0560267603946,1342.8990345545715,1380.332624035417,39122
2023-02-02,1469.4791259765625,1493.3771018701,1341.1636987246416,1365.1608122349023,212249
2023-02-03,1477.7095947265625,1526.993098615312,1458.670571109195,1487.4275028305863,287683
2023-02-06,1470.9168701171875,1485.64237655174,1450.6878341140057,1476.569166629024,77666
2023-02-07,1439.2841796875,1481.477582273518,1432.8882907531683,1481.477582273518,42687
2023-02-08,1451.0845947265625,1455.7452732994336,1432.8387940532493,1437.8961441499835,44476
2023-02-09,1480.3372802734375,1522.1340137195307,1451.778747302299,1457.7284568021798,110683
2023-02-10,1479.3941650390625,1504.466117556096,1471.5498467423188,1482.1743484340348,39047
2023-02-13,1434.66162109375,1483.1175565501767,1424.881102575816,1479.3443037529219,38772
2023-02-14,1445.583984375,1459.6342292590934,1412.9656518610136,1434.8105178771361,37345
2023-02-15,1435.3568115234375,1448.6126503001587,1419.9164132314065,1441.4633480812424,21623
2023-02-16,1454.8184814453125,1467.4288785858275,1427.6116690060385,1438.3355610129008,38071
2023-02-17,1428.9027099609375,1454.2228988825639,1421.107966599782,1450.499341688207,26371
2023-02-20,1434.264404296875,1456.6554413301046,1425.8740380027473,1429.8458319804708,27458
2023-02-21,1421.8031005859375,1436.7469040380013,1416.4411539945227,1434.7610068715176,28951
2023-02-22,1398.7666015625,1418.9235060099288,1393.3550803418004,1418.9235060099288,28661
2023-02-23,1398.7666015625,1413.9587631617485,1388.4400334059187,1394.6459619661441,35002
2023-02-24,1391.81591796875,1412.4196001431744,1388.1420568600174,1405.7668934188623,16050
2023-02-27,1376.3260498046875,1398.816360156658,1370.2690875003996,1391.8160239432173,19211
2023-02-28,1368.1341552734375,1382.5816053698738,1361.3821777609621,1378.4111486734957,24501
2023-03-01,1379.0069580078125,1388.4895436821153,1370.2192666066526,1370.517199647536,18616
2023-03-02,1389.5322265625,1413.909040764724,1381.2411304032526,1400.0574569615799,30896
2023-03-03,1390.822998046875,1418.1787793299493,1384.8653066931347,1400.0077722172248,33707
2023-03-06,1437.8887939453125,1447.5700424622144,1395.0927349996862,1397.227598658142,76869
2023-03-08,1458.1448974609375,1465.1948076909218,1414.2069255762617,1435.5056227856971,56363
2023-03-09,1436.3497314453125,1484.358768190712,1429.200429368844,1465.492746292908,54629
2023-03-10,1432.5765380859375,1454.6696435944539,1406.0151640476088,1430.8388781021215,31663
2023-03-13,1408.7457275390625,1443.7471632365086,1390.1279425936123,1438.4844875414465,42368
2023-03-14,1397.525390625,1422.6967333785628,1381.2907060463963,1404.7739635363228,36821
2023-03-15,1382.0849609375,1421.9518651336607,1371.609306388499,1408.6959064626942,24735
2023-03-16,1371.212158203125,1399.0644116165647,1365.3041632170166,1382.085016810463,72981
2023-03-17,1351.8497314453125,1395.0926885309223,1341.5231636722156,1376.6238700634526,67971
2023-03-20,1358.2047119140625,1366.4958084433654,1340.4806037288895,1356.8642555522426,53669
2023-03-21,1343.2110595703125,1374.0917331311314,1340.480451243705,1365.0062302752401,51012
2023-03-22,1342.81396484375,1359.3962785704957,1340.4805599627603,1348.8213521333257,42281
2023-03-23,1334.0760498046875,1356.3179999730683,1329.5580854963703,1342.4664164235194,31917
2023-03-24,1305.9755859375,1351.5022529065666,1295.7978632567476,1337.5017025339764,56791
2023-03-27,1275.29345703125,1315.0113993763478,1271.0734256570834,1315.0113993763478,87522
2023-03-28,1245.5048828125,1310.5927031761032,1242.4267668129512,1280.6055868078272,93463
2023-03-29,1230.064697265625,1264.9667414060673,1226.2914443376937,1243.1715694824231,90965
2023-03-31,1258.95947265625,1268.4420584464647,1218.4471239158647,1236.220926946807,173115
2023-04-03,1313.7701416015625,1322.6074075304218,1265.810801576743,1277.875028934562,79044
2023-04-05,1365.9000244140625,1370.2690223504214,1279.8610068484845,1325.6856074537784,139259
2023-04-06,1384.8653564453125,1389.1350838860353,1357.360728857906,1368.2831633988255,81482
2023-04-10,1392.2628173828125,1402.0433362443089,1363.3183432460596,1389.7804460367709,40515
2023-04-11,1397.773681640625,1418.3277901790789,1370.269054181808,1387.2484508286736,369860
2023-04-12,1436.945556640625,1461.5706086106723,1385.6597384254628,1403.0363385132061,185544
2023-04-13,1451.6907958984375,1463.60617862811,1427.4628267728617,1434.8106703647347,53428
2023-04-17,1414.5047607421875,1447.3216342381827,1405.0220545755521,1447.3216342381827,42802
2023-04-18,1396.6318359375,1422.0015987451318,1392.113871536785,1419.6184979756288,25320
2023-04-19,1403.781005859375,1424.8811624461207,1392.113860452586,1397.0289072678006,39072
2023-04-20,1385.262451171875,1412.1217570278798,1380.198437979469,1407.008047925833,22716
2023-04-21,1372.552734375,1387.6951987169234,1365.502703189168,1386.106384178998,21931
2023-04-24,1368.928466796875,1379.5529672089658,1356.8144224328346,1375.2336654978649,26212
2023-04-25,1412.916015625,1425.874041997439,1362.3253381758261,1382.1843081200802,105825
2023-04-26,1394.695556640625,1421.902372080157,1390.1280173968014,1412.9161389124529,40708
2023-04-27,1394.2982177734375,1402.5397387041492,1390.1278826094222,1395.092625047313,21308
2023-04-28,1433.8177490234375,1447.2225548487952,1395.241720945706,1404.029291633754,102616
2023-05-02,1458.542236328125,1477.3089892843304,1446.6268530174607,1453.6767639010277,92853
2023-05-03,1458.2940673828125,1481.479394250656,1449.8043078930646,1456.6556778590564,69506
2023-05-04,1470.3084716796875,1483.4650391284506,1450.7474349755282,1462.0173760576565,50924
2023-05-05,1453.1304931640625,1475.2235981909957,1443.6974820289674,1471.847670120803,43602
2023-05-08,1492.5506591796875,1504.217804814201,1445.782806027078,1463.5564883664908,117325
2023-05-09,1481.9259033203125,1513.6506798284972,1470.953895395131,1499.0542645174187,78224
2023-05-10,1479.6917724609375,1500.593386392936,1471.7978805498292,1487.4368190680684,45734
2023-05-11,1495.678466796875,1499.352327990917,1476.514511074499,1480.0395269519365,35987
2023-05-12,1494.1392822265625,1497.7635685586022,1475.571193426684,1495.6784009130358,32910
2023-05-15,1524.622802734375,1529.1407671210486,1477.557138428281,1487.4369280177473,115761
2023-05-16,1513.700439453125,1553.914857611442,1509.331562596154,1529.140838612544,72879
2023-05-17,1516.629638671875,1537.829065960725,1484.4580814277863,1517.9203990604362,53344
2023-05-18,1495.72802734375,1563.2982248038359,1485.947508346624,1529.140770366723,289600
2023-05-19,1485.84814453125,1501.3381167318146,1458.641331666029,1497.068389741423,64059
2023-05-22,1489.52197265625,1499.302490824481,1464.8969233747189,1485.8481118083353,48022
2023-05-23,1467.9254150390625,1497.3663627934536,1464.5990617508912,1497.3663627934536,36560
2023-05-24,1455.0667724609375,1473.4363199169577,1452.038231018158,1472.4929461056574,33391
2023-05-25,1437.3922119140625,1459.5350117561775,1425.8740336556862,1450.6977459407783,45193
2023-05-26,1424.136474609375,1447.2225286687565,1419.9164432221762,1439.427906701368,58525
2023-05-29,1418.62548828125,1523.1333189976517,1366.2971502685855,1421.207251375839,5722444
2023-05-30,1402.986572265625,1442.853479853079,1395.3409170941295,1430.838826922356,116333
2023-05-31,1408.7457275390625,1413.6607742808462,1386.7518933482631,1407.0577635211566,118131
2023-06-01,1401.5467529296875,1417.3346577040638,1398.0714333156218,1410.4832890801424,70719
2023-06-02,1399.908447265625,1414.9516415918242,1393.901181442834,1414.9516415918242,66936
2023-06-05,1407.6534423828125,1415.9445379811182,1402.04325920711,1414.9515894972603,111659
2023-06-06,1396.6318359375,1413.9587397064065,1387.2980952958446,1409.986945493748,120725
2023-06-07,1390.0286865234375,1404.6249815895458,1387.6455857835829,1404.6249815895458,157284
2023-06-08,1396.3836669921875,1410.9799629527074,1378.2623550119715,1398.717071964169,125538
2023-06-09,1367.439208984375,1404.0293411943842,1355.8713333811397,1396.631922498643,374302
2023-06-12,1338.693115234375,1364.0133019090626,1330.5509860424065,1364.0133019090626,479686
2023-06-13,1330.8984375,1359.6443679997521,1320.2242416080871,1343.4592596984357,235220
2023-06-14,1358.80029296875,1362.6232415674845,1336.5086481750513,1338.4448492186843,147365
2023-06-15,1353.93505859375,1380.1984995436967,1351.2044500514874,1365.3042711313547,184345
2023-06-16,1374.1910400390625,1390.1279120864388,1358.9990005826958,1363.3183023533431,160346
2023-06-19,1374.935791015625,1386.1561579701151,1368.0348471657064,1374.7869457026713,78324
2023-06-20,1353.7860107421875,1375.9286895926416,1352.3958585986375,1375.2336741256336,85286
2023-06-21,1359.8927001953125,1376.2266549393128,1355.3747359250808,1359.4954965436102,70715
2023-06-22,1353.2398681640625,1365.3042169411224,1336.607980430416,1363.3183198982988,123429
2023-06-23,1337.154296875,1360.2899272290244,1328.068792668294,1354.7791350580746,211417
2023-06-26,1366.1483154296875,1382.184459659747,1335.515875174109,1348.1262739874733,71845
2023-06-27,1377.070556640625,1382.6807397187326,1361.6302807109557,1380.1983685522716,97759
2023-06-28,1383.22705078125,1385.1632520045364,1365.3042806496326,1377.1699675503708,82900
2023-06-30,1386.15625,1395.0927874283668,1373.2479181590259,1384.1703527936963,159802
2023-07-03,1393.05712890625,1407.9513572542676,1390.1279791482896,1407.9513572542676,71556
2023-07-04,1377.864990234375,1398.7664831297716,1373.2477555345974,1398.7664831297716,53264
2023-07-05,1368.7298583984375,1386.156153656371,1365.5027756624895,1384.5674602436582,48681
2023-07-06,1364.6092529296875,1375.1344834117306,1358.3536285250323,1368.2831141136655,63465
2023-07-07,1350.2611083984375,1370.26904661814,1345.4453320054927,1362.325457942093,169400
2023-07-10,1343.955810546875,1360.3394609894488,1334.0263254301638,1350.4099758727373,60566
2023-07-11,1314.6141357421875,1354.3320762754704,1296.9397249305978,1350.1120450938092,117225
2023-07-12,1300.2164306640625,1339.4875943109612,1290.8331153478498,1320.5718759445479,158462
2023-07-13,1288.99609375,1311.6849422795453,1285.8682817956178,1308.110351992908,120711
2023-07-14,1300.514404296875,1313.2241946207382,1290.4359519552424,1299.4717598027412,67261
2023-07-17,1308.7061767578125,1320.6215592472615,1301.8548075844717,1308.4082437117609,101723
2023-07-18,1307.117431640625,1325.5862495269591,1295.8474903902988,1315.3588314775068,69649
2023-07-19,1306.174072265625,1323.6003671435649,1302.3016700345586,1307.0677501687694,65519
2023-07-20,1307.7132568359375,1320.9195212012407,1302.798209935291,1309.4012209084012,129948
2023-07-21,1307.415283203125,1326.479967737452,1302.3016952325097,1310.692061841544,111083
2023-07-24,1301.2093505859375,1317.5930013048896,1298.77667517512,1317.5930013048896,98255
2023-07-25,1287.9534912109375,1310.394103349598,1284.9746456736939,1310.04659561216,100040
2023-07-26,1285.76904296875,1307.7131806805564,1283.3859423155802,1307.7131806805564,147023
2023-07-27,1283.7335205078125,1305.727355335795,1281.8965899152179,1295.4999366923143,98050
2023-07-28,1276.9815673828125,1296.8901136485135,1273.8040592070831,1290.5352185065983,90945
2023-07-31,1291.1309814453125,1325.0400757109667,1287.0597956326944,1289.740829305116,218680
2023-08-01,1291.6275634765625,1311.4865351092924,1288.8472589641628,1297.485863140583,134681
2023-08-02,1297.2872314453125,1316.6497274370336,1289.8401176023428,1295.7481127672847,190273
2023-08-03,1291.465087890625,1313.6587274146846,1278.8753567733288,1300.7206887858492,173520
2023-08-04,1303.3084716796875,1312.6138834140884,1273.8992642876465,1288.8277712910174,131606
2023-08-07,1329.333740234375,1338.539652899401,1307.7870256200067,1312.3650768097789,208533
2023-08-08,1372.0791015625,1385.7635663014773,1318.1373567528492,1336.0018763415599,549650
2023-08-09,1397.0096435546875,1407.2606003421133,1378.3988199956343,1378.3988199956343,364313
2023-08-10,1393.5263671875,1416.1679369340084,1386.5597303424204,1401.2892396959905,246937
2023-08-11,1419.7508544921875,1426.2695631199742,1393.5263461448321,1400.741791339709,232109
2023-08-14,1399.19921875,1433.1366669118086,1388.3013357855912,1421.9900969867836,259532
2023-08-16,1390.4908447265625,1416.665419206532,1384.6189413603813,1396.3129378103251,145772
2023-08-17,1377.8016357421875,1403.279595591396,1375.4130504307159,1391.2372914446582,95925
2023-08-18,1368.6455078125,1387.1569541519266,1364.4655743420833,1377.403614069616,114919
2023-08-21,1362.126708984375,1388.052475521437,1359.4893152244906,1369.7899603357032,107955
2023-08-22,1403.2298583984375,1415.5210931128206,1366.4560178038512,1367.1526328737546,226972
2023-08-23,1397.3082275390625,1416.1678590803192,1388.251624436046,1412.9333492943492,135848
2023-08-24,1395.21826171875,1418.2081377594668,1393.327293237371,1404.274864827093,90622
2023-08-25,1389.2469482421875,1407.8577725443863,1377.503140278245,1395.2183513109367,64744
2023-08-28,1389.1473388671875,1400.642215968816,1385.4152122455232,1389.2468379460659,51989
2023-08-29,1395.765625,1432.0916595012172,1390.739767092249,1392.33211690967,222914
2023-08-30,1415.6702880859375,1428.1107107429848,1403.2796757149197,1403.2796757149197,131637
2023-08-31,1410.99267578125,1426.8666057989428,1396.3129776907733,1420.99482375355,115382
2023-09-01,1405.41943359375,1422.1890988096557,1401.2891890300875,1417.909544878439,78848
2023-09-04,1430.6485595703125,1467.4722094514266,1408.9524145584728,1409.9476483390436,373430
2023-09-05,1453.041259765625,1461.6002456281894,1437.0677096502013,1438.1127536721426,143291
2023-09-06,1459.65966796875,1484.888820343781,1455.031806529898,1458.0175079112864,183569
2023-09-07,1464.1383056640625,1477.5739626660309,1458.067403464578,1465.6808452415544,87611
2023-09-08,1451.150390625,1479.8131728804885,1446.0747225037267,1469.6617151494397,133074
2023-09-11,1476.130859375,1526.5394802805106,1462.9938206017364,1467.9699900595654,532010
2023-09-12,1426.020751953125,1506.7840005888613,1419.2034245969064,1485.8840904089632,310950
2023-09-13,1442.939697265625,1457.0222798004677,1413.7794198867625,1423.8312569456093,154934
2023-09-14,1455.828125,1467.3728133672516,1449.0604862216937,1449.7571013215897,115465
2023-09-15,1449.9560546875,1487.1778207221596,1424.1794766200876,1465.6806748276656,206898
2023-09-18,1439.9541015625,1447.4681658818868,1433.5348916917198,1447.4681658818868,70171
2023-09-20,1431.9425048828125,1458.0175830282565,1425.2246764285867,1438.4612136749204,90150
2023-09-21,1415.123046875,1445.8259870941488,1411.241610531408,1427.2151625464369,88153
2023-09-22,1398.9005126953125,1433.8331924730655,1394.3224618150316,1419.1038060978797,127187
2023-09-25,1405.31982421875,1414.5754249302,1389.3462744026072,1400.9904603419602,78638
2023-09-26,1414.127685546875,1419.1038543879235,1405.41939007504,1409.8979420319836,63044
2023-09-27,1420.04931640625,1424.1795609540964,1386.3606767358883,1415.620574612939,46551
2023-09-28,1405.5189208984375,1425.2742873458847,1393.4268060438842,1422.8857019505347,106719
2023-09-29,1402.5333251953125,1415.8694832929912,1398.3533915549026,1413.232089251264,41786
2023-10-03,1401.139892578125,1413.1325085623482,1395.3177990978493,1402.2844357552567,42159
2023-10-04,1406.265380859375,1417.2129528264331,1393.3273412619426,1395.8154257999104,47283
2023-10-05,1402.732177734375,1415.8693362903575,1399.2986698497014,1411.9380900360177,35669
2023-10-06,1403.4786376953125,1431.0963752818727,1393.3273016643009,1403.2298292485866,102303
2023-10-09,1374.4676513671875,1391.336815231136,1369.2923628523422,1385.365412590659,82153
2023-10-10,1368.5458984375,1392.0333905215557,1365.5105084083782,1373.422568085648,52940
2023-10-11,1382.2801513671875,1396.4622320142753,1374.069473097821,1378.3987155239704,55734
2023-10-12,1387.2066650390625,1407.0616530609593,1384.3702728897931,1384.4200831772478,57208
2023-10-13,1388.3013916015625,1396.61169132697,1379.9415245659397,1383.3750327063917,28131
2023-10-16,1371.0340576171875,1392.9790114871403,1368.4464740367093,1388.3013397373325,57483
2023-10-17,1361.2808837890625,1388.69950296321,1355.5084789689763,1377.403623269503,132091
2023-10-18,1369.3421630859375,1377.4035322937143,1348.6412521554887,1358.444280453955,97466
2023-10-19,1364.1171875,1371.5814407550376,1354.5131573474855,1366.5057728393115,40212
2023-10-20,1349.188720703125,1370.2379397996115,1345.0584761493983,1363.4703013871074,47305
2023-10-23,1325.0045166015625,1355.4586470727186,1315.3009868957993,1353.4681794407672,72030
2023-10-25,1324.3575439453125,1343.5157942319352,1305.8462199141197,1325.054280485198,71449
2023-10-26,1307.7371826171875,1321.670455491343,1283.8515719757777,1318.7842532411398,84420
2023-10-27,1315.5001220703125,1342.2221260467843,1310.324833273087,1310.3746435598746,59152
2023-10-30,1298.08349609375,1318.336479659725,1289.4746994117359,1318.336479659725,72957
2023-10-31,1297.98388671875,1306.4433741057844,1291.8632959765798,1298.7801223623424,54504
2023-11-01,1338.88818359375,1343.515923931926,1289.1761785344597,1300.4720587429877,98430
2023-11-02,1367.1527099609375,1388.251740764354,1330.0305597382596,1343.565715986795,331411
2023-11-03,1335.106201171875,1367.4513010884505,1318.784341839348,1333.6631606940764,179305
2023-11-06,1380.737548828125,1390.3415790224362,1332.6678305495816,1338.5396126116343,133135
2023-11-07,1357.99658203125,1387.5549786438562,1343.5656912731313,1378.4486861493658,73192
2023-11-08,1366.107666015625,1372.4273761913228,1343.565596706516,1363.4702722132793,75720
2023-11-09,1368.7947998046875,1382.379765643812,1354.513218892173,1375.1643205027626,68116
2023-11-10,1364.465576171875,1374.5672238088498,1355.5084717331101,1355.558282019838,58826
2023-11-13,1380.289794921875,1388.3511644824598,1363.4703192408388,1378.9959423739099,59199
2023-11-15,1366.2569580078125,1390.2420673907945,1364.465488639583,1388.0524802197922,51859
2023-11-16,1354.3638916015625,1369.0934004279281,1349.5370319722233,1366.4560065618457,60259
2023-11-17,1358.245361328125,1375.8112626197378,1350.532299191988,1354.3639251167554,53040
2023-11-20,1335.2554931640625,1366.5058597435834,1333.61333304582,1358.2453703539425,93728
2023-11-21,1333.06591796875,1342.5206394457439,1331.6726877839976,1338.5895143743962,43820
2023-11-22,1342.12255859375,1346.8001087503378,1333.6132612048423,1338.589430089935,38277
2023-11-23,1343.1676025390625,1355.3095286089674,1338.0919341153153,1343.5657203835447,41973
2023-11-24,1337.843017578125,1354.413684421985,1335.6037415583735,1345.5062691392077,60537
2023-11-28,1337.4449462890625,1347.4967835852349,1331.6228527328863,1339.5847233022907,67459
2023-11-29,1338.440185546875,1344.560897869667,1334.608559617486,1340.7292719402783,46485
2023-11-30,1357.25,1442.0936755270393,1331.7222305144005,1344.5109596539155,541050
2023-12-01,1437.9635009765625,1448.0651481289071,1361.5793084549862,1366.4559782687213,1019926
2023-12-04,1424.8760986328125,1467.7209597854317,1419.3028139799783,1454.1858052032649,288524
2023-12-05,1402.4833984375,1448.015344010701,1398.452774509365,1425.1747772857736,143528
2023-12-06,1423.0350341796875,1442.989520598966,1404.4738993874575,1404.4738993874575,165946
2023-12-07,1423.134521484375,1439.8046876082508,1414.4760360333441,1428.1605007618991,105073
2023-12-08,1409.151611328125,1432.8381037089282,1404.2749412387375,1425.174851774537,66405
2023-12-11,1394.6708984375,1419.7010534711271,1389.9435377617287,1412.0874904008683,80407
2023-12-12,1451.2996826171875,1463.5411069000154,1399.1992177086404,1404.1753866872696,468563
2023-12-13,1497.9761962890625,1503.8481000770125,1441.1483699268906,1456.7236818924284,467871
2023-12-14,1502.952392578125,1517.731590654999,1500.2651883441904,1512.7554215053106,183419
2023-12-15,1472.8465576171875,1541.6171904263024,1464.9841861249304,1517.0846524139417,391539
2023-12-18,1519.52294921875,1531.6647524622335,1469.3631435538666,1482.898298355249,298977
2023-12-19,1507.8291015625,1536.5912627993027,1487.37699723397,1527.3853496347567,166377
2023-12-20,1441.0986328125,1514.8454377215705,1438.1129312251812,1508.7247251698655,182125
2023-12-21,1464.3870849609375,1469.8608710379035,1421.1939123468137,1433.1367183329214,124690
2023-12-22,1509.7696533203125,1517.5325254462978,1462.5955475675153,1477.6235534380005,203318
2023-12-26,1536.2427978515625,1557.540824477581,1517.7314743311892,1532.5604815584193,453893
2023-12-27,1538.18359375,1584.113534803766,1530.669530230518,1553.8585255452736,480524
2023-12-28,1527.9327392578125,1554.3064357830247,1519.4234414061627,1538.1836963139572,135025
2023-12-29,1541.7166748046875,1551.0718969408506,1517.73156421867,1538.5816639972893,194448
2024-01-01,1583.615966796875,1614.2692162935334,1549.5292093011578,1549.5790195863326,488216
2024-01-02,1567.2445068359375,1611.7314113794878,1563.0147629692585,1593.3693954242488,322107
2024-01-03,1563.0645751953125,1582.2725156500023,1555.550511015669,1567.2445087792223,118458
2024-01-04,1560.526611328125,1580.4312874930245,1555.5504422869,1569.4837156023298,90087
2024-01-05,1564.0595703125,1580.431116087151,1552.5645724785613,1566.497844282856,106308
2024-01-08,1521.1650390625,1573.7632421008711,1507.679694089288,1568.4884544138508,149689
2024-01-09,1494.7913818359375,1545.1004998466349,1485.884087775218,1530.669609509903,134992
2024-01-10,1490.26318359375,1509.7199323676941,1477.3251436105468,1501.5092531475843,112881
2024-01-11,1522.060791015625,1532.5605562236751,1485.8840666052863,1493.7961267369535,118455
2024-01-12,1515.3428955078125,1545.4487166848232,1508.1274507629091,1527.6838184036912,92007
2024-01-15,1515.3428955078125,1515.3428955078125,1515.3428955078125,1515.3428955078125,0
2024-01-16,1497.3292236328125,1514.7458148016888,1476.976741405154,1498.8220743044305,106195
2024-01-17,1466.9747314453125,1503.698885722887,1463.043606235283,1481.9032395672118,113968
2024-01-18,1479.8131103515625,1486.829435505865,1431.146154916575,1474.9364406024783,101337
2024-01-19,1491.85546875,1497.2794443738708,1479.8628528441009,1487.7750344607255,51107
2024-01-23,1438.0133056640625,1482.400707727315,1434.1318696442167,1477.8723454560788,96982
2024-01-24,1436.3712158203125,1447.667095419761,1418.2081985407553,1433.1865161803944,57192
2024-01-25,1435.1270751953125,1457.320836534716,1428.1604389079566,1432.0915636461377,58366
2024-01-29,1419.1038818359375,1446.5723100721148,1412.3362434858143,1435.1769318011054,76830
2024-01-30,1398.0050048828125,1431.6937694476082,1394.3226880636312,1424.7271321767694,89887
2024-01-31,1486.431640625,1499.8174879907597,1394.3226945421727,1395.3179284426312,333297
2024-02-01,1471.4034423828125,1496.7819056517392,1455.0318940851237,1488.8698451103592,69802
2024-02-02,1454.484375,1491.8554524407298,1448.8614012726612,1481.9031145325196,72332
2024-02-05,1393.3272705078125,1453.0412963867188,1387.3558679199218,1451.050828857422,222174
2024-02-06,1397.955078125,1413.2318915279739,1389.1472839438093,1403.229743981974,90278
2024-02-07,1401.5379638671875,1418.0588202371216,1393.3770955062855,1393.3770955062855,68272
2024-02-08,1365.560302734375,1406.962005427808,1363.470336006081,1402.2844550602688,127592
2024-02-09,1399.0,1420.89514197133,1374.5172746388475,1388.8486645905075,196945
2024-02-12,1390.578369140625,1425.2120178255466,1381.409221606664,1425.2120178255466,87968
2024-02-13,1391.325927734375,1401.7408904915296,1371.3928915204156,1395.2128941284168,60199
2024-02-14,1377.2232666015625,1390.279380859708,1368.7019667016905,1375.5290072048433,105861
2024-02-15,1386.2430419921875,1409.8138818882833,1381.06037952666,1395.3125492298618,65908
2024-02-16,1387.6881103515625,1404.2325059106156,1382.5055696526388,1399.2492469071901,71213
2024-02-19,1396.9071044921875,1419.2321286002405,1393.070019488052,1409.1659699979648,114072
2024-02-20,1401.7408447265625,1410.1626252489593,1397.1562708793515,1410.1626252489593,84892
2024-02-21,1460.69287109375,1472.104607336225,1407.720802962375,1418.0860061377834,276292
2024-02-22,1447.138427734375,1475.5928855669317,1421.37500278506,1473.4998194372113,149889
2024-02-23,1463.0848388671875,1469.8621197554617,1451.3242989909463,1455.0617432319218,180134
2024-02-26,1460.59326171875,1478.333713016344,1440.161899135854,1463.334054260358,104863
2024-02-27,1456.158203125,1470.0614474720446,1447.1883366658485,1459.496962419142,73771
2024-02-28,1414.946533203125,1464.7791239570788,1403.2857556313393,1459.4969423341188,68388
2024-02-29,1408.6676025390625,1418.5344791596547,1397.3057482990348,1404.3321917750177,62918
2024-03-01,1395.8109130859375,1414.0994501639184,1393.0701205040123,1409.9633206625106,75346
2024-03-04,1385.196533203125,1418.0362842738296,1382.4059810526962,1414.946566245653,74596
2024-03-05,1402.5382080078125,1421.2753100109092,1380.5122281497083,1387.737953506295,193573
2024-03-06,1374.5821533203125,1401.9403190119413,1361.4263978476256,1401.9403190119413,102690
2024-03-07,1370.6453857421875,1396.2095287033285,1366.4594968535687,1382.3061631187659,70821
2024-03-11,1339.3006591796875,1373.9840667943754,1335.513333896539,1370.446026108245,103414
2024-03-12,1332.0750732421875,1349.665880992247,1309.6005254535155,1339.3007991246363,110285
2024-03-13,1285.830322265625,1342.1909076015197,1280.6975412504735,1335.4635080657683,125540
2024-03-14,1297.092529296875,1317.5737739176502,1272.923721416767,1285.8304361476435,185968
2024-03-15,1294.8997802734375,1328.5367766823108,1292.2586288156822,1304.6171347915565,139567
2024-03-18,1283.3387451171875,1309.450974233438,1275.7642155894018,1305.6138890445204,116183
2024-03-19,1299.9827880859375,1310.5971543910825,1281.74413262255,1283.687555023357,84913
2024-03-20,1296.4447021484375,1322.5569304835496,1275.71429617102,1300.6305910181102,86002
2024-03-21,1292.5078125,1313.4873807430927,1290.6640310736418,1295.6472898808759,80543
2024-03-22,1302.9229736328125,1318.4208364449673,1293.65406303732,1295.6473666783636,87200
2024-03-26,1309.650390625,1314.3844868346662,1285.7307466182663,1302.922990748106,177336
2024-03-27,1343.73583984375,1350.961565665272,1302.8232332517325,1318.3710992452543,242499
2024-03-28,1324.8990478515625,1355.4464498966256,1311.7432927377927,1351.4598426910472,226251
2024-04-01,1343.1378173828125,1350.2639020574395,1325.5468888488524,1325.5468888488524,97294
2024-04-02,1324.001953125,1368.4028367324097,1321.5602050307177,1360.3797415741865,171376
2024-04-03,1338.6529541015625,1355.3468725571593,1322.0586764984546,1323.5536542705977,88048
2024-04-04,1331.4769287109375,1354.8484865085675,1329.5335063580367,1345.479935219902,100974
2024-04-05,1344.283935546875,1348.9681501298264,1332.5233961755287,1334.5166996851406,90070
2024-04-08,1330.4803466796875,1353.154176406706,1326.4439796593122,1345.4800057791258,124422
2024-04-09,1320.9124755859375,1335.4138083444475,1316.5770644675129,1330.4803088000883,86655
2024-04-10,1355.7952880859375,1364.4163507190021,1317.8228778219143,1323.5536258252994,215959
2024-04-12,1353.9515380859375,1384.3494195078154,1348.4699529115005,1353.4532121609886,149287
2024-04-15,1314.08544921875,1345.1809379190126,1304.8165384549554,1310.5971677835846,161467
2024-04-16,1330.7294921875,1339.8488808838088,1309.4509996705146,1309.5008809273083,58175
2024-04-18,1308.9525146484375,1338.503262535618,1304.3180598092022,1334.815699829157,73323
2024-04-19,1293.4049072265625,1317.9723990704485,1287.8236813331312,1305.3148478829455,157706
2024-04-22,1300.4312744140625,1312.4907364640003,1295.6971785202015,1296.5443081899423,70111
2024-04-23,1295.8466796875,1312.4908384893226,1292.8069645584237,1305.6139164292451,117856
2024-04-24,1295.398193359375,1315.5803925634739,1293.654052687416,1305.464352333791,108467
2024-04-25,1308.3048095703125,1314.4342426617893,1296.544390964338,1296.544390964338,57308
2024-04-26,1308.553955078125,1319.4673654763435,1295.3483184966926,1318.5703545083038,101345
2024-04-29,1318.7198486328125,1328.5368444942428,1306.7101458225209,1328.5368444942428,87408
2024-04-30,1316.2779541015625,1339.4999891858658,1313.5870429664963,1319.4673127870567,158384
2024-05-02,1306.5108642578125,1324.4007153388927,1301.6272461230408,1324.4007153388927,68467
2024-05-03,1298.4381103515625,1324.550340790541,1295.647436439205,1310.4975736968677,65366
2024-05-06,1299.4844970703125,1313.537263896313,1298.537726472514,1311.5938414433142,46223
2024-05-07,1297.092529296875,1305.613951461514,1288.7207509068642,1305.5640702033047,52258
2024-05-08,1289.3682861328125,1303.6204544446637,1285.6807234201958,1303.6204544446637,49262
2024-05-09,1286.3287353515625,1299.0858060427008,1282.690931764432,1295.6474058226586,49624
2024-05-10,1288.421630859375,1295.647356501402,1280.1493721493807,1295.647356501402,40317
2024-05-13,1274.4185791015625,1292.5078331937598,1272.923601435457,1286.7273258817743,80902
2024-05-14,1282.9400634765625,1295.547733412284,1271.7277304300592,1274.7176859091269,79282
2024-05-15,1323.1051025390625,1332.025087193077,1288.2222906784132,1296.594068195695,221241
2024-05-16,1345.72900390625,1357.4895430327213,1330.330783279753,1332.4237275889484,244355
2024-05-17,1341.3438720703125,1355.4964013803237,1328.5369200911764,1354.4498682699991,81435
2024-05-21,1330.4305419921875,1335.3141602540402,1315.5804055067983,1334.1181050702562,75389
2024-05-22,1389.8309326171875,1393.319213910956,1330.5301506231233,1331.5268024213428,375361
2024-05-23,1407.820556640625,1416.6409007877132,1389.8309428852165,1400.146264740679,203130
2024-05-24,1367.3563232421875,1409.2655781014244,1363.6188791701363,1408.4184484440775,113085
2024-05-27,1368.9012451171875,1383.9506629408709,1337.008387568043,1367.3563861650123,134955
2024-05-28,1353.9014892578125,1373.4857200167016,1347.6724159669184,1368.751624315622,68503
2024-05-29,1334.9652099609375,1351.958171880693,1330.530158098581,1351.958171880693,41660
2024-05-30,1328.337646484375,1340.4967505008565,1320.5637133186876,1333.5700687446943,48056
2024-05-31,1302.02587890625,1334.5167018328955,1296.6439350893181,1329.5833243033028,70591
2024-06-03,1299.28515625,1337.506728825626,1296.7436454702301,1337.506728825626,86796
2024-06-04,1274.06982421875,1309.6004857794076,1238.8382068674302,1301.4777491494453,156441
2024-06-05,1294.3515625,1308.7532531001943,1265.7477063056035,1278.704178889834,74551
2024-06-06,1298.1390380859375,1316.5770973600947,1295.099201270692,1295.099201270692,109605
2024-06-07,1315.7796630859375,1324.550247626508,1298.836582416524,1300.7302451766013,213183
2024-06-10,1320.015380859375,1344.4832303430799,1314.0853515250933,1328.5368021106935,114185
2024-06-11,1365.9112548828125,1383.3526609101377,1326.8425540462413,1342.838742005775,244705
2024-06-12,1371.4925537109375,1388.2363530558525,1358.2371574193462,1368.4029573820162,114998
2024-06-13,1366.2103271484375,1382.7048413333496,1358.4363944947609,1371.8911937065577,62002
2024-06-14,1345.72900390625,1375.3793929943529,1343.4865375046286,1374.3827412602989,99630
2024-06-18,1358.9346923828125,1366.8580253129264,1334.5167239461578,1355.446411177576,97191
2024-06-19,1389.4322509765625,1405.229157684804,1356.243819011333,1359.4330561088263,357661
2024-06-20,1438.7664794921875,1460.34401477477,1397.3057899431683,1403.2857005991307,662404
2024-06-21,1447.736328125,1480.0278696125004,1435.1785402303033,1475.0446107922562,304882
2024-06-24,1460.3939208984375,1474.04800179744,1410.8104941983547,1440.1618408365794,272633
2024-06-25,1456.0584716796875,1465.6761863650815,1429.198752985227,1460.3940045567283,153327
2024-06-26,1426.6571044921875,1455.1115607314002,1424.2153563597062,1455.1115607314002,93582
2024-06-27,1406.72412109375,1440.610281972127,1393.4687252765186,1426.65715690456,122569
2024-06-28,1425.81005859375,1443.8494320672196,1398.3024929017724,1407.6211630160897,92351
2024-07-01,1472.90185546875,1494.9777174284295,1441.2581604498482,1449.1317340939577,338517
2024-07-02,1510.326171875,1544.8103000469544,1469.2142848576214,1482.0212362385944,542992
2024-07-03,1492.9344482421875,1526.8704891760435,1487.2037006490007,1519.5948826974482,142384
2024-07-04,1476.9881591796875,1507.8346069077681,1462.1879035521658,1497.9178480117878,127160
2024-07-05,1505.2432861328125,1520.3923450689915,1470.0614283689038,1476.9881098243752,220338
2024-07-08,1507.58544921875,1514.8609347460144,1475.0946231552107,1508.930904887485,146284
2024-07-09,1483.26708984375,1512.8676006068667,1475.0447122249286,1507.9342227002141,92826
2024-07-10,1454.114990234375,1488.997803571046,1441.4076796617305,1488.997803571046,111929
2024-07-11,1496.771728515625,1499.5622805709922,1435.228479593799,1456.008645383262,164258
2024-07-12,1488.4495849609375,1524.877256986931,1482.0212295029844,1513.764565062844,168832
2024-07-15,1472.80224609375,1488.4496312059136,1459.1481646474213,1488.4496312059136,73270
2024-07-16,1471.25732421875,1494.7784037997862,1465.0781317833496,1472.8021831583978,59992
2024-07-18,1474.147705078125,1495.7252416420292,1436.2749353413953,1470.061456886219,131914
2024-07-19,1454.114990234375,1475.14431908502,1427.5044355821822,1474.1476672754009,113784
2024-07-22,1446.9390869140625,1474.1974884641809,1419.2321190709338,1435.1785473751015,165567
2024-07-23,1457.0550537109375,1483.7653706772728,1396.508456721084,1446.9391352468485,120336
2024-07-24,1471.357177734375,1476.689240810117,1446.1418372147828,1457.0551263292607,73217
2024-07-25,1514.412353515625,1564.5439858471498,1449.3309447426827,1469.064698309991,632885
2024-07-26,1525.4254150390625,1549.5942204584082,1510.6250389272195,1521.8373713382564,299178
2024-07-29,1510.5255126953125,1541.2224382011061,1500.3597125359354,1541.2224382011061,105611
2024-07-30,1577.9989013671875,1588.6630273529086,1510.9241841072833,1510.9241841072833,444173
2024-07-31,1616.1705322265625,1650.3058563275379,1563.0988239527833,1584.6763597241134,946965
2024-08-01,1556.820068359375,1684.3416236894468,1542.119453596405,1636.0040090451046,1115617
2024-08-02,1644.276123046875,1654.3920410861188,1512.96725360824,1554.1787795703244,1151372
2024-08-05,1585.1248779296875,1683.1456841970385,1564.6935151108728,1596.2375703317534,888934
2024-08-06,1546.4547119140625,1639.3924875831874,1540.0262351308793,1614.5758346807759,304027
2024-08-07,1583.9288330078125,1606.7023017283354,1550.241954356915,1564.89280844257,214743
2024-08-08,1585.423828125,1628.9277029037476,1574.7597026824951,1584.0783725466047,211946
2024-08-09,1599.1278076171875,1606.2538922950741,1576.6035013467344,1606.2538922950741,132964
2024-08-12,1630.8212890625,1658.9767006870431,1574.9589104312934,1586.6695683636253,287492
2024-08-13,1588.1646728515625,1644.4755005993588,1579.194806484657,1642.0835119025307,291385
2024-08-14,1584.975341796875,1609.5925915918788,1555.7733965788996,1586.4204381835127,162908
2024-08-16,1572.068603515625,1601.370189111283,1567.7830740148795,1598.6293968162427,128393
2024-08-19,1548.9962158203125,1582.6830961279786,1546.4049454108613,1575.7065333616715,131436
2024-08-20,1559.660400390625,1579.8923585994855,1550.0426863471662,1551.7868269683574,107765
2024-08-21,1559.4610595703125,1576.753066037367,1552.0859334056709,1564.7433628995175,118539
2024-08-22,1558.015869140625,1617.4162899071591,1550.2918179742474,1566.7365720704063,294934
2024-08-23,1544.710693359375,1575.955703851236,1537.8337714102495,1560.7567634662676,132405
2024-08-26,1511.771240234375,1550.840063319353,1505.4924069671858,1544.7106304910817,195914
2024-08-27,1522.634765625,1550.192211832319,1510.6250629425049,1511.472314289638,163525
2024-08-28,1509.030517578125,1542.7173982331049,1504.9442693909068,1537.8836611703614,112527
2024-08-29,1474.52783203125,1518.9668868248668,1468.0367341400474,1512.0263320916258,231834
2024-08-30,1491.45458984375,1511.5770179641497,1474.9771872776823,1474.9771872776823,156580
2024-09-02,1471.08251953125,1507.9320082186773,1460.297383607725,1491.5045857645684,138426
2024-09-03,1476.8746337890625,1495.9484514800436,1467.9867981813513,1471.1325085580809,84110
2024-09-04,1504.48681640625,1523.3109767988517,1462.1448591670069,1473.0299559098726,152583
2024-09-05,1500.0927734375,1534.8450403862767,1494.9498021756415,1517.9183028102705,113666
2024-09-06,1512.8253173828125,1516.8198392469676,1480.0701893354865,1500.0927789408177,142132
2024-09-09,1534.14599609375,1536.892229772681,1474.1283317093737,1513.9237299125305,153573
2024-09-10,1576.7874755859375,1582.230084595127,1534.3956624082182,1545.8799124034635,291767
2024-09-11,1560.4599609375,1591.1678481437796,1550.3738174877717,1582.6296306965971,166033
2024-09-12,1569.797119140625,1577.4866469043725,1546.379283371646,1563.3060210832043,112832
2024-09-13,1571.04541015625,1590.269046746742,1556.4155712605386,1569.8471023508237,140458
2024-09-16,1588.221923828125,1599.5563552817093,1558.113190777766,1592.6159222766396,187400
2024-09-17,1576.1883544921875,1591.8169454957806,1564.8539232069563,1591.8169454957806,123595
2024-09-18,1559.11181640625,1585.825181395116,1551.0229340052013,1585.1760472110216,118984
2024-09-19,1547.8272705078125,1572.843012902855,1511.9265533555063,1561.70825862136,137924
2024-09-20,1545.979736328125,1567.6500896892253,1533.9961712299369,1539.8881151171718,113782
2024-09-23,1535.394287109375,1553.4694735233377,1529.4025045255337,1552.8203393627957,120421
2024-09-24,1519.4661865234375,1541.3360955186245,1513.2247463072017,1535.3942931940196,127551
2024-09-25,1527.8546142578125,1538.8895295352002,1510.328722932889,1516.919659548325,211640
2024-09-26,1555.167236328125,1566.8511637400782,1512.9251198637467,1528.8033682746259,142355
2024-09-27,1535.1446533203125,1567.1508078801767,1531.000312588228,1557.8634959698732,100041
2024-09-30,1574.3409423828125,1583.6282545529848,1536.4928230346572,1548.1268924382841,212478
2024-10-01,1624.671875,1635.4071521492767,1563.8552572806811,1586.8237572279709,528940
2024-10-03,1592.066650390625,1641.6985367238756,1579.4839306627862,1614.6356749664528,529625
2024-10-04,1576.43798828125,1611.9393491862556,1544.8812907563172,1581.9304557015214,268306
2024-10-07,1503.5379638671875,1578.9845422592325,1479.9703098985517,1564.5542592806246,239543
2024-10-08,1539.189208984375,1546.8786149261107,1479.9703727052913,1479.9703727052913,104982
2024-10-09,1556.1658935546875,1568.8484516270846,1536.6426193132886,1539.1891757458648,191680
2024-10-10,1557.3642578125,1577.8361829713049,1542.234981424268,1556.1659499790928,201663
2024-10-11,1566.40185546875,1577.8361254648214,1539.8381877327226,1557.3642010521448,72750
2024-10-14,1585.27587890625,1593.8142181217265,1549.425142825642,1572.8429784095986,178644
2024-10-15,1613.1376953125,1618.779981813575,1585.5255386079098,1585.5255386079098,175998
2024-10-16,1612.388671875,1625.770344050637,1597.7088532790376,1607.7949962662935,250150
2024-10-17,1597.2095947265625,1637.7539673423378,1582.779311323648,1609.7923142413708,287681
2024-10-18,1608.3443603515625,1626.7690438549646,1557.9633797434556,1574.8902394374181,148226
2024-10-21,1588.72119140625,1637.7539216305383,1568.8984015525064,1605.3982709933089,194562
2024-10-22,1504.986083984375,1587.7724516222797,1494.7501217661095,1582.8292796049557,154765
2024-10-23,1521.4134521484375,1546.8785279802623,1488.0591715802452,1499.643260127038,107619
2024-10-24,1514.5728759765625,1537.8908722894157,1494.9997438007777,1520.914154868039,106950
2024-10-25,1488.1092529296875,1513.9738070686751,1461.0962493435818,1507.9820241130703,330199
2024-10-28,1463.8424072265625,1491.105067020919,1454.2555793757672,1487.9093764685672,73146
2024-10-29,1460.8465576171875,1482.6666089905016,1443.0210281210252,1458.0504654450615,123248
2024-10-30,1497.6461181640625,1515.6214672369808,1458.000535914492,1458.000535914492,106207
2024-10-31,1524.50927734375,1527.904645380779,1489.5572102925557,1498.7945422989428,176635
2024-11-01,1531.150146484375,1551.022916937096,1511.9764904926521,1532.8977497821722,23124
2024-11-04,1500.5421142578125,1543.7828622091658,1492.9525470946803,1543.7828622091658,52957
2024-11-05,1506.6837158203125,1512.7753372832676,1490.405990460636,1500.542114072796,51433
2024-11-06,1542.4346923828125,1545.7800799708066,1504.8860903766918,1512.5756178942038,106603
2024-11-07,1481.568115234375,1583.0289448473347,1472.9799177218433,1542.6843720810516,330057
2024-11-08,1477.723388671875,1493.3519793864864,1451.1098631538237,1483.5154939658498,193317
2024-11-11,1391.591552734375,1477.7234303255768,1387.09771564266,1477.7234303255768,164733
2024-11-12,1359.335693359375,1404.573700626404,1353.5437100038237,1393.8384234975495,77153
2024-11-13,1306.8577880859375,1364.8781939741211,1303.21276249221,1358.137438306058,144625
2024-11-14,1296.8714599609375,1336.3672211679605,1288.482939789394,1308.2058912025625,123160
2024-11-18,1282.0916748046875,1309.6039923765918,1279.0459250836807,1309.2045158172266,81259
2024-11-19,1288.9822998046875,1312.1504783186367,1283.2401745101868,1283.7394897531867,52234
2024-11-21,1275.301025390625,1296.3221225694472,1266.2633713371022,1290.430178716512,120277
2024-11-22,1297.5206298828125,1303.2127748507921,1267.8113731381297,1275.3011017292263,75488
2024-11-25,1287.484375,1328.128587679505,1282.291545149659,1311.551345723115,178266
2024-11-26,1290.38037109375,1309.0048535219714,1286.2860105952805,1292.4774706755875,164614
2024-11-27,1297.0711669921875,1312.749738578502,1283.3399979723806,1290.480230243307,100862
2024-11-28,1281.94189453125,1308.20592483694,1279.3454796717424,1297.2209895902176,194652
2024-11-29,1282.441162109375,1304.4610120695813,1276.7989976466592,1290.43020562827,145922
2024-12-02,1275.500732421875,1292.2277923303238,1272.1053645374443,1292.2277923303238,106499
2024-12-03,1287.1348876953125,1314.4973880281648,1279.245682291963,1290.6799528611082,261908
2024-12-04,1285.38720703125,1308.2058884141843,1282.2414967357347,1300.9658176576934,130208
2024-12-05,1286.18603515625,1300.2168416946217,1280.2442327592205,1299.2681915314424,127289
2024-12-06,1290.879638671875,1296.3721059898667,1282.7407763564074,1288.7325588851256,88447
2024-12-09,1287.1846923828125,1307.2072820183732,1284.3886002155623,1297.2209773429083,207746
2024-12-10,1396.385009765625,1404.0744154846225,1288.2332830548812,1297.220957122706,1358035
2024-12-11,1437.62841796875,1443.6701811480464,1376.1128046384006,1411.7638640960079,552639
2024-12-12,1408.867919921875,1449.0128161710106,1398.1825007200155,1448.0141856981154,215256
2024-12-13,1422.64892578125,1429.0401850917067,1388.1463166066244,1399.0812713581279,154103
2024-12-16,1436.979248046875,1444.5189567621924,1385.3001218716634,1423.0484019261141,166210
2024-12-17,1420.3021240234375,1447.9142796955014,1410.0661621522895,1432.0360315342657,195157
2024-12-18,1469.13525390625,1475.9758483083783,1414.1107388810638,1420.0525414712545,235935
2024-12-19,1479.9703369140625,1484.963489197848,1428.0415531626918,1451.259711282295,241483
2024-12-20,1449.062744140625,1504.936068320675,1434.2829649141138,1486.9107401744277,202460
2024-12-23,1451.4593505859375,1459.248716705824,1410.1161482818393,1429.139984842782,154365
2024-12-24,1428.3411865234375,1466.7884589864482,1423.048396358186,1449.012788151388,79029
2024-12-26,1400.978759765625,1428.5409373214334,1383.7523835553525,1422.9984892577427,93837
2024-12-27,1420.601806640625,1432.3855729019137,1386.298752889406,1398.3822789524481,89784
2024-12-30,1393.1893310546875,1423.4478827689115,1385.1504289895895,1403.0757969942056,57917
2024-12-31,1421.1510009765625,1431.9362588403792,1390.4431139484313,1393.1893477476951,96667
2025-01-01,1540.936767578125,1556.8148942409596,1406.1715149512413,1406.1715149512413,1050404
2025-01-02,1511.926513671875,1554.2684694789793,1507.9319918391884,1542.884057875196,214881
2025-01-03,1494.2508544921875,1529.3027603936935,1488.6085678296786,1511.9265654458547,83286
2025-01-06,1442.7713623046875,1507.3827045391868,1420.2521965889644,1473.479249060783,197903
2025-01-07,1447.1153564453125,1482.3670599875707,1437.1790322583774,1443.6201498806236,83981
2025-01-08,1412.61279296875,1462.1946987334377,1397.0840402575286,1456.252896144061,124337
2025-01-09,1441.0238037109375,1506.933416354681,1407.4698434729316,1412.6128149007602,413476
2025-01-10,1406.9205322265625,1438.0278961666274,1401.328225899875,1433.0347437493822,101624
2025-01-13,1374.365234375,1416.0080777288674,1358.1374886466847,1388.1962425074287,218551
2025-01-14,1367.3248291015625,1387.8467345967356,1358.8864501547098,1374.3652228737237,53221
2025-01-15,1369.97119140625,1383.1032065202642,1356.140183721674,1368.1237494099364,47506
2025-01-16,1393.5888671875,1407.4198752759135,1375.6135181302623,1379.6080401429817,68099
2025-01-17,1423.9970703125,1430.1386720852538,1385.8494351096472,1396.7843899977906,77219
2025-01-20,1429.0401611328125,1442.3718531401132,1421.1010978877712,1423.9970286442924,40177
2025-01-21,1431.986083984375,1454.455269093184,1417.955399313864,1432.0360642680914,77808
2025-01-22,1421.001220703125,1443.9198638117716,1403.075851995821,1432.0361364854145,58077
2025-01-23,1430.4881591796875,1450.8103866415272,1413.0621063467702,1421.0511500575647,50165
2025-01-24,1384.5013427734375,1440.9738241288965,1375.1141917389639,1436.3801482321096,65923
2025-01-27,1326.6805419921875,1388.945125660649,1303.4124039359276,1379.1086401890936,85582
2025-01-28,1347.601806640625,1353.1442543773712,1298.2195798454484,1322.1867105502874,65266
2025-01-29,1330.17578125,1362.3316335069524,1322.3864148507962,1344.605942728283,86304
2025-01-30,1365.3275146484375,1389.544303276791,1333.1716626330724,1335.6682387803253,183988
2025-01-31,1434.482666015625,1450.9600684966153,1387.0976997633632,1398.08263475069,210270
2025-02-01,1439.3759765625,1448.0141543466425,1390.093588172777,1410.0661971982477,112616
2025-02-03,1483.465576171875,1487.1604601819681,1421.1011515356643,1439.1263585350844,157317
2025-02-04,1484.56396484375,1495.9483760649232,1457.9504396472832,1487.9593326680476,138030
2025-02-05,1489.9566650390625,1497.5462322497876,1463.5927961832137,1467.9867946430443,71576
2025-02-06,1458.3499755859375,1498.3950328628991,1447.0155441856755,1497.945697914778,48723
2025-02-07,1465.0,1474.0,1430.300048828125,1460.0,56762
2025-02-10,1433.0999755859375,1460.0,1413.199951171875,1460.0,66565
2025-02-11,1371.4000244140625,1420.1500244140625,1351.050048828125,1416.0,90504
2025-02-12,1325.1500244140625,1381.949951171875,1312.0999755859375,1381.0,130812
2025-02-13,1320.1500244140625,1343.449951171875,1311.0,1332.550048828125,56642
2025-02-14,1300.6500244140625,1332.949951171875,1289.0,1323.949951171875,75610
2025-02-17,1305.949951171875,1330.0,1280.0,1288.6500244140625,66887
2025-02-18,1294.25,1306.8499755859375,1279.5,1299.0,55515
2025-02-19,1325.1500244140625,1332.0,1284.25,1290.0,38850
2025-02-20,1310.199951171875,1328.0,1303.050048828125,1325.3499755859375,53865
2025-02-21,1303.0999755859375,1331.949951171875,1295.0,1307.1500244140625,44340
2025-02-24,1280.449951171875,1299.050048828125,1272.050048828125,1298.0,50984
2025-02-25,1289.6500244140625,1298.949951171875,1271.0,1276.6500244140625,43278
2025-02-27,1234.4000244140625,1294.199951171875,1220.0,1287.0,82298
2025-02-28,1193.25,1226.0,1187.0999755859375,1225.0,144272
2025-03-03,1144.3499755859375,1208.0,1106.449951171875,1200.050048828125,153614
2025-03-04,1184.8499755859375,1205.0,1127.8499755859375,1140.0,66306
2025-03-05,1243.25,1260.0,1165.050048828125,1165.050048828125,111020
2025-03-06,1231.300048828125,1265.0,1208.949951171875,1257.300048828125,75950
2025-03-07,1271.050048828125,1284.9000244140625,1225.0,1231.949951171875,96479
2025-03-10,1228.6500244140625,1280.0,1221.0,1274.0,47443
2025-03-11,1214.5,1235.5,1193.1500244140625,1225.0,73758
2025-03-12,1192.0999755859375,1229.300048828125,1185.550048828125,1219.25,68690
2025-03-13,1203.6500244140625,1209.800048828125,1185.5,1203.949951171875,58767
2025-03-17,1203.9000244140625,1215.6500244140625,1186.1500244140625,1200.75,68645
2025-03-18,1203.9000244140625,1203.9000244140625,1203.9000244140625,1203.9000244140625,0
2025-03-19,1221.9000244140625,1241.800048828125,1219.75,1240.0,61252
2025-03-20,1252.949951171875,1264.0,1228.8499755859375,1228.9000244140625,125123
