Price,Close,High,Low,Open,Volume
Ticker,VLSFINANCE.NS,VLSFINANCE.NS,VLSFINANCE.NS,VLSFINANCE.NS,VLSFINANCE.NS
Date,,,,,
2002-06-26,6.289811611175537,6.6970658704900865,5.927808400507317,5.927808400507317,28800
2002-06-27,6.289811611175537,6.289811611175537,6.289811611175537,6.289811611175537,0
2002-06-28,6.289811611175537,6.289811611175537,6.289811611175537,6.289811611175537,0
2002-07-01,6.289811611175537,6.289811611175537,6.289811611175537,6.289811611175537,0
2002-07-02,6.289811611175537,6.289811611175537,6.289811611175537,6.289811611175537,0
2002-07-03,6.289811611175537,6.289811611175537,6.289811611175537,6.289811611175537,0
2002-07-04,6.289811611175537,6.289811611175537,6.289811611175537,6.289811611175537,0
2002-07-05,6.289811611175537,6.289811611175537,6.289811611175537,6.289811611175537,0
2002-07-08,6.289811611175537,6.289811611175537,6.289811611175537,6.289811611175537,0
2002-07-09,6.289811611175537,6.289811611175537,6.289811611175537,6.289811611175537,0
2002-07-10,6.289811611175537,6.289811611175537,6.289811611175537,6.289811611175537,0
2002-07-11,6.289811611175537,6.289811611175537,6.289811611175537,6.289811611175537,0
2002-07-12,6.289811611175537,6.289811611175537,6.289811611175537,6.289811611175537,0
2002-07-15,6.289811611175537,6.289811611175537,6.289811611175537,6.289811611175537,0
2002-07-16,6.289811611175537,6.289811611175537,6.289811611175537,6.289811611175537,0
2002-07-17,6.289811611175537,6.289811611175537,6.289811611175537,6.289811611175537,0
2002-07-18,6.289811611175537,6.289811611175537,6.289811611175537,6.289811611175537,0
2002-07-19,6.289811611175537,6.289811611175537,6.289811611175537,6.289811611175537,0
2002-07-22,6.289811611175537,6.289811611175537,6.289811611175537,6.289811611175537,0
2002-07-23,6.289811611175537,6.289811611175537,6.289811611175537,6.289811611175537,0
2002-07-24,6.289811611175537,6.289811611175537,6.289811611175537,6.289811611175537,0
2002-07-25,6.289811611175537,6.289811611175537,6.289811611175537,6.289811611175537,0
2002-07-26,6.289811611175537,6.289811611175537,6.289811611175537,6.289811611175537,0
2002-07-29,6.289811611175537,6.289811611175537,6.289811611175537,6.289811611175537,0
2002-07-30,6.289811611175537,6.289811611175537,6.289811611175537,6.289811611175537,0
2002-07-31,6.289811611175537,6.289811611175537,6.289811611175537,6.289811611175537,0
2002-08-01,6.289811611175537,6.289811611175537,6.289811611175537,6.289811611175537,0
2002-08-02,6.289811611175537,6.289811611175537,6.289811611175537,6.289811611175537,0
2002-08-05,6.289811611175537,6.289811611175537,6.289811611175537,6.289811611175537,0
2002-08-06,6.289811611175537,6.289811611175537,6.289811611175537,6.289811611175537,0
2002-08-07,6.289811611175537,6.289811611175537,6.289811611175537,6.289811611175537,0
2002-08-08,6.289811611175537,6.289811611175537,6.289811611175537,6.289811611175537,0
2002-08-09,6.289811611175537,6.289811611175537,6.289811611175537,6.289811611175537,0
2002-08-12,6.289811611175537,6.289811611175537,6.289811611175537,6.289811611175537,0
2002-08-13,6.289811611175537,6.289811611175537,6.289811611175537,6.289811611175537,0
2002-08-14,6.289811611175537,6.289811611175537,6.289811611175537,6.289811611175537,0
2002-08-15,6.289811611175537,6.289811611175537,6.289811611175537,6.289811611175537,0
2002-08-16,6.289811611175537,6.289811611175537,6.289811611175537,6.289811611175537,0
2002-08-19,6.289811611175537,6.289811611175537,6.289811611175537,6.289811611175537,0
2002-08-20,6.289811611175537,6.289811611175537,6.289811611175537,6.289811611175537,0
2002-08-21,6.289811611175537,6.289811611175537,6.289811611175537,6.289811611175537,0
2002-08-22,6.289811611175537,6.289811611175537,6.289811611175537,6.289811611175537,0
2002-08-23,6.289811611175537,6.289811611175537,6.289811611175537,6.289811611175537,0
2002-08-26,6.289811611175537,6.289811611175537,6.289811611175537,6.289811611175537,0
2002-08-27,6.289811611175537,6.289811611175537,6.289811611175537,6.289811611175537,0
2002-08-28,6.289811611175537,6.289811611175537,6.289811611175537,6.289811611175537,0
2002-08-29,6.289811611175537,6.289811611175537,6.289811611175537,6.289811611175537,0
2002-08-30,6.289811611175537,6.289811611175537,6.289811611175537,6.289811611175537,0
2002-09-02,6.289811611175537,6.289811611175537,6.289811611175537,6.289811611175537,0
2002-09-03,6.289811611175537,6.289811611175537,6.289811611175537,6.289811611175537,0
2002-09-04,6.289811611175537,6.289811611175537,6.289811611175537,6.289811611175537,0
2002-09-05,6.289811611175537,6.289811611175537,6.289811611175537,6.289811611175537,0
2002-09-06,6.289811611175537,6.289811611175537,6.289811611175537,6.289811611175537,0
2002-09-09,6.289811611175537,6.289811611175537,6.289811611175537,6.289811611175537,0
2002-09-10,6.289811611175537,6.289811611175537,6.289811611175537,6.289811611175537,0
2002-09-11,6.289811611175537,6.289811611175537,6.289811611175537,6.289811611175537,0
2002-09-12,6.289811611175537,6.289811611175537,6.289811611175537,6.289811611175537,0
2002-09-13,6.289811611175537,6.289811611175537,6.289811611175537,6.289811611175537,0
2002-09-16,6.289811611175537,6.289811611175537,6.289811611175537,6.289811611175537,0
2002-09-17,6.289811611175537,6.289811611175537,6.289811611175537,6.289811611175537,0
2002-09-18,6.289811611175537,6.289811611175537,6.289811611175537,6.289811611175537,0
2002-09-19,6.289811611175537,6.289811611175537,6.289811611175537,6.289811611175537,0
2002-09-20,6.289811611175537,6.289811611175537,6.289811611175537,6.289811611175537,0
2002-09-23,6.289811611175537,6.289811611175537,6.289811611175537,6.289811611175537,0
2002-09-24,6.289811611175537,6.289811611175537,6.289811611175537,6.289811611175537,0
2002-09-25,6.289811611175537,6.289811611175537,6.289811611175537,6.289811611175537,0
2002-09-26,6.289811611175537,6.289811611175537,6.289811611175537,6.289811611175537,0
2002-09-27,6.289811611175537,6.289811611175537,6.289811611175537,6.289811611175537,0
2002-09-30,6.289811611175537,6.289811611175537,6.289811611175537,6.289811611175537,0
2002-10-01,6.289811611175537,6.289811611175537,6.289811611175537,6.289811611175537,0
2002-10-02,6.289811611175537,6.289811611175537,6.289811611175537,6.289811611175537,0
2002-10-03,6.289811611175537,6.289811611175537,6.289811611175537,6.289811611175537,0
2002-10-04,6.289811611175537,6.289811611175537,6.289811611175537,6.289811611175537,0
2002-10-07,6.289811611175537,6.289811611175537,6.289811611175537,6.289811611175537,0
2002-10-08,6.289811611175537,6.289811611175537,6.289811611175537,6.289811611175537,0
2002-10-09,6.289811611175537,6.289811611175537,6.289811611175537,6.289811611175537,0
2002-10-10,6.289811611175537,6.289811611175537,6.289811611175537,6.289811611175537,0
2002-10-11,6.289811611175537,6.289811611175537,6.289811611175537,6.289811611175537,0
2002-10-14,6.289811611175537,6.289811611175537,6.289811611175537,6.289811611175537,0
2002-10-15,6.289811611175537,6.289811611175537,6.289811611175537,6.289811611175537,0
2002-10-16,6.289811611175537,6.289811611175537,6.289811611175537,6.289811611175537,0
2002-10-17,6.289811611175537,6.289811611175537,6.289811611175537,6.289811611175537,0
2002-10-18,6.289811611175537,6.289811611175537,6.289811611175537,6.289811611175537,0
2002-10-21,6.289811611175537,6.289811611175537,6.289811611175537,6.289811611175537,0
2002-10-22,6.289811611175537,6.289811611175537,6.289811611175537,6.289811611175537,0
2002-10-23,6.289811611175537,6.289811611175537,6.289811611175537,6.289811611175537,0
2002-10-24,6.289811611175537,6.289811611175537,6.289811611175537,6.289811611175537,0
2002-10-25,6.289811611175537,6.289811611175537,6.289811611175537,6.289811611175537,0
2002-10-28,6.289811611175537,6.289811611175537,6.289811611175537,6.289811611175537,0
2002-10-29,6.289811611175537,6.289811611175537,6.289811611175537,6.289811611175537,0
2002-10-30,6.289811611175537,6.289811611175537,6.289811611175537,6.289811611175537,0
2002-10-31,6.289811611175537,6.289811611175537,6.289811611175537,6.289811611175537,0
2002-11-01,6.289811611175537,6.289811611175537,6.289811611175537,6.289811611175537,0
2002-11-04,6.289811611175537,6.289811611175537,6.289811611175537,6.289811611175537,0
2002-11-05,6.289811611175537,6.289811611175537,6.289811611175537,6.289811611175537,0
2002-11-06,6.289811611175537,6.289811611175537,6.289811611175537,6.289811611175537,0
2002-11-07,6.289811611175537,6.289811611175537,6.289811611175537,6.289811611175537,0
2002-11-08,6.289811611175537,6.289811611175537,6.289811611175537,6.289811611175537,0
2002-11-11,6.289811611175537,6.289811611175537,6.289811611175537,6.289811611175537,0
2002-11-12,6.289811611175537,6.289811611175537,6.289811611175537,6.289811611175537,0
2002-11-13,6.289811611175537,6.289811611175537,6.289811611175537,6.289811611175537,0
2002-11-14,6.289811611175537,6.289811611175537,6.289811611175537,6.289811611175537,0
2002-11-15,6.289811611175537,6.289811611175537,6.289811611175537,6.289811611175537,0
2002-11-18,6.289811611175537,6.289811611175537,6.289811611175537,6.289811611175537,0
2002-11-19,6.289811611175537,6.289811611175537,6.289811611175537,6.289811611175537,0
2002-11-20,6.289811611175537,6.289811611175537,6.289811611175537,6.289811611175537,0
2002-11-21,6.289811611175537,6.289811611175537,6.289811611175537,6.289811611175537,0
2002-11-22,6.289811611175537,6.289811611175537,6.289811611175537,6.289811611175537,0
2002-11-25,6.289811611175537,6.289811611175537,6.289811611175537,6.289811611175537,0
2002-11-26,6.289811611175537,6.289811611175537,6.289811611175537,6.289811611175537,0
2002-11-27,6.289811611175537,6.289811611175537,6.289811611175537,6.289811611175537,0
2002-11-28,6.289811611175537,6.289811611175537,6.289811611175537,6.289811611175537,0
2002-11-29,6.289811611175537,6.289811611175537,6.289811611175537,6.289811611175537,0
2002-12-02,6.289811611175537,6.289811611175537,6.289811611175537,6.289811611175537,0
2002-12-03,6.289811611175537,6.289811611175537,6.289811611175537,6.289811611175537,0
2002-12-04,6.289811611175537,6.289811611175537,6.289811611175537,6.289811611175537,0
2002-12-05,6.289811611175537,6.289811611175537,6.289811611175537,6.289811611175537,0
2002-12-06,6.289811611175537,6.289811611175537,6.289811611175537,6.289811611175537,0
2002-12-09,6.289811611175537,6.289811611175537,6.289811611175537,6.289811611175537,0
2002-12-10,6.289811611175537,6.289811611175537,6.289811611175537,6.289811611175537,0
2002-12-11,6.289811611175537,6.289811611175537,6.289811611175537,6.289811611175537,0
2002-12-12,6.289811611175537,6.289811611175537,6.289811611175537,6.289811611175537,0
2002-12-13,6.289811611175537,6.289811611175537,6.289811611175537,6.289811611175537,0
2002-12-16,6.289811611175537,6.289811611175537,6.289811611175537,6.289811611175537,0
2002-12-17,6.289811611175537,6.289811611175537,6.289811611175537,6.289811611175537,0
2002-12-18,6.289811611175537,6.289811611175537,6.289811611175537,6.289811611175537,0
2002-12-19,6.289811611175537,6.289811611175537,6.289811611175537,6.289811611175537,0
2002-12-20,6.289811611175537,6.289811611175537,6.289811611175537,6.289811611175537,0
2002-12-23,6.289811611175537,6.289811611175537,6.289811611175537,6.289811611175537,0
2002-12-24,6.289811611175537,6.289811611175537,6.289811611175537,6.289811611175537,0
2002-12-25,6.289811611175537,6.289811611175537,6.289811611175537,6.289811611175537,0
2002-12-26,6.289811611175537,6.289811611175537,6.289811611175537,6.289811611175537,0
2002-12-27,6.289811611175537,6.289811611175537,6.289811611175537,6.289811611175537,0
2002-12-30,6.289811611175537,6.289811611175537,6.289811611175537,6.289811611175537,0
2002-12-31,6.289811611175537,6.289811611175537,6.289811611175537,6.289811611175537,0
2003-01-01,6.289811611175537,6.289811611175537,6.289811611175537,6.289811611175537,0
2003-01-02,6.289811611175537,6.289811611175537,6.289811611175537,6.289811611175537,0
2003-01-03,6.289811611175537,6.289811611175537,6.289811611175537,6.289811611175537,0
2003-01-06,6.289811611175537,6.289811611175537,6.289811611175537,6.289811611175537,0
2003-01-07,6.289811611175537,6.289811611175537,6.289811611175537,6.289811611175537,0
2003-01-08,6.289811611175537,6.289811611175537,6.289811611175537,6.289811611175537,0
2003-01-09,6.289811611175537,6.289811611175537,6.289811611175537,6.289811611175537,0
2003-01-10,6.289811611175537,6.289811611175537,6.289811611175537,6.289811611175537,0
2003-01-13,6.289811611175537,6.289811611175537,6.289811611175537,6.289811611175537,0
2003-01-14,6.289811611175537,6.289811611175537,6.289811611175537,6.289811611175537,0
2003-01-15,6.289811611175537,6.289811611175537,6.289811611175537,6.289811611175537,0
2003-01-16,6.289811611175537,6.289811611175537,6.289811611175537,6.289811611175537,0
2003-01-17,6.289811611175537,6.289811611175537,6.289811611175537,6.289811611175537,0
2003-01-20,6.289811611175537,6.289811611175537,6.289811611175537,6.289811611175537,0
2003-01-21,6.289811611175537,6.289811611175537,6.289811611175537,6.289811611175537,0
2003-01-22,6.289811611175537,6.289811611175537,6.289811611175537,6.289811611175537,0
2003-01-23,6.289811611175537,6.289811611175537,6.289811611175537,6.289811611175537,0
2003-01-24,6.289811611175537,6.289811611175537,6.289811611175537,6.289811611175537,0
2003-01-27,6.289811611175537,6.289811611175537,6.289811611175537,6.289811611175537,0
2003-01-28,6.289811611175537,6.289811611175537,6.289811611175537,6.289811611175537,0
2003-01-29,6.289811611175537,6.289811611175537,6.289811611175537,6.289811611175537,0
2003-01-30,6.289811611175537,6.289811611175537,6.289811611175537,6.289811611175537,0
2003-01-31,6.289811611175537,6.289811611175537,6.289811611175537,6.289811611175537,0
2003-02-03,6.289811611175537,6.289811611175537,6.289811611175537,6.289811611175537,0
2003-02-04,6.289811611175537,6.289811611175537,6.289811611175537,6.289811611175537,0
2003-02-05,6.289811611175537,6.289811611175537,6.289811611175537,6.289811611175537,0
2003-02-06,6.289811611175537,6.289811611175537,6.289811611175537,6.289811611175537,0
2003-02-07,6.289811611175537,6.289811611175537,6.289811611175537,6.289811611175537,0
2003-02-10,6.289811611175537,6.289811611175537,6.289811611175537,6.289811611175537,0
2003-02-11,6.289811611175537,6.289811611175537,6.289811611175537,6.289811611175537,0
2003-02-12,6.289811611175537,6.289811611175537,6.289811611175537,6.289811611175537,0
2003-02-13,6.289811611175537,6.289811611175537,6.289811611175537,6.289811611175537,0
2003-02-14,6.289811611175537,6.289811611175537,6.289811611175537,6.289811611175537,0
2003-02-17,6.289811611175537,6.289811611175537,6.289811611175537,6.289811611175537,0
2003-02-18,6.289811611175537,6.289811611175537,6.289811611175537,6.289811611175537,0
2003-02-19,6.289811611175537,6.289811611175537,6.289811611175537,6.289811611175537,0
2003-02-20,6.289811611175537,6.289811611175537,6.289811611175537,6.289811611175537,0
2003-02-21,6.289811611175537,6.289811611175537,6.289811611175537,6.289811611175537,0
2003-02-24,6.289811611175537,6.289811611175537,6.289811611175537,6.289811611175537,0
2003-02-25,6.289811611175537,6.289811611175537,6.289811611175537,6.289811611175537,0
2003-02-26,6.289811611175537,6.289811611175537,6.289811611175537,6.289811611175537,0
2003-02-27,6.289811611175537,6.289811611175537,6.289811611175537,6.289811611175537,0
2003-02-28,6.289811611175537,6.289811611175537,6.289811611175537,6.289811611175537,0
2003-03-03,6.289811611175537,6.289811611175537,6.289811611175537,6.289811611175537,0
2003-03-04,6.289811611175537,6.289811611175537,6.289811611175537,6.289811611175537,0
2003-03-05,6.289811611175537,6.289811611175537,6.289811611175537,6.289811611175537,0
2003-03-06,6.289811611175537,6.289811611175537,6.289811611175537,6.289811611175537,0
2003-03-07,6.289811611175537,6.289811611175537,6.289811611175537,6.289811611175537,0
2003-03-10,6.289811611175537,6.289811611175537,6.289811611175537,6.289811611175537,0
2003-03-11,6.289811611175537,6.289811611175537,6.289811611175537,6.289811611175537,0
2003-03-12,6.289811611175537,6.289811611175537,6.289811611175537,6.289811611175537,0
2003-03-13,6.289811611175537,6.289811611175537,6.289811611175537,6.289811611175537,0
2003-03-14,6.289811611175537,6.289811611175537,6.289811611175537,6.289811611175537,0
2003-03-17,6.289811611175537,6.289811611175537,6.289811611175537,6.289811611175537,0
2003-03-18,6.289811611175537,6.289811611175537,6.289811611175537,6.289811611175537,0
2003-03-19,6.289811611175537,6.289811611175537,6.289811611175537,6.289811611175537,0
2003-03-20,6.289811611175537,6.289811611175537,6.289811611175537,6.289811611175537,0
2003-03-21,6.289811611175537,6.289811611175537,6.289811611175537,6.289811611175537,0
2003-03-24,6.289811611175537,6.289811611175537,6.289811611175537,6.289811611175537,0
2003-03-25,6.289811611175537,6.289811611175537,6.289811611175537,6.289811611175537,0
2003-03-26,6.289811611175537,6.289811611175537,6.289811611175537,6.289811611175537,0
2003-03-27,6.289811611175537,6.289811611175537,6.289811611175537,6.289811611175537,0
2003-03-28,6.289811611175537,6.289811611175537,6.289811611175537,6.289811611175537,0
2003-03-31,6.289811611175537,6.289811611175537,6.289811611175537,6.289811611175537,0
2003-04-01,6.289811611175537,6.289811611175537,6.289811611175537,6.289811611175537,0
2003-04-02,6.289811611175537,6.289811611175537,6.289811611175537,6.289811611175537,0
2003-04-03,6.289811611175537,6.289811611175537,6.289811611175537,6.289811611175537,0
2003-04-04,6.289811611175537,6.289811611175537,6.289811611175537,6.289811611175537,0
2003-04-07,6.289811611175537,6.289811611175537,6.289811611175537,6.289811611175537,0
2003-04-08,6.289811611175537,6.289811611175537,6.289811611175537,6.289811611175537,0
2003-04-09,6.289811611175537,6.289811611175537,6.289811611175537,6.289811611175537,0
2003-04-10,6.289811611175537,6.289811611175537,6.289811611175537,6.289811611175537,0
2003-04-11,6.289811611175537,6.289811611175537,6.289811611175537,6.289811611175537,0
2003-04-14,6.289811611175537,6.289811611175537,6.289811611175537,6.289811611175537,0
2003-04-15,6.289811611175537,6.289811611175537,6.289811611175537,6.289811611175537,0
2003-04-16,6.289811611175537,6.289811611175537,6.289811611175537,6.289811611175537,0
2003-04-17,6.289811611175537,6.289811611175537,6.289811611175537,6.289811611175537,0
2003-04-18,6.289811611175537,6.289811611175537,6.289811611175537,6.289811611175537,0
2003-04-21,6.289811611175537,6.289811611175537,6.289811611175537,6.289811611175537,0
2003-04-22,6.289811611175537,6.289811611175537,6.289811611175537,6.289811611175537,0
2003-04-23,6.289811611175537,6.289811611175537,6.289811611175537,6.289811611175537,0
2003-04-24,6.289811611175537,6.289811611175537,6.289811611175537,6.289811611175537,0
2003-04-25,6.289811611175537,6.289811611175537,6.289811611175537,6.289811611175537,0
2003-04-28,6.289811611175537,6.289811611175537,6.289811611175537,6.289811611175537,0
2003-04-29,6.289811611175537,6.289811611175537,6.289811611175537,6.289811611175537,0
2003-04-30,6.289811611175537,6.289811611175537,6.289811611175537,6.289811611175537,0
2003-05-01,6.289811611175537,6.289811611175537,6.289811611175537,6.289811611175537,0
2003-05-02,6.289811611175537,6.289811611175537,6.289811611175537,6.289811611175537,0
2003-05-05,6.289811611175537,6.289811611175537,6.289811611175537,6.289811611175537,0
2003-05-06,6.289811611175537,6.289811611175537,6.289811611175537,6.289811611175537,0
2003-05-07,6.289811611175537,6.289811611175537,6.289811611175537,6.289811611175537,0
2003-05-08,6.289811611175537,6.289811611175537,6.289811611175537,6.289811611175537,0
2003-05-09,6.289811611175537,6.289811611175537,6.289811611175537,6.289811611175537,0
2003-05-12,6.289811611175537,6.289811611175537,6.289811611175537,6.289811611175537,0
2003-05-13,6.289811611175537,6.289811611175537,6.289811611175537,6.289811611175537,0
2003-05-14,6.289811611175537,6.289811611175537,6.289811611175537,6.289811611175537,0
2003-05-15,6.289811611175537,6.289811611175537,6.289811611175537,6.289811611175537,0
2003-05-16,6.289811611175537,6.289811611175537,6.289811611175537,6.289811611175537,0
2003-05-19,6.289811611175537,6.289811611175537,6.289811611175537,6.289811611175537,0
2003-05-20,6.289811611175537,6.289811611175537,6.289811611175537,6.289811611175537,0
2003-05-21,6.289811611175537,6.289811611175537,6.289811611175537,6.289811611175537,0
2003-05-22,6.289811611175537,6.289811611175537,6.289811611175537,6.289811611175537,0
2003-05-23,6.289811611175537,6.289811611175537,6.289811611175537,6.289811611175537,0
2003-05-26,6.289811611175537,6.289811611175537,6.289811611175537,6.289811611175537,0
2003-05-27,6.289811611175537,6.289811611175537,6.289811611175537,6.289811611175537,0
2003-05-28,6.289811611175537,6.289811611175537,6.289811611175537,6.289811611175537,0
2003-05-29,6.289811611175537,6.289811611175537,6.289811611175537,6.289811611175537,0
2003-05-30,6.289811611175537,6.289811611175537,6.289811611175537,6.289811611175537,0
2003-06-02,6.289811611175537,6.289811611175537,6.289811611175537,6.289811611175537,0
2003-06-03,6.289811611175537,6.289811611175537,6.289811611175537,6.289811611175537,0
2003-06-04,6.289811611175537,6.289811611175537,6.289811611175537,6.289811611175537,0
2003-06-05,6.289811611175537,6.289811611175537,6.289811611175537,6.289811611175537,0
2003-06-06,6.289811611175537,6.289811611175537,6.289811611175537,6.289811611175537,0
2003-06-09,6.289811611175537,6.289811611175537,6.289811611175537,6.289811611175537,0
2003-06-10,6.289811611175537,6.289811611175537,6.289811611175537,6.289811611175537,0
2003-06-11,6.289811611175537,6.289811611175537,6.289811611175537,6.289811611175537,0
2003-06-12,6.289811611175537,6.289811611175537,6.289811611175537,6.289811611175537,0
2003-06-13,6.289811611175537,6.289811611175537,6.289811611175537,6.289811611175537,0
2003-06-16,6.289811611175537,6.289811611175537,6.289811611175537,6.289811611175537,0
2003-06-17,6.289811611175537,6.289811611175537,6.289811611175537,6.289811611175537,0
2003-06-18,6.289811611175537,6.289811611175537,6.289811611175537,6.289811611175537,0
2003-06-19,6.289811611175537,6.289811611175537,6.289811611175537,6.289811611175537,0
2003-06-20,6.289811611175537,6.289811611175537,6.289811611175537,6.289811611175537,0
2003-06-23,6.289811611175537,6.289811611175537,6.289811611175537,6.289811611175537,0
2003-06-24,6.289811611175537,6.289811611175537,6.289811611175537,6.289811611175537,0
2003-06-25,6.289811611175537,6.289811611175537,6.289811611175537,6.289811611175537,0
2003-06-26,6.289811611175537,6.289811611175537,6.289811611175537,6.289811611175537,0
2003-06-27,6.289811611175537,6.289811611175537,6.289811611175537,6.289811611175537,0
2003-06-30,6.289811611175537,6.289811611175537,6.289811611175537,6.289811611175537,0
2003-07-01,6.289811611175537,6.289811611175537,6.289811611175537,6.289811611175537,0
2003-07-02,6.289811611175537,6.289811611175537,6.289811611175537,6.289811611175537,0
2003-07-03,6.289811611175537,6.289811611175537,6.289811611175537,6.289811611175537,0
2003-07-04,6.289811611175537,6.289811611175537,6.289811611175537,6.289811611175537,0
2003-07-07,6.289811611175537,6.289811611175537,6.289811611175537,6.289811611175537,0
2003-07-08,6.289811611175537,6.289811611175537,6.289811611175537,6.289811611175537,0
2003-07-09,6.289811611175537,6.289811611175537,6.289811611175537,6.289811611175537,0
2003-07-10,6.289811611175537,6.289811611175537,6.289811611175537,6.289811611175537,0
2003-07-11,6.289811611175537,6.289811611175537,6.289811611175537,6.289811611175537,0
2003-07-14,6.289811611175537,6.289811611175537,6.289811611175537,6.289811611175537,0
2003-07-15,6.289811611175537,6.289811611175537,6.289811611175537,6.289811611175537,0
2003-07-16,6.289811611175537,6.289811611175537,6.289811611175537,6.289811611175537,0
2003-07-17,6.289811611175537,6.289811611175537,6.289811611175537,6.289811611175537,0
2003-07-18,6.289811611175537,6.289811611175537,6.289811611175537,6.289811611175537,0
2003-07-21,6.289811611175537,6.289811611175537,6.289811611175537,6.289811611175537,0
2003-07-22,6.289811611175537,6.289811611175537,6.289811611175537,6.289811611175537,0
2003-07-23,6.289811611175537,6.289811611175537,6.289811611175537,6.289811611175537,0
2003-07-24,6.289811611175537,6.289811611175537,6.289811611175537,6.289811611175537,0
2003-07-25,6.289811611175537,6.289811611175537,6.289811611175537,6.289811611175537,0
2003-07-28,6.289811611175537,6.289811611175537,6.289811611175537,6.289811611175537,0
2003-07-29,6.289811611175537,6.289811611175537,6.289811611175537,6.289811611175537,0
2003-07-30,6.289811611175537,6.289811611175537,6.289811611175537,6.289811611175537,0
2003-07-31,6.289811611175537,6.289811611175537,6.289811611175537,6.289811611175537,0
2003-08-01,6.289811611175537,6.289811611175537,6.289811611175537,6.289811611175537,0
2003-08-04,6.289811611175537,6.289811611175537,6.289811611175537,6.289811611175537,0
2003-08-05,6.289811611175537,6.289811611175537,6.289811611175537,6.289811611175537,0
2003-08-06,6.289811611175537,6.289811611175537,6.289811611175537,6.289811611175537,0
2003-08-07,6.289811611175537,6.289811611175537,6.289811611175537,6.289811611175537,0
2003-08-08,6.289811611175537,6.289811611175537,6.289811611175537,6.289811611175537,0
2003-08-11,6.289811611175537,6.289811611175537,6.289811611175537,6.289811611175537,0
2003-08-12,6.289811611175537,6.289811611175537,6.289811611175537,6.289811611175537,0
2003-08-13,6.289811611175537,6.289811611175537,6.289811611175537,6.289811611175537,0
2003-08-14,6.289811611175537,6.289811611175537,6.289811611175537,6.289811611175537,0
2003-08-15,6.289811611175537,6.289811611175537,6.289811611175537,6.289811611175537,0
2003-08-18,6.289811611175537,6.289811611175537,6.289811611175537,6.289811611175537,0
2003-08-19,6.289811611175537,6.289811611175537,6.289811611175537,6.289811611175537,0
2003-08-20,6.289811611175537,6.289811611175537,6.289811611175537,6.289811611175537,0
2003-08-21,6.289811611175537,6.289811611175537,6.289811611175537,6.289811611175537,0
2003-08-22,6.289811611175537,6.289811611175537,6.289811611175537,6.289811611175537,0
2003-08-25,6.289811611175537,6.289811611175537,6.289811611175537,6.289811611175537,0
2003-08-26,6.289811611175537,6.289811611175537,6.289811611175537,6.289811611175537,0
2003-08-27,6.289811611175537,6.289811611175537,6.289811611175537,6.289811611175537,0
2003-08-28,6.289811611175537,6.289811611175537,6.289811611175537,6.289811611175537,0
2003-08-29,6.289811611175537,6.289811611175537,6.289811611175537,6.289811611175537,0
2003-09-01,6.289811611175537,6.289811611175537,6.289811611175537,6.289811611175537,0
2003-09-02,6.289811611175537,6.289811611175537,6.289811611175537,6.289811611175537,0
2003-09-03,6.289811611175537,6.289811611175537,6.289811611175537,6.289811611175537,0
2003-09-04,6.289811611175537,6.289811611175537,6.289811611175537,6.289811611175537,0
2003-09-05,6.289811611175537,6.289811611175537,6.289811611175537,6.289811611175537,0
2003-09-08,6.289811611175537,6.289811611175537,6.289811611175537,6.289811611175537,0
2003-09-09,6.289811611175537,6.289811611175537,6.289811611175537,6.289811611175537,0
2003-09-10,6.289811611175537,6.289811611175537,6.289811611175537,6.289811611175537,0
2003-09-11,6.289811611175537,6.289811611175537,6.289811611175537,6.289811611175537,0
2003-09-12,6.289811611175537,6.289811611175537,6.289811611175537,6.289811611175537,0
2003-09-15,6.289811611175537,6.289811611175537,6.289811611175537,6.289811611175537,0
2003-09-16,6.289811611175537,6.289811611175537,6.289811611175537,6.289811611175537,0
2003-09-17,6.289811611175537,6.289811611175537,6.289811611175537,6.289811611175537,0
2003-09-18,6.289811611175537,6.289811611175537,6.289811611175537,6.289811611175537,0
2003-09-19,6.289811611175537,6.289811611175537,6.289811611175537,6.289811611175537,0
2003-09-22,6.289811611175537,6.289811611175537,6.289811611175537,6.289811611175537,0
2003-09-23,6.289811611175537,6.289811611175537,6.289811611175537,6.289811611175537,0
2003-09-24,6.289811611175537,6.289811611175537,6.289811611175537,6.289811611175537,0
2003-09-25,6.289811611175537,6.289811611175537,6.289811611175537,6.289811611175537,0
2003-09-26,6.289811611175537,6.289811611175537,6.289811611175537,6.289811611175537,0
2003-09-29,6.289811611175537,6.289811611175537,6.289811611175537,6.289811611175537,0
2003-09-30,6.289811611175537,6.289811611175537,6.289811611175537,6.289811611175537,0
2003-10-01,6.289811611175537,6.289811611175537,6.289811611175537,6.289811611175537,0
2003-10-02,6.289811611175537,6.289811611175537,6.289811611175537,6.289811611175537,0
2003-10-03,6.289811611175537,6.289811611175537,6.289811611175537,6.289811611175537,0
2003-10-06,6.289811611175537,6.289811611175537,6.289811611175537,6.289811611175537,0
2003-10-07,6.289811611175537,6.289811611175537,6.289811611175537,6.289811611175537,0
2003-10-08,6.289811611175537,6.289811611175537,6.289811611175537,6.289811611175537,0
2003-10-09,6.289811611175537,6.289811611175537,6.289811611175537,6.289811611175537,0
2003-10-10,6.289811611175537,6.289811611175537,6.289811611175537,6.289811611175537,0
2003-10-13,6.289811611175537,6.289811611175537,6.289811611175537,6.289811611175537,0
2003-10-14,6.289811611175537,6.289811611175537,6.289811611175537,6.289811611175537,0
2003-10-15,6.289811611175537,6.289811611175537,6.289811611175537,6.289811611175537,0
2003-10-16,6.289811611175537,6.289811611175537,6.289811611175537,6.289811611175537,0
2003-10-17,6.289811611175537,6.289811611175537,6.289811611175537,6.289811611175537,0
2003-10-20,6.289811611175537,6.289811611175537,6.289811611175537,6.289811611175537,0
2003-10-21,6.289811611175537,6.289811611175537,6.289811611175537,6.289811611175537,0
2003-10-22,6.289811611175537,6.289811611175537,6.289811611175537,6.289811611175537,0
2003-10-23,6.289811611175537,6.289811611175537,6.289811611175537,6.289811611175537,0
2003-10-24,6.289811611175537,6.289811611175537,6.289811611175537,6.289811611175537,0
2003-10-27,6.289811611175537,6.289811611175537,6.289811611175537,6.289811611175537,0
2003-10-28,6.289811611175537,6.289811611175537,6.289811611175537,6.289811611175537,0
2003-10-29,6.289811611175537,6.289811611175537,6.289811611175537,6.289811611175537,0
2003-10-30,6.289811611175537,6.289811611175537,6.289811611175537,6.289811611175537,0
2003-10-31,6.289811611175537,6.289811611175537,6.289811611175537,6.289811611175537,0
2003-11-03,6.289811611175537,6.289811611175537,6.289811611175537,6.289811611175537,0
2003-11-04,6.289811611175537,6.289811611175537,6.289811611175537,6.289811611175537,0
2003-11-05,6.289811611175537,6.289811611175537,6.289811611175537,6.289811611175537,0
2003-11-06,6.289811611175537,6.289811611175537,6.289811611175537,6.289811611175537,0
2003-11-07,6.289811611175537,6.289811611175537,6.289811611175537,6.289811611175537,0
2003-11-10,6.289811611175537,6.289811611175537,6.289811611175537,6.289811611175537,0
2003-11-11,6.289811611175537,6.289811611175537,6.289811611175537,6.289811611175537,0
2003-11-12,6.289811611175537,6.289811611175537,6.289811611175537,6.289811611175537,0
2003-11-13,6.289811611175537,6.289811611175537,6.289811611175537,6.289811611175537,0
2003-11-14,6.289811611175537,6.289811611175537,6.289811611175537,6.289811611175537,0
2003-11-17,6.289811611175537,6.289811611175537,6.289811611175537,6.289811611175537,0
2003-11-18,6.289811611175537,6.289811611175537,6.289811611175537,6.289811611175537,0
2003-11-19,6.289811611175537,6.289811611175537,6.289811611175537,6.289811611175537,0
2003-11-20,6.289811611175537,6.289811611175537,6.289811611175537,6.289811611175537,0
2003-11-21,6.289811611175537,6.289811611175537,6.289811611175537,6.289811611175537,0
2003-11-24,6.289811611175537,6.289811611175537,6.289811611175537,6.289811611175537,0
2003-11-25,6.289811611175537,6.289811611175537,6.289811611175537,6.289811611175537,0
2003-11-26,6.289811611175537,6.289811611175537,6.289811611175537,6.289811611175537,0
2003-11-27,6.289811611175537,6.289811611175537,6.289811611175537,6.289811611175537,0
2003-11-28,6.289811611175537,6.289811611175537,6.289811611175537,6.289811611175537,0
2003-12-01,6.289811611175537,6.289811611175537,6.289811611175537,6.289811611175537,0
2003-12-02,6.289811611175537,6.289811611175537,6.289811611175537,6.289811611175537,0
2003-12-03,6.289811611175537,6.289811611175537,6.289811611175537,6.289811611175537,0
2003-12-04,6.289811611175537,6.289811611175537,6.289811611175537,6.289811611175537,0
2003-12-05,6.289811611175537,6.289811611175537,6.289811611175537,6.289811611175537,0
2003-12-08,6.289811611175537,6.289811611175537,6.289811611175537,6.289811611175537,0
2003-12-09,6.289811611175537,6.289811611175537,6.289811611175537,6.289811611175537,0
2003-12-10,6.289811611175537,6.289811611175537,6.289811611175537,6.289811611175537,0
2003-12-11,6.289811611175537,6.289811611175537,6.289811611175537,6.289811611175537,0
2003-12-12,6.289811611175537,6.289811611175537,6.289811611175537,6.289811611175537,0
2003-12-15,6.289811611175537,6.289811611175537,6.289811611175537,6.289811611175537,0
2003-12-16,6.289811611175537,6.289811611175537,6.289811611175537,6.289811611175537,0
2003-12-17,6.289811611175537,6.289811611175537,6.289811611175537,6.289811611175537,0
2003-12-18,6.289811611175537,6.289811611175537,6.289811611175537,6.289811611175537,0
2003-12-19,6.289811611175537,6.289811611175537,6.289811611175537,6.289811611175537,0
2003-12-22,6.289811611175537,6.289811611175537,6.289811611175537,6.289811611175537,0
2003-12-23,6.289811611175537,6.289811611175537,6.289811611175537,6.289811611175537,0
2003-12-24,6.289811611175537,6.289811611175537,6.289811611175537,6.289811611175537,0
2003-12-25,6.289811611175537,6.289811611175537,6.289811611175537,6.289811611175537,0
2003-12-26,6.289811611175537,6.289811611175537,6.289811611175537,6.289811611175537,0
2003-12-29,6.289811611175537,6.289811611175537,6.289811611175537,6.289811611175537,0
2003-12-30,6.289811611175537,6.289811611175537,6.289811611175537,6.289811611175537,0
2003-12-31,6.289811611175537,6.289811611175537,6.289811611175537,6.289811611175537,0
2004-01-01,6.289811611175537,6.289811611175537,6.289811611175537,6.289811611175537,0
2004-01-02,6.289811611175537,6.289811611175537,6.289811611175537,6.289811611175537,0
2004-01-05,6.289811611175537,6.289811611175537,6.289811611175537,6.289811611175537,0
2004-01-06,6.289811611175537,6.289811611175537,6.289811611175537,6.289811611175537,0
2004-01-07,6.289811611175537,6.289811611175537,6.289811611175537,6.289811611175537,0
2004-01-08,6.289811611175537,6.289811611175537,6.289811611175537,6.289811611175537,0
2004-01-09,6.289811611175537,6.289811611175537,6.289811611175537,6.289811611175537,0
2004-01-12,6.289811611175537,6.289811611175537,6.289811611175537,6.289811611175537,0
2004-01-13,6.289811611175537,6.289811611175537,6.289811611175537,6.289811611175537,0
2004-01-14,6.289811611175537,6.289811611175537,6.289811611175537,6.289811611175537,0
2004-01-15,6.289811611175537,6.289811611175537,6.289811611175537,6.289811611175537,0
2004-01-16,6.289811611175537,6.289811611175537,6.289811611175537,6.289811611175537,0
2004-01-19,6.289811611175537,6.289811611175537,6.289811611175537,6.289811611175537,0
2004-01-20,6.289811611175537,6.289811611175537,6.289811611175537,6.289811611175537,0
2004-01-21,6.289811611175537,6.289811611175537,6.289811611175537,6.289811611175537,0
2004-01-22,6.289811611175537,6.289811611175537,6.289811611175537,6.289811611175537,0
2004-01-23,6.289811611175537,6.289811611175537,6.289811611175537,6.289811611175537,0
2004-01-26,6.289811611175537,6.289811611175537,6.289811611175537,6.289811611175537,0
2004-01-27,6.289811611175537,6.289811611175537,6.289811611175537,6.289811611175537,0
2004-01-28,6.289811611175537,6.289811611175537,6.289811611175537,6.289811611175537,0
2004-01-29,6.289811611175537,6.289811611175537,6.289811611175537,6.289811611175537,0
2004-01-30,6.289811611175537,6.289811611175537,6.289811611175537,6.289811611175537,0
2004-02-02,6.289811611175537,6.289811611175537,6.289811611175537,6.289811611175537,0
2004-02-03,6.289811611175537,6.289811611175537,6.289811611175537,6.289811611175537,0
2004-02-04,6.289811611175537,6.289811611175537,6.289811611175537,6.289811611175537,0
2004-02-05,6.289811611175537,6.289811611175537,6.289811611175537,6.289811611175537,0
2004-02-06,6.289811611175537,6.289811611175537,6.289811611175537,6.289811611175537,0
2004-02-09,6.289811611175537,6.289811611175537,6.289811611175537,6.289811611175537,0
2004-02-10,6.289811611175537,6.289811611175537,6.289811611175537,6.289811611175537,0
2004-02-11,6.289811611175537,6.289811611175537,6.289811611175537,6.289811611175537,0
2004-02-12,6.289811611175537,6.289811611175537,6.289811611175537,6.289811611175537,0
2004-02-13,6.289811611175537,6.289811611175537,6.289811611175537,6.289811611175537,0
2004-02-16,6.289811611175537,6.289811611175537,6.289811611175537,6.289811611175537,0
2004-02-17,6.289811611175537,6.289811611175537,6.289811611175537,6.289811611175537,0
2004-02-18,6.289811611175537,6.289811611175537,6.289811611175537,6.289811611175537,0
2004-02-19,6.289811611175537,6.289811611175537,6.289811611175537,6.289811611175537,0
2004-02-20,6.289811611175537,6.289811611175537,6.289811611175537,6.289811611175537,0
2004-02-23,6.289811611175537,6.289811611175537,6.289811611175537,6.289811611175537,0
2004-02-24,6.289811611175537,6.289811611175537,6.289811611175537,6.289811611175537,0
2004-02-25,6.289811611175537,6.289811611175537,6.289811611175537,6.289811611175537,0
2004-02-26,6.289811611175537,6.289811611175537,6.289811611175537,6.289811611175537,0
2004-02-27,6.289811611175537,6.289811611175537,6.289811611175537,6.289811611175537,0
2004-03-01,6.289811611175537,6.289811611175537,6.289811611175537,6.289811611175537,0
2004-03-02,6.289811611175537,6.289811611175537,6.289811611175537,6.289811611175537,0
2004-03-03,6.289811611175537,6.289811611175537,6.289811611175537,6.289811611175537,0
2004-03-04,4.072540283203125,4.072540283203125,4.072540283203125,4.072540283203125,300
2004-03-05,4.525043964385986,4.841796955584641,4.253541153906099,4.796546774865874,2500
2004-03-08,4.525043964385986,4.887047567845229,4.525043964385986,4.841796955584641,5900
2004-03-09,4.3892927169799805,4.61554492333505,4.3440425346340685,4.61554492333505,9000
2004-03-10,4.479793071746826,5.113299446036445,4.43454289386015,5.113299446036445,5100
2004-03-11,4.570294380187988,4.615544558961632,4.525043769872542,4.525043769872542,4700
2004-03-12,4.570294380187988,4.570294380187988,4.389292370468005,4.434542980783451,3600
2004-03-15,4.3892927169799805,4.9322979259237805,4.253541306858572,4.9322979259237805,2600
2004-03-16,4.2082905769348145,4.2535407533928264,4.027288576477425,4.2535407533928264,5400
2004-03-17,4.2082905769348145,4.434542753850216,4.1177897924770095,4.434542753850216,2000
2004-03-18,4.072540283203125,4.072540283203125,4.02728966299522,4.02728966299522,3700
2004-03-19,3.66528582572937,3.8462874137601775,3.439033409149035,3.484283806156737,5400
2004-03-22,3.66528582572937,3.710536006966159,3.6200352129507554,3.6200352129507554,2300
2004-03-23,3.484283685684204,3.6200350877844842,3.167530701811424,3.167530701811424,2300
2004-03-24,3.620035171508789,4.0272889556867995,3.4390333697791675,3.4390333697791675,11100
2004-03-25,3.3485329151153564,3.620035537255319,3.3485329151153564,3.4390337172383667,4700
2004-03-26,3.620035171508789,3.8462873697280884,3.3937829732894897,3.5295343785294335,8000
2004-03-29,3.484283685684204,3.801036669556984,3.2580314926976737,3.2580314926976737,6300
2004-03-30,3.529534339904785,3.891537939402525,3.529534339904785,3.6200351318937662,1400
2004-03-31,3.66528582572937,3.710536006966159,3.348532615133631,3.348532615133631,4000
2004-04-01,3.89153790473938,3.982038695922242,3.710535890831843,3.710535890831843,5100
2004-04-02,3.982038736343384,4.072539528444907,3.7557865403186668,3.8915379442418603,1600
2004-04-05,4.2082905769348145,4.479792930308228,3.6200348306464156,3.71053561510422,4200
2004-04-06,4.072540283203125,4.298792521158854,3.936788854121308,3.9820394743292127,2900
2004-04-07,4.027289390563965,4.2535416132145665,3.8462877850602304,4.2535416132145665,5400
2004-04-08,3.801037073135376,3.9820391056677336,3.801037073135376,3.9820391056677336,1200
2004-04-09,3.801037073135376,3.801037073135376,3.801037073135376,3.801037073135376,0
2004-04-12,4.072540283203125,4.072540283203125,3.6200358072916665,3.665286427499571,5600
2004-04-13,3.801037073135376,3.9367884896491803,3.620035472144875,3.620035472144875,6500
2004-04-14,3.801037073135376,3.801037073135376,3.801037073135376,3.801037073135376,0
2004-04-15,4.072540283203125,4.117790903411029,3.6200358072916665,3.6200358072916665,4800
2004-04-16,4.027289390563965,4.072540007710832,3.891538402207098,4.072540007710832,7600
2004-04-19,4.027289390563965,4.389293033113302,4.027289390563965,4.389293033113302,4400
2004-04-20,4.072540283203125,4.163041092077037,3.8915386654553004,4.072540283203125,3700
2004-04-21,4.027289390563965,4.2535416132145665,3.8462877850602304,3.8462877850602304,1800
2004-04-22,3.982038736343384,4.072539528444907,3.982038736343384,4.072539528444907,2200
2004-04-23,4.163040637969971,4.344042667515878,3.891538240963884,4.027289223696003,10900
2004-04-27,4.072540283203125,4.208291712284941,3.8915386654553004,4.163041092077037,3000
2004-04-28,3.936788320541382,4.163040527831598,3.8462875239336634,4.163040527831598,3300
2004-04-29,3.846287965774536,4.208291625332282,3.846287965774536,4.208291625332282,1600
2004-04-30,3.936788320541382,4.2082911419063755,3.8462875239336634,4.163040527831598,544
2004-05-03,3.710536003112793,4.117790223071918,3.710536003112793,4.117790223071918,1100
2004-05-04,3.801037073135376,3.9820391056677336,3.7105362726401254,3.7105362726401254,8200
2004-05-05,3.936788320541382,4.027289117149101,3.6652859307182264,3.6652859307182264,6900
2004-05-06,3.982038736343384,3.982038736343384,3.982038736343384,3.982038736343384,1000
2004-05-07,4.253541469573975,4.253541469573975,3.8462876551724556,3.8462876551724556,3600
2004-05-10,4.525043964385986,4.615544757365342,4.434543171406631,4.434543171406631,10600
2004-05-11,4.344043254852295,4.434544066090487,4.1630412008340025,4.208291822224053,9500
2004-05-12,4.163040637969971,4.253541436971999,4.163040637969971,4.163040637969971,2700
2004-05-13,4.072540283203125,4.25354190095095,4.072540283203125,4.072540283203125,2200
2004-05-14,3.755786657333374,3.9820388604071693,3.755786657333374,3.9820388604071693,3400
2004-05-17,3.2127811908721924,3.3485325969281505,3.077030000587146,3.3485325969281505,10900
2004-05-18,3.529534339904785,3.529534339904785,3.1675307404070456,3.1675307404070456,1700
2004-05-19,3.846287965774536,3.846287965774536,3.439033902714808,3.4842843062167903,10000
2004-05-20,3.529534339904785,3.982038731391506,3.529534339904785,3.982038731391506,7000
2004-05-21,3.620035171508789,3.6652857837693773,3.620035171508789,3.6652857837693773,1200
2004-05-24,3.66528582572937,3.8010368009815627,3.6200352129507554,3.6200352129507554,1500
2004-05-25,3.710536003112793,3.755786615844415,3.6200352091913737,3.6652858219229962,4900
2004-05-26,3.710536003112793,3.8462874097658344,3.6200352091913737,3.710536003112793,5600
2004-05-27,3.66528582572937,3.710536006966159,3.5747848159430533,3.5747848159430533,2800
2004-05-28,3.3032824993133545,3.7557869394510233,3.212781481823262,3.62003552110135,9000
2004-05-31,3.3485329151153564,3.3485329151153564,3.167531095098404,3.167531095098404,1000
2004-06-01,3.439033269882202,3.439033269882202,3.2127810782350714,3.2127810782350714,800
2004-06-02,3.439033269882202,3.529534276003597,3.393782874706957,3.393782874706957,1600
2004-06-03,3.3032824993133545,3.5747851202417698,3.3032824993133545,3.4390337018920962,4000
2004-06-04,3.3032824993133545,3.4390337018920962,3.2580318826828427,3.4390337018920962,3400
2004-06-07,3.3032824993133545,3.393783301032516,3.2580318826828427,3.393783301032516,800
2004-06-08,3.3485329151153564,3.620035537255319,3.2580318972214144,3.574785136193814,4200
2004-06-09,3.574784994125366,3.6200353933885383,3.212781368478143,3.6200353933885383,5100
2004-06-10,3.3032824993133545,3.5747851202417698,3.2580318826828427,3.529534719382189,2000
2004-06-11,3.484283685684204,3.7557864898847644,3.348532499354829,3.574784692341359,4000
2004-06-14,3.484283685684204,3.484283685684204,3.484283685684204,3.484283685684204,0
2004-06-15,3.3485329151153564,3.7105363393783293,3.167531095098404,3.7105363393783293,2500
2004-06-16,3.2580313682556152,3.4842835526003353,3.21278097454085,3.21278097454085,2500
2004-06-17,3.2127811908721924,3.303282200166468,3.2127811908721924,3.303282200166468,2800
2004-06-18,3.1675307750701904,3.258031568049546,3.1675307750701904,3.212781171559868,4000
2004-06-21,2.9865291118621826,3.258031719164032,2.9412787132736944,3.258031719164032,2900
2004-06-22,3.0770297050476074,3.0770297050476074,2.89602791961465,2.89602791961465,2700
2004-06-23,2.9865291118621826,3.0770301248100793,2.9865291118621826,3.0770301248100793,5200
2004-06-24,3.0317795276641846,3.0317795276641846,2.8960283311279666,2.9412787299733725,3100
2004-06-25,3.0317795276641846,3.0317795276641846,3.0317795276641846,3.0317795276641846,0
2004-06-28,3.0770297050476074,3.122280097463124,2.9412783120301667,2.9412783120301667,2600
2004-06-29,3.0770297050476074,3.3937826677271152,2.986528704445683,3.167530489878641,2400
2004-06-30,2.9865291118621826,2.9865291118621826,2.9865291118621826,2.9865291118621826,1000
2004-07-01,3.2127811908721924,3.303282200166468,3.1675307941105104,3.303282200166468,3100
2004-07-02,3.1675307750701904,3.1675307750701904,2.941278576850891,2.986528973340569,6400
2004-07-05,3.1675307750701904,3.1675307750701904,2.7602767751212696,2.8960281803612133,3700
2004-07-06,3.0770297050476074,3.0770297050476074,3.0770297050476074,3.0770297050476074,4500
2004-07-07,3.1222801208496094,3.1675305136040603,2.986528726815364,2.986528726815364,3800
2004-07-08,2.9865291118621826,3.258031719164032,2.9865291118621826,2.9865291118621826,2300
2004-07-09,2.9865291118621826,2.9865291118621826,2.9865291118621826,2.9865291118621826,900
2004-07-12,2.9412786960601807,3.2127813017730906,2.8055272853182665,2.8055272853182665,3200
2004-07-13,2.8055272102355957,2.8507778231191647,2.8055272102355957,2.8507778231191647,1600
2004-07-14,3.0317795276641846,3.0317795276641846,2.805527317666233,2.805527317666233,700
2004-07-15,2.9412786960601807,3.031779492707511,2.8960282977365157,3.031779492707511,1800
2004-07-16,3.0770297050476074,3.167530489878641,3.0770297050476074,3.167530489878641,2900
2004-07-19,3.529534339904785,3.6200351318937662,3.303282144161425,3.393782936150406,6400
2004-07-20,3.529534339904785,3.665285743659165,3.2580315323960263,3.2580315323960263,10100
2004-07-21,3.3032824993133545,3.529534719382189,3.3032824993133545,3.529534719382189,1300
2004-07-22,3.574784994125366,3.6200353933885383,3.167530969214971,3.167530969214971,9100
2004-07-23,3.484283685684204,3.6652856989985145,3.439033290241079,3.6200350877844842,8300
2004-07-26,3.484283685684204,3.484283685684204,3.484283685684204,3.484283685684204,0
2004-07-27,3.3032824993133545,3.393783301032516,3.3032824993133545,3.393783301032516,2600
2004-07-28,3.3937833309173584,3.5747851517204707,3.212781510114246,3.258031911372291,5600
2004-07-29,3.3485329151153564,3.3485329151153564,3.122280694036899,3.122280694036899,2600
2004-07-30,3.3937833309173584,3.529534750462426,3.303282528401269,3.529534750462426,3900
2004-08-02,3.3032824993133545,3.8462877411701846,3.2580318826828427,3.8462877411701846,3500
2004-08-03,3.3485329151153564,3.3485329151153564,3.077030292975394,3.3032825140538513,5400
2004-08-04,3.2580313682556152,3.393782765170806,3.1675305808260856,3.393782765170806,2000
2004-08-05,3.1675307750701904,3.258031568049546,3.1222803785805127,3.1675307750701904,4400
2004-08-06,3.2580313682556152,3.3485323714560415,3.1675305808260856,3.1675305808260856,5900
2004-08-09,3.3485329151153564,3.3485329151153564,3.2580318972214144,3.3485329151153564,2600
2004-08-10,3.3032824993133545,3.393783301032516,3.2580318826828427,3.2580318826828427,5700
2004-08-11,3.2127811908721924,3.4390333904515145,3.1675307941105104,3.1675307941105104,500
2004-08-12,3.1675307750701904,3.3937829732894897,3.0317793698302467,3.0317793698302467,2104
2004-08-13,3.1675307750701904,3.258031568049546,3.1675307750701904,3.1675307750701904,1500
2004-08-16,3.3032824993133545,3.3032824993133545,3.122280680104101,3.2580318826828427,8000
2004-08-17,3.2127811908721924,3.2127811908721924,3.1675307941105104,3.1675307941105104,1900
2004-08-18,3.2580313682556152,3.2580313682556152,3.1675305808260856,3.2580313682556152,2000
2004-08-19,3.439033269882202,3.4842836650574474,3.2580314734103166,3.2580314734103166,5600
2004-08-20,3.2580313682556152,3.393782765170806,3.2580313682556152,3.393782765170806,3300
2004-08-23,3.2580313682556152,3.4390331588855707,3.21278097454085,3.21278097454085,1300
2004-08-24,3.3485329151153564,3.3485329151153564,3.3485329151153564,3.3485329151153564,100
2004-08-25,3.2127811908721924,3.52953439974579,3.1675307941105104,3.52953439974579,12400
2004-08-26,3.3032824993133545,3.393783301032516,3.212781481823262,3.212781481823262,6200
2004-08-27,3.439033269882202,3.4842836650574474,3.3485324795317117,3.4842836650574474,17900
2004-08-30,3.574784994125366,3.7105361919148825,3.4842839798280987,3.6200353933885383,35600
2004-08-31,3.936788320541382,3.9367883205413823,3.620035316643448,3.6652859307182264,23000
2004-09-01,4.344043254852295,4.344043254852295,3.936788956967569,3.936788956967569,48200
2004-09-02,4.298791408538818,4.570294196431668,4.163040014592394,4.389292193989173,59900
2004-09-03,4.1177897453308105,4.29879131217406,4.1177897453308105,4.1177897453308105,9500
2004-09-06,4.2082905769348145,4.344041969392411,4.072539184477217,4.1177897924770095,21900
2004-09-07,4.2082905769348145,4.389292145850423,4.1630399689350215,4.2082905769348145,18200
2004-09-08,4.434543132781982,4.434543132781982,4.208290936533328,4.298791728724426,22900
2004-09-09,4.434543132781982,4.660795329030637,4.344042340590884,4.479793313106623,43500
2004-09-10,4.479793071746826,4.525043681175297,4.253540887688062,4.389292284431679,8400
2004-09-13,4.615545272827148,4.796547310541898,4.615545272827148,4.796547310541898,32000
2004-09-14,4.660796165466309,4.796547593886084,4.615545545479085,4.615545545479085,32900
2004-09-15,4.570294380187988,4.751295958366169,4.525043769872542,4.660795169277079,25900
2004-09-16,4.434543132781982,4.570294536839539,4.11779014434223,4.163040324666871,15000
2004-09-17,4.2082905769348145,4.660794930765616,4.072539184477217,4.660794930765616,9000
2004-09-20,4.660796165466309,4.660796165466309,4.525044737046533,4.615545545479085,21400
2004-09-21,4.615545272827148,4.706046075913589,4.525044469740708,4.615545272827148,11400
2004-09-22,4.479793071746826,4.6155444684904445,4.43454289386015,4.43454289386015,14600
2004-09-23,4.479793071746826,4.660795077918915,4.344042106545003,4.660795077918915,11200
2004-09-24,4.3892927169799805,4.570294740989138,4.163040510624911,4.434543330867729,11000
2004-09-27,4.615545272827148,4.706046075913589,4.389293049340113,4.434543666654268,18800
2004-09-28,4.751296520233154,4.932298119815772,4.660795720441846,4.796547135899735,35200
2004-09-29,5.249051570892334,5.249051570892334,4.796547140006507,4.977548739744096,61700
2004-09-30,5.520554065704346,5.701556100105289,5.294301846359562,5.294301846359562,70300
2004-10-01,5.837306976318359,5.837306976318359,5.611054761243356,5.611054761243356,62900
2004-10-04,5.565804481506348,6.154060316900682,5.565804481506348,5.656305279672742,83300
2004-10-05,5.2943010330200195,5.656304614667071,5.2943010330200195,5.656304614667071,6900
2004-10-06,5.068049430847168,5.203800843507917,5.068049430847168,5.203800843507917,10600
2004-10-07,4.841796398162842,4.88704700521386,4.841796398162842,4.841796398162842,7300
2004-10-08,4.660796165466309,4.841797782331412,4.660796165466309,4.75129697389886,19650
2004-10-11,5.339552402496338,5.927808252452536,5.113300185708712,5.158550370141123,29900
2004-10-12,4.977548599243164,5.113300010985436,4.751296390186656,5.113300010985436,7100
2004-10-14,5.022799015045166,5.249051215154555,4.660795408561778,5.249051215154555,12700
2004-10-15,4.841796398162842,5.068048570334393,4.706045008551557,4.796546222653594,8900
2004-10-18,4.570294380187988,5.430052523847051,4.525043769872542,4.9322975365443495,17200
2004-10-19,4.751296520233154,4.841797320024463,4.615545104775265,4.615545104775265,12200
2004-10-20,4.660796165466309,4.887048402318635,4.525044737046533,4.887048402318635,5900
2004-10-21,4.887048244476318,4.977549049985867,4.660796014931506,4.841797625950604,6200
2004-10-22,4.887048244476318,4.887048244476318,4.887048244476318,4.887048244476318,0
2004-10-25,4.615545272827148,5.022799534028934,4.615545272827148,5.022799534028934,16300
2004-10-26,4.706045627593994,4.706045627593994,4.525044038664159,4.6607954461324494,6800
2004-10-27,4.841796398162842,4.841796398162842,4.570294050482043,4.751295615602576,10700
2004-10-28,4.706045627593994,4.887047648065657,4.706045627593994,4.887047648065657,3700
2004-10-29,4.796546936035156,4.9322979142946615,4.615544912452756,4.615544912452756,11690
2004-11-01,4.706045627593994,4.706045627593994,4.525044038664159,4.525044038664159,5600
2004-11-02,4.706045627593994,4.841797035062284,4.525044038664159,4.525044038664159,18500
2004-11-03,4.796546936035156,5.02279914185678,4.525044116432474,5.02279914185678,13300
2004-11-04,4.660796165466309,4.977549210751187,4.615545545479085,4.977549210751187,16300
2004-11-05,4.751296520233154,4.887047935691044,4.615545104775265,4.615545104775265,9800
2004-11-08,5.068049430847168,5.203800843507917,4.887047834994065,4.932298018186418,16100
2004-11-09,5.022799015045166,5.203800602515948,4.84179699603256,4.84179699603256,12100
2004-11-10,5.2943010330200195,5.339551642554074,4.977548060907022,4.977548060907022,28000
2004-11-11,5.611054420471191,5.7015556462383294,5.249051243569948,5.249051243569948,41700
2004-11-12,6.697065830230713,6.742316015521286,5.792056945916883,5.8373071312074565,117300
2004-11-15,6.697065830230713,6.697065830230713,6.697065830230713,6.697065830230713,0
2004-11-16,6.6518144607543945,7.918826841741378,6.5160630571590366,7.7378252579754445,51100
2004-11-17,6.832817077636719,7.2400708927364,6.606564862238706,6.606564862238706,73900
2004-11-18,6.697065830230713,6.878067434476733,6.335062190196808,6.878067434476733,24900
2004-11-19,6.425562381744385,6.651814581323706,6.244560794697656,6.5613137878003425,26350
2004-11-22,7.013818740844727,7.240070958291331,6.425562889175184,6.561314305951519,69900
2004-11-23,6.968567371368408,7.647323950327999,6.787565789595908,7.330571397997029,69600
2004-11-24,7.013818740844727,7.240070958291331,6.561314305951519,6.561314305951519,50200
2004-11-25,6.697065830230713,7.330572308175513,6.561314411275266,7.330572308175513,28700
2004-11-26,6.697065830230713,6.697065830230713,6.697065830230713,6.697065830230713,0
2004-11-29,7.05906867980957,7.602073431743456,6.60656428832285,7.602073431743456,52800
2004-11-30,6.380312919616699,7.602074417149422,6.244561498265773,7.602074417149422,71200
2004-12-01,6.199311256408691,6.5613149247735425,6.108810447202954,6.5613149247735425,37000
2004-12-02,6.199311256408691,6.516064304399724,6.154061067576771,6.154061067576771,26000
2004-12-03,6.470812797546387,6.697064990247017,6.1088092029170165,6.335061395617647,37800
2004-12-06,6.832817077636719,7.783076554925112,6.787566461940375,7.783076554925112,65700
2004-12-07,7.240070343017578,7.556823765758054,6.7875659465789795,7.104318937777634,146500
2004-12-08,7.285321235656738,7.556824056585523,7.149569825192345,7.46632282858137,78200
2004-12-09,7.285321235656738,7.511573442583446,7.194820007652584,7.421072214579293,74200
2004-12-10,8.778585433959961,8.778585433959961,7.2400706033622235,7.2400706033622235,306000
2004-12-13,10.543352127075195,10.543352127075195,9.050087959063223,9.457341744604339,393444
2004-12-14,11.629364967346191,11.629364967346191,11.312611500109616,11.312611500109616,135000
2004-12-15,10.588602066040039,12.805873302372813,10.49810171005552,12.805873302372813,709400
2004-12-16,10.271849632263184,10.950606193080127,10.09084719224512,10.679103396136629,164800
2004-12-17,9.774096488952637,10.814856399625269,9.638344633375493,10.588604170080457,185000
2004-12-20,10.769604682922363,10.769604682922363,10.136098677412283,10.498102725620667,210500
2004-12-21,10.905356407165527,11.538862405850384,10.679104203129246,11.493611792426394,207800
2004-12-22,10.31710147857666,11.176860654361194,10.045599489469728,11.086359415936366,107600
2004-12-23,10.22659969329834,10.679104096868322,10.045598104487077,10.543352257947134,61700
2004-12-24,10.679104804992676,11.086358622593659,10.407601972230783,10.407601972230783,130600
2004-12-27,11.176859855651855,11.493612441335753,10.49810320522159,10.860106406884247,172300
2004-12-28,11.448362350463867,12.172369650081242,11.222110123276172,11.222110123276172,301511
2004-12-29,10.679104804992676,11.765115272956535,10.58860357304414,11.765115272956535,143800
2004-12-30,10.588602066040039,11.267358619800087,10.000346731348099,10.226598915934781,121800
2004-12-31,10.905356407165527,11.312610201814103,10.679104203129246,10.860105793741539,140400
2005-01-03,11.312609672546387,11.584112477304224,10.950606508258351,11.222108449932566,159300
2005-01-04,10.995856285095215,11.538861896023908,10.860105313904855,11.538861896023908,122700
2005-01-05,10.045598030090332,11.176859030637276,9.90984619217451,10.860105605250673,152300
2005-01-06,9.457341194152832,9.955096175546895,9.05008743231536,9.728843989739012,128500
2005-01-07,9.774096488952637,9.90984748144602,9.231090792811584,9.728845870426921,78400
2005-01-10,10.724355697631836,10.769605451689735,9.864596561191984,10.136099400958058,166000
2005-01-11,10.045598030090332,11.584112818217447,10.000347417451724,11.222108780192235,90700
2005-01-12,9.050087928771973,10.36235050582718,9.050087928771973,10.045597946170346,150000
2005-01-13,9.321592330932617,9.683595564662824,9.050089474093067,9.683595564662824,82100
2005-01-14,9.231090545654297,9.819346844570832,9.004838322167261,9.638344375314214,70600
2005-01-17,8.733335494995117,9.2763411774449,8.59758450592454,9.231090560060128,52100
2005-01-18,8.68808650970459,9.321592619913842,8.59758526692449,8.823837510790923,50900
2005-01-19,8.959586143493652,9.231088936980889,8.823835178291828,9.004836752922124,78900
2005-01-20,8.778585433959961,9.185839232782351,8.642834455380388,9.185839232782351,48600
2005-01-24,8.099830627441406,9.050090279394613,7.964079618484033,9.050090279394613,35322
2005-01-25,8.326081275939941,8.597584104487877,7.964078079931826,8.597584104487877,52400
2005-01-27,8.869086265563965,9.004837238079704,8.371331261200199,8.507082233715938,38100
2005-01-28,9.004838943481445,9.276341803015738,8.823837324819849,9.276341803015738,45900
2005-01-31,8.959586143493652,9.276339546409359,8.8690857877203,9.276339546409359,32500
2005-02-01,8.914337158203125,9.366841564952855,8.778585318328009,9.366841564952855,34300
2005-02-02,8.68808650970459,9.050089754657357,8.59758526692449,9.050089754657357,33600
2005-02-03,9.593093872070312,9.593093872070312,8.778585413262265,8.823836027043322,87000
2005-02-04,9.955097198486328,10.362351002171305,9.321591185744843,10.181349407542836,168500
2005-02-07,10.045598030090332,10.407601205031895,9.955096804813117,10.045598030090332,154500
2005-02-08,10.814854621887207,10.950606455149561,10.181348655913743,10.271849878088645,234800
2005-02-09,11.357860565185547,11.357860565185547,11.08635775370263,11.131608366130392,98500
2005-02-10,11.94611644744873,11.94611644744873,11.267359821308647,11.94611644744873,468600
2005-02-11,11.99136734008789,12.57962275116061,11.900866109268842,12.489122383425261,316100
2005-02-14,11.448362350463867,12.398621877268937,11.40311259549333,12.172369650081242,157400
2005-02-15,10.905356407165527,11.765114609886666,10.905356407165527,11.765114609886666,79700
2005-02-16,10.633853912353516,11.31261054505693,10.498102931046308,11.086358334155792,109000
2005-02-17,10.498103141784668,10.588603510111609,10.31710067896337,10.543352894406285,48600
2005-02-18,11.041108131408691,11.041108131408691,10.407602089860042,10.407602089860042,71800
2005-02-21,11.041108131408691,11.58411380306966,10.950607761521011,11.58411380306966,131800
2005-02-22,10.814854621887207,11.222108395507032,10.498102070442284,10.543351818446116,58400
2005-02-23,10.814854621887207,11.222108395507032,10.769604010799755,11.086357425328297,62900
2005-02-24,11.357860565185547,11.357860565185547,10.860105554647475,10.99585652884711,72300
2005-02-25,11.312609672546387,11.94611564159226,11.312609672546387,11.855615282062063,306700
2005-02-28,11.493612289428711,11.765115118629202,11.086358477169826,11.765115118629202,89600
2005-03-01,11.222108840942383,11.7651144693779,11.131608478258899,11.448361042276574,82300
2005-03-02,11.448362350463867,11.674614577651562,11.131609750251346,11.40311259549333,80800
2005-03-03,12.036617279052734,12.036617279052734,11.448361037955669,11.448361037955669,103900
2005-03-04,12.670123100280762,12.670123100280762,12.353369677540286,12.579621875759585,300700
2005-03-07,13.303628921508789,13.303628921508789,13.077376726030463,13.258378309796397,72500
2005-03-08,13.982385635375977,13.982385635375977,13.982385635375977,13.982385635375977,19000
2005-03-09,14.706393241882324,14.706393241882324,14.706393241882324,14.706393241882324,246800
2005-03-10,15.475650787353516,15.475650787353516,14.796894189014917,15.475650787353516,109230
2005-03-11,15.520899772644043,16.290157558122143,15.385148804893134,16.018655622620322,424900
2005-03-14,14.842144012451172,16.24490869171321,14.751642786987928,15.928155265675505,192400
2005-03-15,14.389640808105469,14.93264647988005,14.299140438198853,14.93264647988005,100500
2005-03-16,15.113649368286133,15.113649368286133,14.389641210294899,14.661144916854422,97800
2005-03-17,14.480140686035156,15.6566514263086,14.38963946151398,14.66114313507751,212098
2005-03-18,13.801384925842285,14.480141561539448,13.756134310845736,14.480141561539448,131500
2005-03-21,13.167878150939941,13.710882910546381,13.122627538535161,13.710882910546381,90500
2005-03-22,12.53437328338623,13.21312994068692,12.53437328338623,12.98687772158669,74100
2005-03-23,11.94611644744873,12.398620864875452,11.94611644744873,12.262869884880908,51000
2005-03-24,11.357860565185547,12.30811997383393,11.357860565185547,11.946115937495493,75200
2005-03-28,11.629364967346191,11.855617197348383,11.267360881492426,11.357862118726807,79700
2005-03-29,11.086357116699219,11.71986306503674,11.086357116699219,11.493610878981654,48400
2005-03-30,11.448362350463867,11.674614577651562,10.905357523063651,11.176860368305634,67700
2005-03-31,12.036617279052734,12.036617279052734,11.810365077803937,11.991366666186243,18400
2005-04-01,12.670123100280762,12.670123100280762,11.674613082882388,12.579621875759585,37900
2005-04-04,13.303628921508789,13.303628921508789,13.258378309796397,13.258378309796397,16300
2005-04-05,13.982385635375977,13.982385635375977,13.937135023251182,13.937135023251182,31200
2005-04-06,14.706393241882324,14.706393241882324,13.575132223275991,14.661143491605001,169200
2005-04-07,13.982385635375977,15.249398459452035,13.982385635375977,15.249398459452035,122400
2005-04-08,13.34887981414795,13.982385802202648,13.303629201483261,13.34887981414795,64800
2005-04-11,12.85112476348877,13.303629162647413,12.715373788974635,12.986876601086552,42091
2005-04-12,13.801384925842285,14.163388119647294,12.986877308239169,13.213129520138224,102500
2005-04-13,13.620382308959961,14.389639253959732,13.213128530656125,14.253888282219664,91900
2005-04-15,12.805874824523926,13.213129495654544,12.308120649735292,13.167878880741842,36900
2005-04-18,12.443870544433594,12.760623958070806,11.946115550039528,12.62487212519045,30600
2005-04-19,12.217618942260742,13.30362934228941,11.81036515013545,12.670123347529659,62100
2005-04-20,12.262868881225586,12.624872040305318,12.12711704925798,12.443870460765453,31500
2005-04-21,12.53437328338623,12.670124269612879,11.9461169958754,11.9461169958754,20300
2005-04-22,12.624874114990234,12.986878196642838,12.5343737418899,12.670124733082279,42300
2005-04-25,12.489120483398438,13.077375804977192,12.353368657822406,13.077375804977192,23700
2005-04-26,12.30811882019043,12.941624745549445,12.217617603817615,12.217617603817615,43700
2005-04-27,12.262868881225586,12.353369239453714,11.765113890178245,12.12711704925798,16500
2005-04-28,11.90086555480957,12.39862057495662,11.810365191290618,12.39862057495662,20100
2005-04-29,11.40311050415039,12.443870213103818,11.312609284639834,12.21761802741102,24900
2005-05-02,11.719862937927246,11.94611512152848,11.222107961387811,11.674612328590282,25600
2005-05-03,11.674613952636719,11.946116783343465,11.448361737561715,11.5388629688252,15600
2005-05-04,11.719862937927246,12.172367305129715,11.674612328590282,11.674612328590282,7800
2005-05-05,11.85561466217041,12.353368771269604,11.765113444288605,12.353368771269604,20500
2005-05-06,11.538862228393555,11.900865404050872,11.4483610029374,11.855615654406446,16100
2005-05-09,11.719862937927246,11.991365730865445,11.493610754326012,11.94611512152848,24600
2005-05-10,11.629364967346191,11.855617197348383,11.493613111494618,11.765115960114,20300
2005-05-11,11.765114784240723,11.991366991629969,11.403111597651403,11.991366991629969,11700
2005-05-12,12.172369003295898,12.217619618945774,11.719864572964575,11.765115188614448,31000
2005-05-13,13.077377319335938,13.394130752609781,12.217619110128792,12.217619110128792,137800
2005-05-16,13.303628921508789,13.665632952124287,13.077376726030463,13.213128561167638,78800
2005-05-17,12.941625595092773,14.253888140139704,12.760624013548993,13.529880950880964,67600
2005-05-18,12.896374702453613,13.213128110554337,12.579621294352892,12.71537312486046,34956
2005-05-19,13.122628211975098,13.52988201835069,12.986877230877797,13.348880422526394,41600
2005-05-20,12.85112476348877,13.394130387712602,12.76062440150723,13.394130387712602,47800
2005-05-23,13.258378982543945,13.439381438577813,13.032126775585287,13.032126775585287,65300
2005-05-24,13.394131660461426,13.756134868953467,13.303630426796552,13.394131660461426,93200
2005-05-25,13.032125473022461,13.575131060683225,12.941625117134725,13.25837765736718,38500
2005-05-26,12.760625839233398,13.258380043922427,12.670124603971532,13.122629054113373,25800
2005-05-27,12.624874114990234,12.851126342366705,12.44387250570581,12.760625969266368,27933
2005-05-30,12.443870544433594,12.851124316907425,12.308119574636857,12.760623958070806,27100
2005-05-31,12.262868881225586,12.489121071421321,12.172367659913848,12.308119491881456,24400
2005-06-01,12.579623222351074,12.851126061894107,12.398621617016964,12.534373468330347,29300
2005-06-02,12.489120483398438,12.851123625434045,12.217617695329947,12.805873016908702,64500
2005-06-03,12.53437328338623,12.80587525583953,12.39862143407586,12.39862143407586,35473
2005-06-06,14.253890037536621,14.932646705990747,14.02763781471858,14.434891643174307,218700
2005-06-07,14.072887420654297,14.615892198548307,13.982386192796792,14.570642447703229,85700
2005-06-08,14.072887420654297,14.570642447703229,13.93713557886804,14.299139627214387,112800
2005-06-09,14.027637481689453,14.93264635147587,13.846635880348913,14.93264635147587,100500
2005-06-10,13.756133079528809,14.38963904352405,13.575131498827828,14.253888073769218,96400
2005-06-13,15.928154945373535,16.516410309804346,13.620382373304695,13.801383957507742,452709
2005-06-14,16.923664093017578,17.91917232399858,16.063905101351605,16.335407032316027,1027400
2005-06-15,16.471158981323242,17.421417423021193,16.29015655139644,17.19516524869624,268500
2005-06-16,15.430397987365723,17.05941471925948,15.29464702458303,16.51640914196156,232900
2005-06-17,14.480140686035156,15.747152650829776,14.118137514117734,15.747152650829776,149100
2005-06-20,14.344389915466309,15.023146519736,14.072887101141701,14.751642842327739,83500
2005-06-21,14.525391578674316,15.20414822676503,13.756134562021733,13.891886409490102,114800
2005-06-22,14.344389915466309,15.158897495356479,14.1633874638608,14.706393092510016,110900
2005-06-23,13.982385635375977,14.344389669290695,13.801384049960436,14.11813747175036,74000
2005-06-24,14.344389915466309,14.751642842327739,12.353369852474952,12.353369852474952,100100
2005-06-27,14.208639144897461,14.66114444484469,14.027637542768801,14.027637542768801,56500
2005-06-28,13.529881477355957,14.751642847630388,13.394130501686682,14.661143347962412,69300
2005-06-29,13.484630584716797,13.75613339350702,13.303628999884529,13.575131808674751,45200
2005-06-30,13.801384925842285,14.480141561539448,13.710883695849187,13.98238652274479,89900
2005-07-01,13.620382308959961,13.982385475655898,13.575131697352061,13.575131697352061,34503
2005-07-04,14.570642471313477,14.842144429158585,13.57513241560249,13.57513241560249,157400
2005-07-05,14.072887420654297,14.706393426405812,14.027636806725544,14.027636806725544,85600
2005-07-06,14.344389915466309,14.57064211688954,14.027636488240324,14.118137714043078,35700
2005-07-07,14.072887420654297,14.661143675560734,14.027636806725544,14.163387785428128,72800
2005-07-08,14.253890037536621,14.706394483172705,13.982387197538225,14.706394483172705,88600
2005-07-11,14.525391578674316,14.706394041965474,14.389640594289657,14.525391578674316,72400
2005-07-12,14.434890747070312,15.113648236471567,14.299139767040272,14.84214455024412,63426
2005-07-13,14.389640808105469,14.93264647988005,14.208639205208515,14.93264647988005,49200
2005-07-14,14.344389915466309,14.932645293933247,14.253888689663555,14.525390640904508,54700
2005-07-15,14.525391578674316,14.842145026350133,14.389640594289657,14.570643057580815,53400
2005-07-18,15.747153282165527,16.290158924895515,14.842144453004666,15.294648867585098,245500
2005-07-19,15.792404174804688,16.697412970468744,15.385149526288947,16.33540807126929,116200
2005-07-20,18.959936141967773,18.959936141967773,16.018657372641872,16.109156876917982,758400
2005-07-21,18.190677642822266,21.131956310342844,17.919173960889196,20.317448716878303,1020400
2005-07-22,20.95095443725586,21.855963283151727,18.100176917917352,18.100176917917352,1641700
2005-07-25,19.9554443359375,21.493960062453777,19.683942372983985,21.40345883274681,402800
2005-07-26,19.593442916870117,20.27219961186216,18.55268299644916,20.13644861809726,342900
2005-07-27,20.181692123413086,21.26770318951468,19.457685896790025,21.26770318951468,481500
2005-07-28,20.181692123413086,20.181692123413086,20.181692123413086,20.181692123413086,0
2005-07-29,19.14093589782715,20.362698130915543,19.00518492218784,20.045944703645617,233200
2005-08-01,19.321937561035156,19.638690975380108,18.914682924567757,19.638690975380108,188700
2005-08-02,19.367185592651367,19.72918872289243,19.186184890614378,19.63868923495748,162200
2005-08-03,19.14093589782715,20.54370058254616,19.05043467201184,19.72919127637569,201200
2005-08-04,19.050434112548828,19.638691199989058,18.824181917738663,19.457688753674024,126700
2005-08-05,18.73368263244629,19.27668652519303,18.597929933092328,19.27668652519303,100900
2005-08-08,18.326425552368164,19.4576863889341,18.145423128050794,18.643178931840033,98900
2005-08-09,17.78342056274414,18.552678300943512,17.64766960333651,18.41692734153588,149100
2005-08-10,19.774444580078125,20.181697544637604,17.828675812958487,18.10017778933147,312700
2005-08-11,19.367185592651367,20.272194281337573,19.050432206377778,20.04594210916602,139700
2005-08-12,20.45319938659668,21.40345794362672,18.824182498044355,18.824182498044355,447700
2005-08-16,20.63420295715332,21.358211138384387,20.453202206471214,20.815205434002973,234900
2005-08-17,21.674959182739258,22.353715711724824,20.091193948439603,20.95095118278772,536200
2005-08-18,21.177204132080078,22.625218458668282,20.815200981974822,21.946461904908237,310600
2005-08-19,21.041454315185547,21.674961157077398,20.815202118248067,20.815202118248067,182900
2005-08-22,22.26321792602539,23.39447898195994,20.905704658903932,21.26770785156951,536600
2005-08-23,21.31295394897461,23.30397375650179,20.996202288557768,22.53471602513142,354625
2005-08-24,20.76995277404785,21.720211329234957,20.362698121157774,21.720211329234957,187100
2005-08-25,21.448711395263672,21.62971213766274,21.041456704072697,21.041456704072697,84000
2005-08-26,21.584457397460938,22.3084636521422,21.267704013725233,21.72020835444279,156100
2005-08-29,21.31295394897461,22.036961936333167,20.72469864598565,21.94646072214246,136700
2005-08-30,21.629709243774414,22.03696388047786,21.493958273595677,21.720210465949318,142600
2005-08-31,22.172714233398438,22.987221757963308,21.403456455577707,21.855960827687877,231400
2005-09-01,21.855966567993164,22.62522454785372,21.720215565939572,22.26322130032159,110300
2005-09-02,21.493961334228516,22.263219243002823,21.448711579781342,22.127468253493824,120000
2005-09-05,21.493961334228516,22.172718007940993,21.31295886410486,21.85596454830834,98800
2005-09-06,21.35820960998535,21.855963796451157,21.22245862514626,21.8107140435606,109300
2005-09-08,21.041454315185547,21.62970968198954,20.860451867168653,21.448708960139918,102500
2005-09-09,20.679452896118164,21.312958065477638,20.362699448354718,21.17720708105542,99100
2005-09-12,20.58894920349121,21.041453581589916,20.407946761784842,20.860451139883548,82500
2005-09-13,24.118486404418945,24.70674183356722,20.543702349645606,20.543702349645606,1696200
2005-09-14,22.896724700927734,24.661492763458757,21.946466037206417,24.435240536271063,660100
2005-09-15,23.16822624206543,23.43972819882699,22.85147280839871,23.16822624206543,241300
2005-09-16,23.258729934692383,24.299489847468962,23.122977215757047,23.394480927460194,296500
2005-09-19,22.80622100830078,23.937481936764765,22.625218569279667,23.937481936764765,212200
2005-09-20,21.855966567993164,22.62522454785372,20.86045634265407,20.905707827450367,137600
2005-09-21,19.593442916870117,21.72021423974536,17.96442753935623,21.72021423974536,399792
2005-09-22,16.561664581298828,19.86494892627376,16.290162562392712,19.86494892627376,315200
2005-09-23,17.466670989990234,17.738174694298866,16.606913575098268,16.697414809867812,175000
2005-09-26,19.683940887451172,19.8196918586829,17.69292088882829,18.10017552869073,257700
2005-09-27,19.910194396972656,21.13195667111127,19.548191207715718,19.910194396972656,247800
2005-09-28,19.50294303894043,20.181699781263198,19.367192035709408,19.910197774801155,115400
2005-09-29,18.326425552368164,20.181692633869478,18.100173385054976,19.910190723560476,123900
2005-09-30,17.10466766357422,17.602423588419896,16.38066124255728,17.42142112008193,180600
2005-10-03,18.00967788696289,18.190680368708286,16.923668174993313,17.014167689698414,126900
2005-10-04,18.235925674438477,18.597928823392078,18.100174709351773,18.32642689321867,81700
2005-10-05,18.145427703857422,18.55268239818706,17.69292325512115,18.190679184431538,66200
2005-10-06,17.421419143676758,18.009674509788233,16.606911580894156,16.606911580894156,66200
2005-10-07,17.149919509887695,17.873925946361936,16.878415801584225,17.466671246990483,64300
2005-10-10,16.968914031982422,17.42141840616862,16.742661844889323,17.19516621907552,18200
2005-10-11,16.787912368774414,16.968914817292447,16.516410422164647,16.968914817292447,26700
2005-10-13,16.652162551879883,17.195168208975755,16.561661321336004,16.561661321336004,51200
2005-10-14,15.973405838012695,16.92366616506772,15.882904607888305,16.380660510488763,49500
2005-10-17,15.249399185180664,16.335408749357793,15.113648205429444,16.335408749357793,45900
2005-10-18,15.113649368286133,15.973406790305887,14.932646897246451,15.385151348678162,50100
2005-10-19,13.846635818481445,15.20414825401192,13.575132986141865,14.661144315500184,47400
2005-10-20,12.760625839233398,14.480142404538894,12.443872378900611,14.253890179467973,66200
2005-10-21,12.262868881225586,12.805873619845185,11.357860120442645,11.991366080373982,130800
2005-10-24,13.077377319335938,13.484631117056828,12.217619110128792,12.217619110128792,62400
2005-10-25,12.760625839233398,13.439382514446159,12.534373614162478,13.439382514446159,46400
2005-10-26,12.896374702453613,13.213128110554337,12.489120937098114,13.213128110554337,24100
2005-10-27,12.98687744140625,14.118138512501439,12.670123996266117,12.670123996266117,85800
2005-10-28,12.670123100280762,13.846634703637847,12.534372126582639,12.805874073978885,67500
2005-10-31,13.032125473022461,13.303628266852842,12.398619529473962,12.8511238981634,39500
2005-11-02,13.394131660461426,13.575133264707446,12.76062561405849,12.76062561405849,20800
2005-11-04,13.394131660461426,13.394131660461426,13.394131660461426,13.394131660461426,0
2005-11-07,14.072887420654297,14.253889013285635,13.077377366556433,13.077377366556433,35000
2005-11-08,14.027637481689453,14.661144381006917,13.575133046796246,14.389640684370534,60200
2005-11-09,13.710884094238281,14.480141982280417,13.57513310838789,14.480141982280417,35800
2005-11-10,13.801384925842285,14.253889349640394,13.756134310845736,13.846635540838836,33100
2005-11-11,14.11813735961914,14.434889915809666,13.846634552110382,13.846634552110382,49500
2005-11-14,14.027637481689453,14.299140315242122,13.891886496454978,14.253889699136058,27900
2005-11-16,14.208639144897461,14.344390993806746,14.118138775374991,14.118138775374991,31200
2005-11-17,14.11813735961914,14.299138943597104,13.937134912557546,14.072886747853742,48100
2005-11-18,14.615891456604004,15.113647321469104,14.072886706274463,14.072886706274463,97300
2005-11-21,14.253890037536621,14.796895717533415,14.118139049079291,14.389641025993953,31500
2005-11-22,13.710884094238281,14.072888161645524,13.710884094238281,13.982386929022784,41700
2005-11-23,13.575133323669434,14.027637767791747,13.439382335666233,13.665634557727389,24300
2005-11-24,13.801384925842285,13.98238652274479,13.710883695849187,13.756134310845736,22600
2005-11-25,13.710884094238281,14.027637545334153,13.620383724699261,13.801385326861022,25200
2005-11-28,13.846635818481445,14.29914025135284,13.756134586673681,14.253889635448958,53000
2005-11-29,13.575133323669434,14.480142211914062,13.484632089611477,14.208639372823926,39400
2005-11-30,13.439380645751953,14.253888197519625,13.258378200395915,13.575131616685358,48300
2005-12-01,13.167878150939941,13.394130349880204,12.896375339594899,13.348879737475421,32300
2005-12-02,13.032125473022461,13.394129485824166,12.941625117134725,13.167877301479447,34600
2005-12-05,13.032125473022461,13.665632279654549,12.986875726620386,13.122626691993784,65800
2005-12-06,12.98687744140625,13.213129655625288,12.896376210485155,12.896376210485155,8700
2005-12-07,12.670123100280762,13.032126272198184,12.670123100280762,12.71537371254135,18600
2005-12-08,12.715373992919922,12.941626196128164,12.67012337966154,12.851124969611401,18000
2005-12-09,12.805874824523926,12.986877284174732,12.534372861215106,12.534372861215106,33200
2005-12-12,12.805874824523926,13.03212703600374,12.760625072694918,12.94162666926203,29800
2005-12-13,13.258378982543945,13.439381438577813,12.760624817701835,12.986877024660496,69800
2005-12-14,12.941625595092773,13.348879369337183,12.760624013548993,13.122627176636554,35700
2005-12-15,12.941625595092773,13.122627176636554,12.851124372779074,12.851124372779074,30300
2005-12-16,12.98687744140625,13.213129655625288,12.760625227187212,12.760625227187212,43600
2005-12-19,12.760625839233398,13.258380043922427,12.760625839233398,12.896376829042453,14100
2005-12-20,15.3399019241333,15.3399019241333,12.670124912762716,12.715375531496479,213400
2005-12-21,16.923664093017578,17.828672831121892,15.611400732299447,16.516409470403765,746300
2005-12-22,17.69292449951172,17.828677224614438,17.104669020014487,17.60242498433338,390600
2005-12-23,16.51641082763672,18.054926499308163,16.19965739803762,18.054926499308163,262200
2005-12-26,16.742664337158203,17.104667545160563,16.471162362698294,16.65216310361575,141800
2005-12-27,16.4259090423584,16.92366490798578,16.335407818956398,16.742662461181776,60800
2005-12-28,19.729190826416016,19.729190826416016,15.74715251686576,15.74715251686576,610300
2005-12-29,20.860454559326172,23.077727065931708,20.317450597532364,20.317450597532364,1186700
2005-12-30,19.548192977905273,21.086707103109482,19.367190503802416,21.086707103109482,202300
2006-01-02,20.04594612121582,21.177207208487225,19.548191933283373,19.638693165498573,168600
2006-01-03,19.729190826416016,20.543700114010136,19.63869132883202,20.407947415299603,105200
2006-01-04,19.321937561035156,20.000694137702663,19.14093511679026,20.000694137702663,97400
2006-01-05,18.326425552368164,19.548187601092785,18.23592434020948,19.548187601092785,93400
2006-01-06,19.050434112548828,20.13644533810451,18.19067680797056,18.32642777962321,207000
2006-01-09,19.367185592651367,20.317445751472132,18.688429076136714,19.140933420479815,154700
2006-01-10,18.643184661865234,19.593443366177976,18.552683421890787,19.593443366177976,99300
2006-01-12,18.190677642822266,19.14093621416967,18.100176415511243,18.371678371276975,92900
2006-01-13,19.45768928527832,19.683941486269926,18.371678030051676,18.68843145667339,161100
2006-01-16,18.73368263244629,19.774442395100575,18.552680184085858,19.774442395100575,82600
2006-01-17,17.421419143676758,19.321937940947677,17.19516694700563,18.959934771507328,98524
2006-01-18,17.24041748046875,17.64767214347748,17.104666501521624,17.330918708489282,59200
2006-01-19,17.82867431640625,18.10017626998916,17.421419659864565,18.10017626998916,52300
2006-01-20,18.00967788696289,18.73368608777687,17.873926888737643,18.371681124286084,75884
2006-01-23,18.190677642822266,18.326428620705133,17.42141979992957,17.64767200512346,65400
2006-01-24,18.145427703857422,19.00518684692333,18.00967671447004,19.00518684692333,69600
2006-01-25,17.647672653198242,18.46218027657391,17.5119216703302,18.100177080203327,58000
2006-01-27,17.647672653198242,18.643182737842906,17.5119216703302,18.643182737842906,37200
2006-01-30,17.059415817260742,17.738172401028404,16.968914594191602,17.692920926410206,63800
2006-01-31,16.878414154052734,17.557170769305532,16.65216194896847,17.104666359137,87900
2006-02-01,17.511920928955078,19.005185129620354,16.199657455728648,16.742663090379835,323100
2006-02-02,17.69292449951172,19.005188183608897,17.511923742987435,18.326431462765722,252200
2006-02-03,17.78342056274414,18.32642612654176,17.376167684521253,17.82867203332475,128600
2006-02-06,17.647672653198242,18.46218027657391,17.557171422563744,17.91917461893433,98900
2006-02-07,17.33091926574707,18.28117960126629,17.28566951336552,17.73817394185065,97000
2006-02-08,17.149919509887695,17.6476737191928,16.742664810516242,17.6476737191928,49600
2006-02-10,17.37617301940918,17.78342602266818,17.28567177662908,17.647675021581847,46900
2006-02-13,17.82867431640625,18.37167822357207,17.240417206697746,17.240417206697746,99900
2006-02-14,17.69292449951172,18.100179222484666,17.37617274405232,18.100179222484666,59100
2006-02-15,17.466670989990234,17.87392568336944,17.37617148138817,17.87392568336944,33700
2006-02-16,18.462181091308594,18.68843331479563,17.240418739245108,17.421421208501727,184900
2006-02-17,18.643184661865234,20.272200076734954,18.371680941941896,19.910196843004748,332200
2006-02-20,17.78342056274414,19.00518264974701,17.64766960333651,18.869431690339383,89500
2006-02-21,17.96442413330078,18.462178258120396,17.919172659847135,18.37167703738032,73913
2006-02-22,18.054929733276367,18.23593049249117,17.783426005202717,17.96442849058515,66300
2006-02-23,17.919172286987305,18.326426908759952,17.873922540642422,18.14542447104607,49300
2006-02-24,17.96442413330078,18.235926069353805,17.73817194453419,17.73817194453419,75100
2006-02-27,17.96442413330078,18.326427290093886,17.919172659847135,18.14542484861373,48600
2006-02-28,17.78342056274414,18.10017395214001,17.64766960333651,18.00967273714589,47600
2006-03-01,17.24041748046875,17.73817337149801,17.01416527350109,17.73817337149801,42800
2006-03-02,17.0141658782959,17.37617080324606,16.74266391075069,16.92366637322577,32700
2006-03-03,16.787912368774414,17.421419212420243,16.60691164642366,17.421419212420243,37500
2006-03-06,16.742664337158203,17.195168778703017,16.60691334992825,16.923666804243112,25600
2006-03-07,20.091196060180664,20.091196060180664,16.561660357540358,16.74266280809479,527000
2006-03-08,18.507434844970703,21.177210374345186,18.281182593693153,20.724705871790086,300800
2006-03-09,18.190677642822266,18.778933031092915,17.87392421031735,18.23592739339411,51800
2006-03-10,18.37167739868164,19.412438868409566,18.190676679809094,18.55267984372143,109700
2006-03-13,18.281177520751953,19.186186274726463,18.100175079490167,19.186186274726463,71400
2006-03-14,18.100175857543945,18.326428055763245,17.873923659324646,18.190677082065122,24800
2006-03-16,17.82867431640625,18.462179450155478,17.64767186323943,17.783422840030884,28600
2006-03-17,17.24041748046875,18.46217974332758,17.149917978615566,18.46217974332758,59300
2006-03-20,19.186187744140625,20.27219729638401,16.74266323080015,17.10466641488128,330300
2006-03-21,18.37167739868164,20.136445196234234,18.1001754572892,19.00518423015366,196500
2006-03-22,17.73817253112793,18.914683261154025,17.376169362363537,18.73368253985546,72600
2006-03-23,17.557170867919922,18.326428714760628,17.466669640144424,17.466669640144424,31400
2006-03-24,17.60242462158203,18.55268332071247,17.240419663658464,17.828676857200474,71300
2006-03-27,18.054929733276367,18.326431735182386,17.6929247625115,17.6929247625115,80900
2006-03-28,17.60242462158203,18.462182081231578,17.421422142620248,18.190680088956473,127800
2006-03-29,17.557170867919922,18.009675280630063,17.285668910760776,17.64767209569542,29457
2006-03-30,17.82867431640625,19.276687037071525,17.64767186323943,17.82867431640625,103100
2006-03-31,17.73817253112793,18.326427896140977,17.466668859929182,17.964424727376585,79100
2006-04-03,18.462181091308594,18.824184303654356,17.919175409706213,18.009676644334522,93200
2006-04-04,18.326425552368164,19.367185176775415,18.19067459721366,18.552677719681352,78400
2006-04-05,19.593442916870117,20.27219961186216,18.326430764785147,18.643184234348272,270200
2006-04-07,19.27668571472168,21.041453470452304,18.869432812284217,19.910192531180677,331500
2006-04-10,20.04594612121582,20.588951788339582,18.100177396342488,18.824183801729216,80900
2006-04-12,19.186187744140625,20.453199751508247,18.59793062807053,20.36269852394613,97213
2006-04-13,18.190677642822266,19.005185236286803,17.87392421031735,18.643182053210047,75600
2006-04-17,18.507434844970703,18.824186615825123,18.190681347948594,18.55268460475914,33500
2006-04-18,18.778932571411133,19.276686720186436,18.64318159685126,19.231436970722246,70200
2006-04-19,18.68842887878418,19.32193564464143,18.597927665637847,19.005182261712807,59500
2006-04-20,18.281177520751953,18.869432865601944,18.100175079490167,18.77893164497105,34000
2006-04-21,18.190677642822266,18.50743107532718,18.00967518820022,18.28117887013329,64900
2006-04-24,18.190677642822266,19.09568646359783,18.00967518820022,18.50743107532718,46800
2006-04-25,18.416929244995117,19.276686560880673,18.23592679629959,18.23592679629959,62600
2006-04-26,20.091196060180664,20.76995266050883,18.32642820886051,18.371677958415468,212500
2006-04-27,24.118486404418945,24.118486404418945,20.136447661529708,20.226948895129627,968900
2006-04-28,26.78826332092285,28.779281830712804,20.36269989706117,21.810714457196788,1965648
2006-05-02,29.955787658691406,33.8473279695132,28.191021666377537,32.94231923719824,2222400
2006-05-03,28.688779830932617,30.725049643741695,27.421766122028675,30.725049643741695,930000
2006-05-04,29.82004165649414,30.770300238085728,28.41727693346923,28.915032825962207,822900
2006-05-05,30.408296585083008,32.08256506235092,29.45803796411195,30.227297573343648,859900
2006-05-08,31.40380859375,31.901562783594425,28.869782712827853,30.770301691977604,1263400
2006-05-09,29.639039993286133,32.625568523516705,29.186535565907718,31.675309916488995,1047700
2006-05-10,29.277034759521484,30.634548027239664,28.281526410795394,30.046294349295977,638600
2006-05-11,26.381006240844727,30.046292925725783,26.381006240844727,29.63903827423879,892400
2006-05-12,26.335756301879883,26.833510449081544,25.38549603063041,25.475997255439975,220900
2006-05-15,25.15924644470215,28.779282003719292,23.982735578488565,26.24525780287428,676000
2006-05-16,22.80622100830078,26.697757911750006,22.67046831595135,26.697757911750006,434800
2006-05-17,23.98273468017578,23.98273468017578,23.394479269103066,23.711232713886037,63300
2006-05-18,23.213476181030273,24.88774286441532,22.85147299369043,24.88774286441532,359900
2006-05-19,22.082216262817383,24.29948870286324,22.082216262817383,24.073236483518453,119500
2006-05-22,21.31295394897461,22.625217239322126,20.996202288557768,22.172712894535685,123200
2006-05-23,21.041454315185547,21.76546065491857,20.272196500364664,21.041454315185547,464500
2006-05-24,20.724700927734375,22.127465586714223,20.27219653312809,21.04145434919223,138100
2006-05-25,20.40795135498047,20.815206077396574,20.000698358731967,20.40795135498047,59300
2006-05-26,20.815202713012695,21.35820834641171,20.45319953280246,20.95095368982062,78800
2006-05-29,20.724700927734375,21.855961914250084,20.00069458683123,21.267706546495372,1159600
2006-05-30,21.76546287536621,21.76546287536621,20.815204241753154,20.860453995289987,143100
2006-05-31,20.679452896118164,22.082215945426743,20.679452896118164,22.082215945426743,101740
2006-06-01,19.683940887451172,20.769952109639515,19.683940887451172,20.362697469777075,67200
2006-06-02,18.73368263244629,18.73368263244629,18.73368263244629,18.73368263244629,17400
2006-06-05,17.82867431640625,17.82867431640625,17.82867431640625,17.82867431640625,7000
2006-06-06,16.968914031982422,16.968914031982422,16.968914031982422,16.968914031982422,6100
2006-06-07,16.154409408569336,16.154409408569336,16.154409408569336,16.154409408569336,6900
2006-06-08,15.385151863098145,15.385151863098145,15.385151863098145,15.385151863098145,1283
2006-06-09,14.615891456604004,14.615891456604004,14.615891456604004,14.615891456604004,24700
2006-06-12,13.167878150939941,13.891885360165507,13.167878150939941,13.575131936415683,220100
2006-06-13,12.53437328338623,12.89637648871311,12.53437328338623,12.76062550248646,23500
2006-06-14,11.94611644744873,13.167878719734352,11.94611644744873,11.94611644744873,162000
2006-06-15,11.94611644744873,12.353370250516043,11.357861050027465,12.353370250516043,120335
2006-06-16,12.53437328338623,12.5796230367393,12.217619831412419,12.217619831412419,77603
2006-06-19,12.489120483398438,12.670122054416241,11.9913655157868,12.579620837365555,63900
2006-06-20,12.85112476348877,13.122627575600685,12.172368164750802,12.308120002348584,90500
2006-06-21,13.394131660461426,13.484632031042572,12.8058753678072,12.941627218304511,77100
2006-06-22,13.937134742736816,14.072886576378908,13.665632801619877,13.846634383392377,88300
2006-06-23,13.891885757446289,14.253888940869832,13.303629505528443,13.575132324637936,85400
2006-06-26,12.98687744140625,13.982386666119796,12.98687744140625,13.982386666119796,45400
2006-06-27,12.353371620178223,12.579623853976972,12.353371620178223,12.398622239554728,39000
2006-06-28,11.765114784240723,11.765114784240723,11.765114784240723,11.765114784240723,19100
2006-06-29,11.94611644744873,12.262869884880908,11.584113258740825,11.94611644744873,38200
2006-06-30,12.172369003295898,12.443871834111436,11.946116788130237,12.217619618945774,45800
2006-07-03,12.53437328338623,12.670124269612879,12.08186884518577,12.217619831412419,22300
2006-07-04,12.127118110656738,12.62487314526897,12.127118110656738,12.489122164503673,29100
2006-07-05,12.262868881225586,12.443870460765453,11.991366080373982,11.991366080373982,26700
2006-07-06,12.353371620178223,12.48912347830774,11.674614918781973,11.719865538158478,27000
2006-07-07,12.127118110656738,12.670123759885296,12.127118110656738,12.398620935271017,35300
2006-07-10,11.629364967346191,12.036618808733385,11.538863730111808,12.036618808733385,34300
2006-07-11,11.765114784240723,11.855616012429891,11.674613556051554,11.674613556051554,15300
2006-07-12,11.94611644744873,11.991367061808138,11.493612030022007,11.584113258740825,15800
2006-07-13,11.99136734008789,12.127118323232764,11.76511512612397,11.76511512612397,20600
2006-07-14,11.810365676879883,11.991367274443421,11.674613831394456,11.765115061718074,13300
2006-07-17,11.674613952636719,12.03661801460695,11.629364200088682,11.674613952636719,9900
2006-07-18,11.222108840942383,11.719863856494333,11.131608478258899,11.493611655160143,20600
2006-07-19,10.679104804992676,11.674614041008,10.679104804992676,11.312610839381284,16000
2006-07-20,10.769604682922363,10.905356524656884,10.633853704271514,10.860105910745377,22700
2006-07-21,10.407601356506348,10.63385355990866,10.271850379698426,10.271850379698426,21100
2006-07-24,9.955097198486328,10.362351002171305,9.90984658405829,9.90984658405829,28300
2006-07-25,9.81934642791748,10.181349624902765,9.683594581735223,10.04559864180421,25900
2006-07-26,9.955097198486328,10.000347812914367,9.72884498942982,9.774095603857859,27200
2006-07-27,10.000349044799805,10.317101658647635,9.638344947865981,10.18135066172482,19500
2006-07-28,10.498103141784668,10.498103141784668,9.819346495455928,10.000348095193516,36500
2006-07-31,11.041108131408691,11.041108131408691,10.860106528549608,10.950607761521011,14700
2006-08-01,11.629364967346191,11.629364967346191,11.312611500109616,11.357862118726807,77400
2006-08-02,11.90086555480957,12.217618984835054,11.719863964688006,11.946116168110876,64300
2006-08-03,11.90086555480957,12.127117758232442,11.855615804591926,12.127117758232442,38270
2006-08-04,11.493612289428711,12.081868563210392,11.357861306370316,11.8103657340099,26200
2006-08-07,11.448362350463867,11.584114204626736,11.131609750251346,11.222110123276172,9200
2006-08-08,11.131608963012695,11.765114981719304,11.131608963012695,11.222109329637243,17700
2006-08-09,11.674613952636719,11.719864568268461,11.267360138118454,11.403111985013679,22300
2006-08-10,12.85112476348877,12.85112476348877,11.53886217854543,11.674613153059564,28100
2006-08-11,14.163386344909668,14.163386344909668,13.30362822004166,14.163386344909668,148700
2006-08-14,14.887395858764648,14.887395858764648,14.208638377065578,14.751643154107692,69600
2006-08-16,14.344389915466309,15.339899946961987,14.1633874638608,15.294648470976956,112500
2006-08-17,13.846635818481445,14.661144315500184,13.665634217949629,14.661144315500184,47200
2006-08-18,13.620382308959961,13.846634503915828,13.394130114004092,13.394130114004092,23100
2006-08-21,13.846635818481445,14.072888034917144,13.665634217949629,13.665634217949629,16100
2006-08-22,13.439380645751953,13.982385392569194,13.348879423073935,13.982385392569194,20300
2006-08-23,12.941625595092773,13.575131562037814,12.851124372779074,13.258378147023484,18000
2006-08-24,13.303628921508789,13.394130144933571,12.715373558498596,12.760624170210988,17600
2006-08-25,13.34887981414795,13.575132014387744,13.167878226572842,13.484630789058366,31800
2006-08-28,13.213129997253418,13.575133204130063,13.03212753073137,13.122628763992395,16300
2006-08-29,13.213129997253418,13.484631970869039,13.077378147361882,13.348880984061228,23400
2006-08-30,12.85112476348877,13.213128800665872,12.715373788974635,13.16787818813328,23100
2006-08-31,12.805874824523926,13.03212703600374,12.670123842869515,12.760625072694918,29400
2006-09-01,12.489120483398438,12.851123625434045,12.353368657822406,12.715372662941585,29400
2006-09-04,12.670123100280762,12.896375298500061,12.217618703842163,12.670123100280762,28000
2006-09-05,12.670123100280762,12.94162591076065,12.670123100280762,12.670123100280762,18900
2006-09-06,12.760625839233398,12.941627446673385,12.443872378900611,12.6248739863406,20300
2006-09-07,13.077377319335938,13.213129160632015,12.670123521615045,12.670123521615045,21100
2006-09-08,13.303628921508789,13.529881116987115,13.122627337742856,13.122627337742856,25800
2006-09-11,12.670123100280762,13.484630668636783,12.670123100280762,13.303629082678071,25100
2006-09-12,12.53437328338623,12.670124269612879,12.217619831412419,12.443872050512649,21600
2006-09-13,12.489120483398438,12.896374233959389,12.443869874873094,12.896374233959389,20800
2006-09-14,12.579623222351074,12.715375073664458,12.398621617016964,12.670124456559996,23500
2006-09-15,12.398622512817383,12.534374373938839,12.308122135153543,12.534374373938839,24100
2006-09-18,12.30811882019043,12.534370998038904,12.217617603817615,12.44386978166609,29500
2006-09-19,12.353371620178223,12.534374097684244,12.308121863885495,12.48912347830774,18500
2006-09-20,12.036617279052734,12.308120093168021,11.946116053319754,12.308120093168021,15200
2006-09-21,12.670123100280762,12.670123100280762,11.900865281101687,11.900865281101687,50800
2006-09-22,12.579623222351074,13.12262890143714,12.489122851225886,13.12262890143714,54300
2006-09-25,12.262868881225586,12.715373261617058,12.217618270569718,12.443870460765453,25000
2006-09-26,12.172369003295898,12.670124049277097,12.036618019429984,12.534373065411183,30200
2006-09-27,12.30811882019043,12.534370998038904,12.217617603817615,12.217617603817615,26100
2006-09-28,12.398622512817383,12.534374373938839,12.262871514779725,12.398622512817383,15000
2006-09-29,13.032125473022461,13.032125473022461,12.217617954614902,12.217617954614902,49800
2006-10-03,12.443870544433594,13.710882472815204,12.398619933473476,13.303628700341374,193200
2006-10-04,13.077377319335938,13.077377319335938,12.308120337659512,12.308120337659512,105500
2006-10-05,13.756133079528809,13.756133079528809,13.348879307180697,13.575131498827828,86900
2006-10-06,14.480140686035156,14.480140686035156,14.299139100076445,14.38963946151398,74900
2006-10-09,15.204148292541504,15.204148292541504,14.4801418885795,15.023147554634717,40900
2006-10-10,16.742664337158203,16.742664337158203,16.697414583470703,16.697414583470703,58300
2006-10-11,15.928154945373535,17.602421541189894,15.928154945373535,17.602421541189894,138500
2006-10-12,15.747153282165527,16.0639067176053,15.15889788844444,15.385150095734653,149300
2006-10-13,15.430397987365723,16.109154527446336,15.023145099017643,15.385148241827208,186300
2006-10-16,15.204148292541504,16.19965839261483,15.113648786671824,16.018657654708043,109400
2006-10-17,14.480140686035156,15.928155099872129,14.480140686035156,15.113647531516108,126400
2006-10-18,14.480140686035156,14.842143857952578,14.072886901857146,14.480140686035156,51800
2006-10-19,13.937134742736816,14.570641573565998,13.891884994606407,14.480140351137937,22100
2006-10-20,14.208639144897461,14.389640747026121,13.937136310162611,14.118138775374991,17200
2006-10-23,14.208639144897461,14.389640747026121,14.072888159071896,14.389640747026121,10500
2006-10-26,14.93264389038086,14.93264389038086,14.027635169751715,14.163386132612658,58100
2006-10-27,15.294647216796875,15.520899399667146,15.068395033926604,15.158896252308145,67000
2006-10-30,15.068397521972656,15.385150975525796,14.570643327937333,15.385150975525796,95700
2006-10-31,14.570642471313477,15.385150071016156,14.480141243309323,14.93264565716274,77300
2006-11-01,14.11813735961914,14.706392723318425,14.027636136088343,14.706392723318425,22500
2006-11-02,14.299139976501465,14.480141573554153,14.072887764414682,14.163388131399179,34800
2006-11-03,14.072887420654297,14.480141219845724,13.93713557886804,14.208638399356882,30500
2006-11-06,13.801384925842285,14.434890946542899,13.665633943936331,14.02763713774134,48800
2006-11-07,13.801384925842285,14.253889349640394,13.665633943936331,13.801384925842285,55900
2006-11-08,13.529881477355957,14.027636493282719,13.484630864438314,14.027636493282719,31200
2006-11-09,13.484630584716797,13.801384005485996,13.348879611863504,13.801384005485996,16100
2006-11-10,13.34887981414795,13.801384214627541,13.303629201483261,13.575132014387744,21200
2006-11-13,14.027637481689453,14.027637481689453,13.575133046796246,13.575133046796246,52800
2006-11-14,13.620382308959961,14.389639253959732,13.575131697352061,14.299138893827564,53000
2006-11-15,13.258378982543945,13.665633645536472,13.213129231619154,13.484631189502604,32000
2006-11-16,12.941625595092773,13.394129980494034,12.896374983935925,13.348879369337183,40300
2006-11-17,12.715373992919922,13.348879989286266,12.67012337966154,12.941626196128164,36500
2006-11-20,12.443870544433594,12.805873705947306,12.21761835271662,12.579621514230332,46200
2006-11-21,13.077377319335938,13.077377319335938,12.579622294084325,12.670123521615045,33700
2006-11-22,12.98687744140625,13.48463162222117,12.851125595024607,13.213129655625288,52400
2006-11-23,12.670123100280762,13.303629082678071,12.579621875759585,13.12262749671936,54200
2006-11-24,12.53437328338623,13.07737809137655,12.48912266694944,13.07737809137655,27200
2006-11-27,12.98687744140625,13.077377809243645,12.670123996266117,12.851125595024607,34100
2006-11-28,12.805874824523926,13.077377650916441,12.715374457782216,12.896376054349329,22600
2006-11-29,13.484630584716797,13.484630584716797,12.851124606262037,12.941625830219989,72300
2006-11-30,14.163386344909668,14.163386344909668,14.072885989340374,14.118136598666814,35100
2006-12-01,13.710884094238281,14.887396665999029,13.48463187576515,14.84214518660394,104900
2006-12-04,14.208639144897461,14.434891363329216,14.027637542768801,14.072888159071896,66000
2006-12-05,14.887395858764648,14.932645609538737,14.208638377065578,14.208638377065578,145400
2006-12-06,15.656651496887207,15.656651496887207,14.842143924859467,14.842143924859467,141900
2006-12-07,16.471158981323242,16.471158981323242,16.42590751075799,16.42590751075799,27100
2006-12-08,17.33091926574707,17.33091926574707,17.33091926574707,17.33091926574707,64600
2006-12-11,16.380659103393555,19.095685416900753,15.701902525016754,19.095685416900753,562000
2006-12-12,15.068397521972656,17.19516873735236,14.751644068419518,15.6566529493328,140600
2006-12-13,15.701904296875,15.792405529437833,14.344390986934812,15.068397395102604,75800
2006-12-14,16.154409408569336,16.561662382868896,15.882905699535456,16.10915792731327,58100
2006-12-15,16.154409408569336,16.742664855558147,15.837655944446897,16.561662382868896,54700
2006-12-18,15.882905006408691,16.335409442217113,15.56615328227674,15.928156485689993,40100
2006-12-19,15.792404174804688,16.33540807126929,15.385149526288947,15.837653924120975,34300
2006-12-20,15.3399019241333,15.928157378420922,15.249400686665776,15.792406385303398,63900
2006-12-21,15.023146629333496,16.516410824387084,14.751642949944548,15.837654215165696,31000
2006-12-22,15.294647216796875,15.656650364155874,15.158896252308145,15.294647216796875,62000
2006-12-26,15.56615161895752,16.018656006413643,14.208637593505527,14.208637593505527,59300
2006-12-27,15.475650787353516,16.018656411257854,15.385149562341578,15.385149562341578,37300
2006-12-28,15.068397521972656,15.747154182657619,14.932646535069155,15.747154182657619,22900
2006-12-29,15.068397521972656,15.385150975525796,14.525391848191198,14.525391848191198,31400
2007-01-02,16.154409408569336,16.199659163657895,15.339901733802712,15.339901733802712,31100
2007-01-03,16.33540916442871,16.742663840197782,16.199658181228155,16.742663840197782,35600
2007-01-04,15.973405838012695,16.47116174061315,15.747153625785414,16.47116174061315,47600
2007-01-05,15.837655067443848,16.833165159773802,15.747153836110687,16.10915703527592,37200
2007-01-08,16.968914031982422,17.19516621907552,16.290157470703125,16.290157470703125,134800
2007-01-09,17.0141658782959,18.41693064705924,16.878414894523292,17.557171539553728,153900
2007-01-10,16.471158981323242,16.968913074371294,15.656649772819739,15.656649772819739,58500
2007-01-11,16.833162307739258,17.10466422957089,16.380657953908454,16.380657953908454,45600
2007-01-12,17.195165634155273,17.692919738361333,16.923663709345995,16.923663709345995,73300
2007-01-15,17.60242462158203,18.462182081231578,17.421422142620248,18.462182081231578,101300
2007-01-16,17.059415817260742,18.054925818686765,16.968914594191602,17.602421429508325,62700
2007-01-17,17.0141658782959,17.466670308316186,16.787913663285753,17.0141658782959,42235
2007-01-18,16.878414154052734,17.647671996572704,16.74266317623564,16.878414154052734,79100
2007-01-19,16.561664581298828,17.511925099805712,16.471165059108614,17.511925099805712,34000
2007-01-22,17.059415817260742,18.100175567137708,16.92366484574066,18.009674344068568,51400
2007-01-23,16.833162307739258,17.602420054485044,16.742661091739674,17.602420054485044,23600
2007-01-24,16.561664581298828,17.19517159363675,16.42591357184577,17.19517159363675,15200
2007-01-25,16.652162551879883,17.149918456787514,16.380660586415644,17.149918456787514,52239
2007-01-29,16.968914031982422,17.19516621907552,16.697412097937583,16.833163064960004,28031
2007-01-31,16.787912368774414,17.376169463374374,16.742662619728545,16.968914817292447,32300
2007-02-01,16.878414154052734,17.014165131869827,16.74266317623564,16.833164403502817,40238
2007-02-02,18.597932815551758,18.597932815551758,17.149919908912555,17.149919908912555,129600
2007-02-05,20.498449325561523,20.498449325561523,19.502939283291656,20.407948098779293,342300
2007-02-06,20.58894920349121,21.53920770703161,20.045943604539318,20.815201392540565,321000
2007-02-07,20.091196060180664,21.22245706072761,20.00069483490345,20.81520241006379,128800
2007-02-08,19.186187744140625,20.317448773248742,19.095686516578507,20.136446318124506,124321
2007-02-09,18.37167739868164,19.683940809802007,18.23592642798542,19.050433978329984,85200
2007-02-12,17.466670989990234,18.462181120120256,17.466670989990234,17.55717222475978,53000
2007-02-13,16.787912368774414,17.647671409984145,16.69741287068268,16.833163843987563,102800
2007-02-14,16.787912368774414,16.87841359303343,16.199657000341734,16.29015822460075,59600
2007-02-15,17.647672653198242,17.647672653198242,16.968916012690617,16.968916012690617,38300
2007-02-19,17.73817253112793,18.507430343606806,17.647671307395015,18.507430343606806,53000
2007-02-20,16.923664093017578,18.14542450852466,16.878412620412053,18.100174762086315,54100
2007-02-21,17.059415817260742,17.330917760300906,16.92366484574066,17.330917760300906,24400
2007-02-22,16.923664093017578,17.149916277543657,16.83316287397371,16.83316287397371,26500
2007-02-23,16.199661254882812,17.01416903479478,16.10916000685532,16.833168264907528,79800
2007-02-26,15.837655067443848,16.290159497942245,15.61140285219465,16.290159497942245,43400
2007-02-27,16.154409408569336,16.561662382868896,15.74715470810227,16.290160400002524,31000
2007-02-28,16.60691261291504,16.923666053172415,15.38515032973224,15.38515032973224,55300
2007-03-01,16.154409408569336,16.787914610646705,15.928157180791525,16.697415100469588,22800
2007-03-02,15.928154945373535,16.47116056106631,15.928154945373535,16.47116056106631,20500
2007-03-05,15.15889835357666,15.837654996274122,15.15889835357666,15.837654996274122,81700
2007-03-06,15.204148292541504,15.566153220689932,14.842145090560502,15.566153220689932,29629
2007-03-07,14.525391578674316,15.837655122116665,14.480141825935236,15.837655122116665,27917
2007-03-08,14.842144012451172,14.932645237914416,13.801384235042113,14.253888636191034,35448
2007-03-09,14.480140686035156,15.068396056171878,14.299139100076445,14.480140686035156,17700
2007-03-12,14.615891456604004,14.932644874942293,14.5253902333406,14.796893903130815,15700
2007-03-13,14.751644134521484,14.93264660198219,14.66114462695859,14.66114462695859,16300
2007-03-14,15.385151863098145,15.520902857833146,14.38964169142887,14.661145407066428,48000
2007-03-15,15.475650787353516,16.063906160680176,15.29464833732964,15.29464833732964,28700
2007-03-16,14.93264389038086,16.109154536731886,14.842142673084515,16.109154536731886,26100
2007-03-19,14.796894073486328,15.294648217914773,14.751642598250019,15.294648217914773,5400
2007-03-20,14.615891456604004,15.204146818565249,14.5253902333406,15.204146818565249,20557
2007-03-21,14.389640808105469,14.93264647988005,14.208639205208515,14.93264647988005,33300
2007-03-22,13.982385635375977,14.66114309108062,13.846634662085231,14.66114309108062,33300
2007-03-23,13.846635818481445,14.661144315500184,13.7108839707698,14.208639019545076,24120
2007-03-26,13.710884094238281,14.072888161645524,13.57513310838789,14.072888161645524,22900
2007-03-28,13.032125473022461,13.575131060683225,13.032125473022461,13.213127910965108,33300
2007-03-29,13.710884094238281,13.710884094238281,12.670124234495365,12.670124234495365,22600
2007-03-30,14.434890747070312,14.434890747070312,14.389640132699071,14.389640132699071,8100
2007-04-02,14.253890037536621,14.887396951894127,13.982387197538225,14.842145471630035,28400
2007-04-03,14.977893829345703,14.977893829345703,14.208636924728138,14.932644083196822,29300
2007-04-04,15.747153282165527,15.74715328216553,15.385150095734653,15.385150095734653,16700
2007-04-05,16.561664581298828,16.561664581298828,15.928159295128644,16.561664581298828,76500
2007-04-09,16.652162551879883,17.42142042225175,16.380660586415644,17.42142042225175,78300
2007-04-10,16.561664581298828,17.149921832541644,16.471165059108614,16.74266707801473,22000
2007-04-11,16.33540916442871,16.968916054254507,16.154408428883773,16.154408428883773,16000
2007-04-12,16.063905715942383,16.4711603541374,15.97340449343602,16.199656686618308,16400
2007-04-13,16.154409408569336,16.742664855558147,15.611403716669084,15.611403716669084,22800
2007-04-16,16.154409408569336,16.561662382868896,15.656653471757643,16.425911391435708,23400
2007-04-17,15.973405838012695,16.29015928036437,15.701903873806913,16.24490952838587,30000
2007-04-18,16.787912368774414,17.149917265810476,16.01865627799098,16.06390602703685,67600
2007-04-19,16.742664337158203,17.104667545160563,16.561661870073294,16.60691334992825,28000
2007-04-20,16.652162551879883,17.285669439519634,16.471161816959523,17.285669439519634,51900
2007-04-23,16.51641082763672,16.923665483716608,15.837654218281784,15.837654218281784,28400
2007-04-24,16.4259090423584,17.14991710340716,16.335407818956398,17.14991710340716,19300
2007-04-25,16.60691261291504,16.923666053172415,15.837654751194952,16.290159172657663,20700
2007-04-26,16.244911193847656,16.652164181908745,16.15440995444489,16.606914425291148,17700
2007-04-27,16.2901611328125,16.697415851599846,16.06390889485677,16.19965989239669,23300
2007-04-30,16.2901611328125,16.742665608723957,15.973407654440962,16.742665608723957,17300
2007-05-03,16.2901611328125,16.516413370768227,16.19965989239669,16.2901611328125,25100
2007-05-04,16.199661254882812,16.380663750937796,16.063910245925438,16.335412263840183,22500
2007-05-07,16.2901611328125,16.742665608723957,15.566154661821201,15.566154661821201,32900
2007-05-08,16.063905715942383,16.380659131631035,16.018655967772823,16.29015790912467,24500
2007-05-09,15.973405838012695,16.109156820115587,15.747153625785414,16.109156820115587,16700
2007-05-10,15.747153282165527,16.290158924895515,15.20414763943554,15.928155738464643,25500
2007-05-11,15.430397987365723,15.837652601880949,15.385148241827208,15.385148241827208,25200
2007-05-14,15.656651496887207,16.244908595843015,15.56615199812535,16.199657120294795,12600
2007-05-15,15.837655067443848,16.290159497942245,15.520901620861489,15.520901620861489,18900
2007-05-16,15.792404174804688,16.018656373720702,15.701902950004824,15.928155148920837,11200
2007-05-17,15.747153282165527,16.19965769674596,15.566152552033767,16.19965769674596,12100
2007-05-18,15.792404174804688,16.290158321953,15.47565075108881,16.290158321953,16200
2007-05-21,15.747153282165527,16.109156468596403,15.61140230302487,16.109156468596403,15900
2007-05-22,15.385151863098145,15.70190533492485,15.294650624552292,15.294650624552292,44600
2007-05-23,15.294647216796875,15.747151582537416,15.158896252308145,15.339898689071228,13500
2007-05-24,15.113649368286133,15.475652584198002,15.023148132766291,15.475652584198002,7900
2007-05-25,15.611404418945312,15.837656656901041,14.842146464662315,15.158899943033854,36600
2007-05-28,16.652162551879883,17.059417226243635,15.837654929319774,16.01865739040753,100100
2007-05-29,15.973405838012695,16.516411492591654,15.747153625785414,16.47116174061315,46900
2007-05-30,15.385151863098145,15.973407324394858,15.294650624552292,15.928157568205707,21500
2007-05-31,15.430397987365723,16.06390478190782,15.249397279044514,15.837652601880949,29200
2007-06-01,17.0141658782959,17.0141658782959,15.204148158214743,15.204148158214743,77795
2007-06-04,18.73368263244629,18.73368263244629,18.50743043507939,18.50743043507939,51200
2007-06-05,19.50294303894043,20.63420427614504,19.231441032478386,20.49845327291402,305800
2007-06-06,18.55268096923828,20.000695438900106,18.55268096923828,20.000695438900106,61500
2007-06-07,17.73817253112793,18.416929119873892,17.647671307395015,18.0549259511095,55800
2007-06-08,17.69292449951172,18.416932704111666,16.878416779733428,17.647674741922547,71700
2007-06-11,17.37617301940918,18.32643175318115,17.28567177662908,18.32643175318115,36700
2007-06-12,16.787912368774414,17.466668961466112,16.65216139546953,17.466668961466112,55200
2007-06-13,16.33540916442871,17.104667037455062,16.29015941208433,17.104667037455062,18600
2007-06-14,16.51641082763672,17.104666210510864,16.42590960115593,16.65216180427424,57500
2007-06-15,16.244911193847656,16.923667900117042,16.15440995444489,16.923667900117042,15800
2007-06-18,16.2901611328125,16.606914611184038,16.2901611328125,16.606914611184038,8600
2007-06-19,17.10466766357422,17.10466766357422,16.335409762389055,16.38066124255728,58900
2007-06-20,17.24041748046875,17.964425578465672,16.878414294553963,17.964425578465672,100800
2007-06-21,16.833162307739258,17.421417622485876,16.51640891482427,17.014163013571306,25600
2007-06-22,16.561664581298828,16.833168326372682,16.290162562392712,16.697417316919626,33600
2007-06-25,16.742664337158203,17.195168778703017,16.38066112915584,16.968916557930612,59300
2007-06-26,17.059415817260742,17.557169954890124,16.471160456562217,16.83316362267152,37600
2007-06-27,16.968914031982422,17.285667439146202,16.561659404747964,16.787911591841063,28100
2007-06-28,16.652162551879883,17.285669439519634,16.516411569147763,17.285669439519634,44600
2007-06-29,16.51641082763672,17.195167436991653,16.471161077479984,16.96891523387334,22300
2007-07-02,16.60691261291504,16.968915804851733,16.471161631709702,16.471161631709702,17800
2007-07-03,16.787912368774414,17.195167014856345,16.561660171210516,16.833163843987563,22600
2007-07-04,16.380659103393555,16.878413237069644,16.380659103393555,16.516410073835466,24400
2007-07-05,16.2901611328125,16.606914611184038,15.92815789731685,16.33541088993661,20100
2007-07-06,16.380659103393555,16.742662266627732,16.335407629134757,16.652161044277378,22200
2007-07-09,16.33540916442871,16.742663840197782,15.38515055585742,15.38515055585742,51700
2007-07-10,16.833162307739258,16.968913268655072,16.29015673790887,16.29015673790887,44100
2007-07-11,16.833162307739258,17.014163013571306,15.83765238407807,15.83765238407807,38900
2007-07-12,18.55268096923828,18.55268096923828,16.561660857682355,16.561660857682355,311500
2007-07-13,17.69292449951172,19.86494738714396,17.557173500576603,19.86494738714396,155000
2007-07-16,17.557170867919922,18.009675280630063,17.195167682985282,17.195167682985282,36100
2007-07-17,17.647672653198242,18.7336839684774,17.557171422563744,18.00967584956883,57500
2007-07-18,17.511920928955078,18.86943415249939,17.376169951834115,17.73817313287913,113400
2007-07-19,17.60242462158203,17.828676857200474,17.1951699070018,17.1951699070018,50200
2007-07-20,17.285667419433594,18.009673726838972,16.2901574521258,16.2901574521258,48400
2007-07-23,16.833162307739258,17.240415190486704,16.742661091739674,17.195165445570474,26700
2007-07-24,16.833162307739258,17.195165445570474,16.606910130823856,16.923663523738842,22500
2007-07-25,16.33540916442871,16.83316507105395,15.430400308201804,16.56166137848544,31618
2007-07-26,16.4259090423584,16.697412712564407,16.290158070339025,16.335407818956398,35000
2007-07-27,16.063905715942383,16.516410102306956,15.928154745266461,16.109155464111943,14800
2007-07-30,15.56615161895752,16.19965672569574,15.38514917350817,15.520900144511558,23500
2007-07-31,16.018651962280273,16.42590477247375,15.566147689065202,15.566147689065202,30500
2007-08-01,14.93264389038086,15.928153828306344,14.93264389038086,15.837652611010002,55519
2007-08-02,15.294647216796875,15.520899399667146,15.113646506200958,15.249397470689686,23200
2007-08-03,15.113649368286133,15.747154564590032,15.023148132766291,15.747154564590032,30102
2007-08-06,15.15889835357666,15.385150567809147,14.661144172732149,14.706393925111685,9300
2007-08-07,15.385151863098145,15.611404096379,15.339902106908994,15.475653101643996,22500
2007-08-08,15.56615161895752,16.018656006413643,15.339899425229458,15.611401367236232,21000
2007-08-09,15.656651496887207,15.973404921055575,15.56615199812535,15.837653946745501,21500
2007-08-10,15.928154945373535,16.652161282185723,14.208637737735506,14.208637737735506,32800
2007-08-13,15.611404418945312,16.01865913773266,15.475653421405392,15.520903178529503,22201
2007-08-14,17.195165634155273,17.195165634155273,16.199655699576013,16.199655699576013,119200
2007-08-16,17.647672653198242,18.597931259441957,16.425910355051037,16.697414046954528,249951
2007-08-17,16.60691261291504,18.462180050445212,16.154408191452326,18.462180050445212,113467
2007-08-20,16.652162551879883,18.10017706207974,16.10915689478401,18.10017706207974,74328
2007-08-21,16.697412490844727,18.190676615563767,16.56165979446071,17.104665401495062,144691
2007-08-22,16.380659103393555,17.195166652212265,16.2901578810432,16.923664711328442,44611
2007-08-23,16.244911193847656,17.104668652755002,15.97340747563936,16.833166660714276,32419
2007-08-24,16.4259090423584,17.104665628622524,15.928154902898278,16.38065929374103,32038
2007-08-27,16.697412490844727,17.149916875678816,16.42590882424393,17.149916875678816,23583
2007-08-28,16.60691261291504,16.833164823646396,16.471161631709702,16.742663594120376,10700
2007-08-29,16.51641082763672,16.787912780911764,15.882903968438518,15.882903968438518,11500
2007-08-30,16.60691261291504,17.33091899678843,16.290159172657663,17.33091899678843,17155
2007-08-31,16.4259090423584,16.742662461181776,16.290158070339025,16.697412712564407,29165
2007-09-03,17.059415817260742,17.195166788780824,16.5616599534641,16.65216117653324,52690
2007-09-04,17.60242462158203,17.873926613857137,16.96891767138336,17.1951699070018,97482
2007-09-05,17.511920928955078,18.10017631392415,17.330918475348906,17.647671906076045,68074
2007-09-06,17.78342056274414,18.552678300943512,17.46666717334827,18.552678300943512,54589
2007-09-07,21.35820960998535,21.35820960998535,17.647672909434803,17.964426358170964,956500
2007-09-10,20.860454559326172,22.534721377970403,20.36270035229268,21.62971247342406,682434
2007-09-11,20.679452896118164,21.6749629921601,20.362699448354718,20.950954864962593,232504
2007-09-12,23.57547950744629,24.073235403371367,20.76995349438667,20.76995349438667,740867
2007-09-13,28.326772689819336,28.326772689819336,23.892230237499977,23.892230237499977,1293300
2007-09-14,27.105016708374023,31.177556677675582,26.65251226734052,30.136795082364557,2358957
2007-09-17,29.005531311035156,29.593788411188225,27.05976273885116,28.960281561562134,875900
2007-09-18,30.906051635742188,31.49430527929388,28.145773783726575,28.145773783726575,779174
2007-09-19,31.675310134887695,32.670818501050235,31.041803241722977,31.675310134887695,882800
2007-09-20,29.639039993286133,32.535069018974944,28.96028335221851,32.535069018974944,387900
2007-09-21,27.512266159057617,29.68428685363662,27.059761775763356,29.63903710577409,234500
2007-09-24,26.245256423950195,28.507778529463145,26.245256423950195,27.150265266155376,204144
2007-09-25,25.521251678466797,26.878765028892317,24.842495003254037,25.65700266827585,159942
2007-09-26,28.100522994995117,28.100522994995117,23.982733580185,25.521249255041155,547100
2007-09-27,27.82901954650879,30.45354634808893,27.286013941831268,30.45354634808893,501758
2007-09-28,26.29050636291504,28.9602831569096,25.838001938588327,28.9602831569096,187781
2007-10-01,26.335756301879883,27.512267045902327,26.01900287813006,27.512267045902327,110576
2007-10-03,24.978240966796875,27.55751615882218,24.435235390659894,27.55751615882218,117046
2007-10-04,24.661489486694336,27.331266103243752,23.892231671233716,27.331266103243752,114126
2007-10-05,24.027984619140625,25.204497176592106,23.530230435020616,24.932993482026035,106334
2007-10-08,21.629709243774414,25.249744321432633,21.629709243774414,23.07772362007115,137700
2007-10-09,23.16822624206543,23.801731383231523,19.593440696423247,19.910194130089966,265654
2007-10-10,22.80622100830078,25.52124723661434,22.625218569279667,24.43523605482204,133459
2007-10-11,23.303979873657227,23.801734093112987,22.760974172144326,23.077727641874148,83897
2007-10-12,23.75648307800293,25.657002069476654,22.62522197905041,23.077726418631418,414873
2007-10-15,25.9737548828125,26.15475561848729,23.89223347629691,24.25423667381389,517721
2007-10-16,25.113994598388672,26.78826125018138,24.661490191210497,26.245255616334106,250681
2007-10-17,23.530229568481445,24.887742812816914,22.62522073892447,24.887742812816914,134678
2007-10-18,23.39447784423828,25.340246420585494,22.670469767949744,25.068744470831852,107208
2007-10-19,21.76546287536621,24.163737788502164,21.35820991503238,23.892234088778828,102591
2007-10-22,22.172714233398438,22.941972011219168,20.226945778558136,22.26321545305391,54346
2007-10-23,23.213476181030273,23.394478637783873,22.67047053693683,22.85147299369043,51575
2007-10-24,25.566497802734375,25.566497802734375,21.72021052267699,23.57547781435542,270900
2007-10-25,26.019001007080078,27.829018468442168,25.792748824409816,27.51226506747037,450100
2007-10-26,26.245256423950195,27.602769687257965,25.792752002847607,27.10501551451207,242745
2007-10-29,28.23627471923828,28.869779831619333,26.969261042141653,27.51226665715917,626500
2007-10-30,27.195510864257812,28.960278527493813,26.969258688261768,28.960278527493813,234139
2007-10-31,28.507780075073242,28.553029829169862,27.240767972525703,27.240767972525703,341861
2007-11-01,27.195510864257812,29.639035055481948,27.105011374793087,28.553023920234086,256854
2007-11-02,26.51675796508789,27.105015084114285,25.838001344211914,27.105015084114285,159521
2007-11-05,27.286014556884766,27.874269922642252,25.883251628834817,27.602767977267188,190112
2007-11-06,26.064250946044922,28.05527085874533,25.928499980671525,27.82901867440061,115840
2007-11-07,25.340246200561523,26.154753768917544,25.068744253165278,25.656999623302,53171
2007-11-08,25.747501373291016,26.064253076328633,24.163735953433648,24.163735953433648,60719
2007-11-12,24.661489486694336,25.611748024155098,24.661489486694336,25.340246078071242,198700
2007-11-13,24.797245025634766,25.79275522152358,24.435241788811815,25.29500098666297,86187
2007-11-14,26.064250946044922,26.064250946044922,25.249743427637362,25.61174657735548,54100
2007-11-15,27.37651824951172,27.37651824951172,26.87876406271484,27.240767264582335,196700
2007-11-16,26.924013137817383,28.41727738678218,26.69776092657522,28.055274194028197,151494
2007-11-19,26.471506118774414,28.055271442119892,26.24525392972506,28.055271442119892,95400
2007-11-20,26.381006240844727,27.55751871949199,26.381006240844727,26.47150746630487,90600
2007-11-21,25.204496383666992,26.652510863963073,25.204496383666992,26.381007177938415,96077
2007-11-22,24.887741088867188,25.792749855735085,23.98273232199929,25.792749855735085,78117
2007-11-23,24.978240966796875,25.611746033817404,24.75198878725373,25.611746033817404,74400
2007-11-26,26.335756301879883,26.335756301879883,25.566498480249535,26.335756301879883,60118
2007-11-27,25.430747985839844,26.245255572156047,25.24974553280632,25.883252392256328,45400
2007-11-28,25.02349281311035,26.381006004340577,24.932991588461544,24.932991588461544,50700
2007-11-29,24.435237884521484,25.74750135026827,24.25423543194699,24.525739110808733,62200
2007-11-30,24.61623764038086,25.340243919029128,24.254232774889598,24.525736424008045,69400
2007-12-03,25.475997924804688,25.883252584064415,24.5257393547551,25.340246947107225,58149
2007-12-04,26.471506118774414,26.652508560480783,25.34024517352764,26.24525392972506,72323
2007-12-05,26.969261169433594,27.51226678701404,26.245254830104518,27.51226678701404,97559
2007-12-06,27.964771270751953,28.326774441583034,27.376515902380536,27.602768099920873,287057
2007-12-07,28.281526565551758,29.367537876135906,27.376517715454103,29.23178516768734,194830
2007-12-10,29.005531311035156,29.18653376126184,27.195513713437524,28.28152496246302,118270
2007-12-11,30.136795043945312,30.453550223665903,29.050783696382396,29.820043316559627,287345
2007-12-12,31.675310134887695,31.675310134887695,29.639040197644917,30.31779684339251,171500
2007-12-13,33.25907516479492,33.25907516479492,32.5803185287787,33.21382541286079,203200
2007-12-14,34.93334197998047,34.93334197998047,34.39033802369816,34.842842471378404,115000
2007-12-17,33.21382522583008,36.698107890159065,33.21382522583008,36.65285813847974,547300
2007-12-18,33.80207443237305,34.39033148341787,31.584805822283286,34.39033148341787,412000
2007-12-19,34.93334197998047,35.20484741045658,33.93783357601792,34.39033802369816,410812
2007-12-20,35.74784469604492,36.65285342252707,34.480831098036184,36.10984956757151,292489
2007-12-24,36.06460189819336,37.55786790674486,35.74785017629933,37.06011372133931,213028
2007-12-26,37.8746223449707,37.8746223449707,36.20035720516582,37.8746223449707,186700
2007-12-27,39.77513885498047,39.77513885498047,39.77513885498047,39.77513885498047,48700
2007-12-28,41.76616287231445,41.76616287231445,40.72540123753239,41.63041015392199,96000
2007-12-31,43.89292907714844,43.89292907714844,43.89292907714844,43.89292907714844,25600
2008-01-01,46.11019515991211,46.11019515991211,46.11019515991211,46.11019515991211,24123
2008-01-02,48.417972564697266,48.417972564697266,44.34543281626478,48.417972564697266,925130
2008-01-03,50.86149597167969,50.86149597167969,49.7754847058132,50.86149597167969,76807
2008-01-04,49.775482177734375,53.44076699308247,48.327469531679526,53.44076699308247,1085261
2008-01-07,48.87047576904297,51.13299779538755,47.286710350601766,49.73023482952084,397474
2008-01-08,46.42695236206055,51.314001432734166,46.42695236206055,51.314001432734166,328485
2008-01-09,44.119178771972656,46.01969586121611,44.119178771972656,44.79793536846454,189746
2008-01-10,41.94715881347656,44.88843757575993,41.94715881347656,41.94715881347656,245147
2008-01-11,39.86563491821289,42.08290705570056,39.86563491821289,42.08290705570056,105140
2008-01-14,41.58515548706055,41.85665743944407,38.05561974907087,38.91537880856422,379373
2008-01-15,40.544395446777344,43.66667664334904,39.82038906336493,43.07841951488816,215741
2008-01-16,38.689125061035156,40.589642104152205,38.553372364097726,38.643875312834176,102380
2008-01-17,38.32712173461914,40.318141807712195,37.82936757942954,38.59862713957223,212614
2008-01-18,36.51710891723633,38.23662726388347,36.426609405238096,38.05562478755191,83136
2008-01-21,34.70708465576172,35.65734661811247,34.70708465576172,34.70708465576172,28272
2008-01-22,32.987571716308594,32.987571716308594,32.987571716308594,32.987571716308594,1590
2008-01-23,31.358564376831055,32.98757994589107,31.358564376831055,31.358564376831055,54450
2008-01-24,29.82004165649414,32.942322812296254,29.82004165649414,29.82004165649414,115738
2008-01-25,28.326772689819336,29.865288228416762,28.326772689819336,28.326772689819336,66383
2008-01-28,26.924013137817383,26.924013137817383,26.924013137817383,26.924013137817383,11742
2008-01-29,28.100522994995117,28.281525448331365,25.611748755541957,25.611748755541957,123873
2008-01-30,26.743009567260742,29.32228673966063,26.69775981735926,29.32228673966063,48992
2008-01-31,25.430747985839844,28.055273197821982,25.430747985839844,27.150264384989015,77974
2008-02-01,24.16373634338379,25.973753995287673,24.16373634338379,25.973753995287673,37444
2008-02-04,25.385498046875,25.385498046875,24.61624189031373,25.113996077049542,37627
2008-02-05,26.65251350402832,26.65251350402832,25.29500011793861,26.10950780435893,27838
2008-02-06,27.557519912719727,28.010024333446374,25.430748790071014,28.010024333446374,103657
2008-02-07,26.29050636291504,28.462528980617172,26.20000685898361,26.697761035276038,73040
2008-02-08,24.978240966796875,26.697757186091366,24.978240966796875,25.385493854274255,37006
2008-02-11,23.75648307800293,25.792753056117466,23.75648307800293,25.792753056117466,9494
2008-02-12,22.57996940612793,24.706738625667228,22.57996940612793,24.706738625667228,12241
2008-02-13,21.448711395263672,22.44421979387722,21.448711395263672,21.49396114932157,27289
2008-02-14,22.489469528198242,22.53471927874331,20.407948205945768,20.905704092778187,96782
2008-02-15,23.620731353759766,23.620731353759766,21.855963404035098,22.534720042211138,65660
2008-02-18,23.439725875854492,24.706737758787973,23.032472981072573,23.575476840781796,72261
2008-02-19,23.937480926513672,24.525736239254936,23.530226318987427,24.3447338078728,23705
2008-02-20,22.760971069335938,23.530228897765582,22.760971069335938,23.530228897765582,22072
2008-02-21,21.720212936401367,23.032476491775924,21.629711703932877,23.032476491775924,65325
2008-02-22,20.63420295715332,21.720214365916146,20.63420295715332,21.720214365916146,60804
2008-02-25,20.45319938659668,21.358208193736644,19.683941555294247,21.358208193736644,64930
2008-02-26,20.860454559326172,21.222459502078706,20.588952578429268,20.81520480456585,36531
2008-02-27,21.177204132080078,21.720209720321552,21.131954385629612,21.720209720321552,33287
2008-02-28,20.272197723388672,20.905704603500066,20.136446742269765,20.634200915094876,70040
2008-02-29,20.226947784423828,20.76995343003825,20.000695575931765,20.498449744147358,16287
2008-03-03,19.23143768310547,20.091196764111245,19.23143768310547,19.91019430721507,26307
2008-03-04,18.281177520751953,19.412438463220088,18.281177520751953,19.050433580696517,32388
2008-03-05,17.421419143676758,18.41692915426317,17.37616939480944,17.466668892544075,37888
2008-03-07,17.059415817260742,17.511920206439186,16.5616599534641,17.511920206439186,39723
2008-03-10,15.611404418945312,16.2901611328125,15.385152180989582,16.24491137568839,58783
2008-03-11,17.195165634155273,17.195165634155273,15.475649415973175,15.475649415973175,139275
2008-03-12,16.742664337158203,18.824184077797376,16.38066112915584,18.10017766179265,98148
2008-03-13,15.792404174804688,17.01416466801733,15.385149526288947,16.380659546752867,103349
2008-03-14,14.93264389038086,16.878412294500087,14.208636741260829,16.878412294500087,92183
2008-03-17,13.665634155273438,14.661144248258175,13.57513292388075,14.344390801467474,57441
2008-03-18,13.575133323669434,15.023147890094332,13.303630484579298,15.023147890094332,45563
2008-03-19,13.575133323669434,14.84214542197842,13.303630484579298,13.846636162759568,46275
2008-03-24,12.670123100280762,14.434890073774568,12.30811992836334,14.434890073774568,73556
2008-03-25,13.303628921508789,13.303628921508789,12.670122946786204,12.670122946786204,26696
2008-03-26,13.982385635375977,13.982385635375977,13.575131852420101,13.891885274210026,45049
2008-03-27,14.570642471313477,14.70639345023603,13.620383029604566,14.615892222231878,137574
2008-03-28,15.3399019241333,15.3399019241333,15.113649693548252,15.204149204848248,26589
2008-03-31,15.882905006408691,16.109157224312902,15.837655253294821,15.973406238803863,125355
2008-04-01,16.33540916442871,16.697414087853396,15.475651786713591,16.606912856997226,63364
2008-04-02,16.2901611328125,17.0141676038038,16.154410135272578,17.0141676038038,62112
2008-04-03,16.154409408569336,16.290160400002524,15.837655944446897,16.06390817222471,32531
2008-04-04,15.430397987365723,16.018655036369303,15.385148241827208,15.837652601880949,28659
2008-04-07,15.113649368286133,15.566153819717844,14.706394671530596,15.385151348678162,17248
2008-04-08,15.204148292541504,15.385150756615719,14.4801418885795,14.977896075532449,31312
2008-04-09,15.973405838012695,15.973405838012697,15.385150431455239,15.385150431455239,23942
2008-04-10,16.787912368774414,16.787912368774414,16.29015822460075,16.787912368774414,58263
2008-04-11,16.561664581298828,17.511925099805712,16.42591357184577,17.466673612542866,48043
2008-04-15,17.421419143676758,17.421419143676758,15.792404018111554,15.792404018111554,44909
2008-04-16,18.100175857543945,18.326428055763245,17.692921210282293,18.00967463302277,53875
2008-04-17,18.597932815551758,19.00518752439875,18.235929588891956,18.37168058311844,54488
2008-04-21,19.548192977905273,19.548192977905273,18.733685296777455,19.23143951130903,92157
2008-04-22,19.548192977905273,20.272199421981664,19.23143951130903,19.548192977905273,62065
2008-04-23,18.914682388305664,19.91019235109379,18.824181168749075,19.91019235109379,44048
2008-04-24,19.050434112548828,19.86494339479922,18.235926556465692,19.457688753674024,58374
2008-04-25,18.597932815551758,19.18619000081242,18.41693206530563,18.733685535945785,28870
2008-04-28,18.416929244995117,18.778932416218893,18.23592679629959,18.778932416218893,31038
2008-04-29,18.37167739868164,18.55267984372143,18.1001754572892,18.190676679809094,21577
2008-04-30,17.73817253112793,19.276686429918417,17.5571700836621,18.3716776449238,32063
2008-05-02,18.55268096923828,18.643182197248525,17.828674597491045,17.828674597491045,70096
2008-05-05,19.45768928527832,19.502939035009717,18.597930231043286,19.18618733455531,51819
2008-05-06,18.959936141967773,20.226948189674683,18.6431826984992,20.226948189674683,59789
2008-05-07,19.14093589782715,19.457689325097075,18.86943394654853,19.457689325097075,22327
2008-05-08,18.281177520751953,18.688430424340158,18.190676300121062,18.552679456477424,22628
2008-05-09,17.421419143676758,18.41692915426317,17.37616939480944,17.919173285886327,30376
2008-05-12,16.833162307739258,18.32642633014748,16.5616586597405,18.32642633014748,38082
2008-05-13,17.24041748046875,17.557170915456943,17.01416527350109,17.195167729542156,30934
2008-05-14,16.968914031982422,17.37616865921688,16.516409657796224,17.059415252053103,17682
2008-05-15,17.73817253112793,17.828673754860844,16.92366496986623,17.602421558612193,40258
2008-05-16,17.87392234802246,18.37167645712078,17.46666773063863,17.73817138428357,16954
2008-05-20,17.96442413330078,18.416928510833962,17.64767072379411,17.64767072379411,19737
2008-05-21,18.73368263244629,18.824182130459228,17.828673842978684,18.100175789352054,15527
2008-05-22,18.959936141967773,19.321939337574406,18.10017704200555,19.321939337574406,28922
2008-05-23,18.235925674438477,19.367186593772963,18.054924963045263,18.778931260952465,64888
2008-05-26,18.462181091308594,18.95993701868056,17.55717219736045,18.95993701868056,88439
2008-05-27,19.412437438964844,19.412437438964844,18.50742873274116,19.321936223109052,127472
2008-05-28,19.14093589782715,20.362698130915543,18.462179293463297,20.362698130915543,84616
2008-05-29,18.869436264038086,19.910196173318983,18.643184034795826,19.910196173318983,31593
2008-05-30,18.326425552368164,19.27668396461673,18.19067459721366,18.688428674835855,31682
2008-06-02,17.421419143676758,18.643181350934295,17.421419143676758,18.28117818149395,23236
2008-06-03,16.878414154052734,17.104666359137,16.561660721701294,16.74266317623564,37671
2008-06-04,16.33540916442871,17.14991851596685,16.109156950371982,16.878414823398337,47360
2008-06-05,16.4259090423584,16.697412712564407,15.65665123269227,15.65665123269227,19340
2008-06-06,16.33540916442871,16.787913592542164,16.109156950371982,16.516411626141053,12989
2008-06-09,15.520899772644043,15.747151960951296,15.520899772644043,15.520899772644043,43400
2008-06-10,15.56615161895752,16.290157948420415,14.842143563327372,15.38514917350817,14650
2008-06-11,16.10915756225586,16.199658796549596,15.023147929233453,15.385151140240922,24888
2008-06-12,15.882905006408691,15.973406238803863,15.33990106437253,15.385150817486398,29916
2008-06-13,16.199661254882812,16.290162502910306,15.701906979983201,15.837657988940574,8445
2008-06-16,16.10915756225586,16.742664476144533,16.018658054129595,16.290160030843328,17545
2008-06-17,16.199661254882812,16.290162502910306,15.882907749870455,15.882907749870455,7999
2008-06-18,15.973405838012695,16.742663704818938,15.928156086034196,16.29015928036437,21008
2008-06-19,15.701904296875,16.018657747761196,15.520901831749333,15.566153311114467,21060
2008-06-20,15.656651496887207,16.199657120294795,15.520900522577133,15.747152721816354,42971
2008-06-23,14.977893829345703,15.837652815511781,14.887394337047942,14.977893829345703,34762
2008-06-24,14.615891456604004,14.977894623490366,14.299138901349346,14.5253902333406,18426
2008-06-25,14.11813735961914,14.480140527575065,13.982385524322945,14.208637720066307,36118
2008-06-26,14.842144012451172,14.842144012451172,14.16338741072779,14.16338741072779,11605
2008-06-27,14.344389915466309,14.57064211688954,14.118137714043078,14.434890278185408,15140
2008-06-30,13.665634155273438,14.389640554080112,13.665634155273438,14.253889570074787,39106
2008-07-01,12.98687744140625,14.253889495799381,12.98687744140625,12.98687744140625,46592
2008-07-02,13.258378982543945,13.484631189502604,12.35337015470931,13.484631189502604,16095
2008-07-03,12.624874114990234,12.986878196642838,12.624874114990234,12.896376960458749,28041
2008-07-04,12.715373992919922,13.077377172819643,12.217618973245058,12.262869586503438,9045
2008-07-07,12.85112476348877,13.25837855011482,12.353369751797532,13.213128800665872,13103
2008-07-08,12.715373992919922,13.122627786078024,12.262869586503438,12.262869586503438,17174
2008-07-09,13.167878150939941,13.575131936415683,12.7606243654642,13.30362912507064,37281
2008-07-10,13.439380645751953,13.756133198957771,12.941625647190099,13.484630394007338,16465
2008-07-11,13.484630584716797,14.163387175150534,13.348879611863504,13.348879611863504,29335
2008-07-14,12.670123100280762,13.439380919459836,12.48912151432205,13.439380919459836,71852
2008-07-15,12.489120483398438,13.122626413502536,12.443869874873094,13.122626413502536,35229
2008-07-16,12.127118110656738,12.670123759885296,11.855616149126146,12.670123759885296,26656
2008-07-17,12.353371620178223,12.851126707152227,11.991368391333735,12.48912347830774,49339
2008-07-18,12.53437328338623,12.9416271051499,12.308121064286,12.9416271051499,28783
2008-07-21,12.443870544433594,12.670122736150569,11.946115550039528,12.489121155393713,6491
2008-07-22,12.624874114990234,12.896376960458749,12.262870896421385,12.262870896421385,17706
2008-07-23,13.665634155273438,13.89188637067145,12.896376277686713,13.07737787738838,53968
2008-07-24,13.620382308959961,14.208637670611765,13.303628890788294,14.208637670611765,24324
2008-07-25,13.575133323669434,13.756134928701613,13.032127645489163,13.484632089611477,41700
2008-07-28,13.982385635375977,14.208637832916311,13.167878069464226,13.575131852420101,20777
2008-07-29,14.389640808105469,14.661144507076482,14.1181388353019,14.208639205208515,41101
2008-07-30,14.751644134521484,15.249400056954698,14.118138950743926,14.525391913279329,22913
2008-07-31,15.204148292541504,15.792405437698987,14.661144352653714,14.661144352653714,39900
2008-08-01,14.706393241882324,15.249398876046829,14.615892015160354,14.706393241882324,22215
2008-08-04,15.15889835357666,15.29464933688267,14.480141710879197,15.023147370270648,17235
2008-08-05,15.973405838012695,16.29015928036437,14.75164354675189,14.842144776876282,39328
2008-08-06,15.023146629333496,16.561660574534912,14.977895153018343,15.294648582555121,32889
2008-08-07,14.706393241882324,15.385149853046125,14.480141038161058,14.796894468604297,16399
2008-08-08,14.842144012451172,15.204147188136849,14.570642062228739,14.706393037339955,14364
2008-08-11,16.33540916442871,16.33540916442871,14.480141699630513,14.480141699630513,95700
2008-08-12,15.520899772644043,17.104665090794807,15.113646869391316,16.833163155292986,46894
2008-08-13,15.385151863098145,15.611404096379,15.294650624552292,15.520902857833146,20600
2008-08-14,14.796894073486328,15.204146993609434,14.57064187580662,14.977894795929727,17751
2008-08-18,14.525391578674316,15.294649458410609,14.525391578674316,15.02314748964129,11408
2008-08-19,14.208639144897461,14.706394198064066,14.027637542768801,14.706394198064066,11204
2008-08-20,14.796894073486328,15.023146271166036,14.480140651501282,14.480140651501282,7351
2008-08-21,14.11813735961914,14.480140527575065,14.027636136088343,14.480140527575065,9376
2008-08-22,13.756133079528809,14.118137104014387,13.575131498827828,13.801383690474957,25238
2008-08-25,13.982385635375977,14.480140642581441,13.710882825710847,13.710882825710847,18500
2008-08-26,13.756133079528809,13.98238527117594,13.575131498827828,13.98238527117594,13171
2008-08-27,13.484630584716797,14.027636202297241,13.122627415052259,13.122627415052259,8975
2008-08-28,13.394131660461426,13.756134868953467,13.303630426796552,13.394131660461426,7856
2008-08-29,13.756133079528809,14.70639245706348,13.575131498827828,14.661142709200947,13710
2008-09-01,13.529881477355957,13.891885517613446,13.394130501686682,13.394130501686682,3516
2008-09-02,13.846635818481445,14.29914025135284,13.39413138561005,14.29914025135284,16947
2008-09-04,13.756133079528809,13.891884912367257,13.620382109773976,13.756133079528809,12616
2008-09-05,13.575133323669434,14.118139001849704,13.484632089611477,14.118139001849704,14285
2008-09-08,13.891885757446289,14.389639918882745,13.620382938336796,13.710883302650847,11423
2008-09-09,14.027637481689453,14.299140315242122,13.710884032030721,14.299140315242122,26330
2008-09-10,13.756133079528809,14.072886493068237,13.665632720720126,14.072886493068237,9640
2008-09-11,13.575133323669434,13.710884311672634,13.484632089611477,13.710884311672634,3710
2008-09-12,13.394131660461426,14.43489153218884,13.394131660461426,14.43489153218884,19351
2008-09-15,12.172369003295898,13.07737786395855,11.99136740378011,11.99136740378011,15168
2008-09-16,11.94611644744873,12.2176192705215,10.905356632600741,11.765114853094778,27943
2008-09-17,11.357860565185547,12.534372172889086,11.131608366130392,12.489121560461324,13984
2008-09-18,10.905356407165527,11.131608611201809,10.136098568208704,11.131608611201809,45402
2008-09-19,11.312609672546387,12.08186747551299,10.995856256481638,12.08186747551299,18283
2008-09-22,11.765114784240723,11.765114784240723,11.493611962756894,11.765114784240723,8293
2008-09-23,11.267359733581543,11.493611940533315,10.950607161699265,11.08635814063686,14276
2008-09-24,11.312609672546387,11.403110895160207,11.041106867788548,11.041106867788548,10208
2008-09-25,10.860106468200684,11.312610904375713,10.724355482581663,11.312610904375713,14851
2008-09-26,10.045598030090332,11.041107192721453,9.774095217342335,10.769604379973458,64619
2008-09-29,9.366841316223145,10.045597908323845,9.00483728258592,10.045597908323845,52784
2008-09-30,9.321592330932617,10.769606128937234,8.14508052668376,8.68808624036286,24451
2008-10-01,9.321592330932617,9.457343327810497,8.869087857227964,9.140590714067514,37189
2008-10-03,8.823836326599121,10.45285243643416,8.416582514911287,9.14058977073616,97900
2008-10-06,8.05457878112793,8.82383668337347,8.009329027064798,8.145080015421664,39676
2008-10-07,8.14508056640625,8.5070838019019,7.602074850078982,8.5070838019019,37700
2008-10-08,8.14508056640625,8.597585042317707,7.240071614583333,8.14508056640625,30496
2008-10-10,7.602074146270752,8.235581044363077,7.2853215603083035,8.235581044363077,32895
2008-10-13,7.8283257484436035,8.371331371851193,7.466322574894307,7.511573187358881,16626
2008-10-14,8.416581153869629,8.778584291700845,8.009327408038619,8.009327408038619,16686
2008-10-15,7.692575931549072,8.145080398110782,7.240071464987362,8.145080398110782,14992
2008-10-16,7.375822067260742,7.647324905368073,6.516063799157301,7.285321696614118,18515
2008-10-17,7.240070343017578,7.692574739456177,6.923317351818923,7.511573153497466,19917
2008-10-20,7.013818740844727,7.647324777078476,6.018309070388041,6.018309070388041,25870
2008-10-21,7.285321235656738,7.511573442583446,6.832816821803322,6.832816821803322,15356
2008-10-22,7.46632194519043,7.918826305505001,7.149568979278587,7.149568979278587,7703
2008-10-23,6.5160627365112305,7.783075486691818,6.0635583678217895,7.783075486691818,41368
2008-10-24,6.154059410095215,6.742314727267822,5.973057408891366,6.335060979757282,39235
2008-10-27,5.656304836273193,6.199310014247057,5.068049046992419,5.656304836273193,27743
2008-10-29,6.5160627365112305,6.742314920855951,5.5658038211884815,5.5658038211884815,6356
2008-10-31,6.289811611175537,6.787566673157142,5.927808400507317,6.335062228279998,12281
2008-11-03,6.878066539764404,7.556823546247604,6.470812767416293,7.2400701327081745,40715
2008-11-04,7.149569988250732,7.240070786777077,6.561314150516726,6.742315747569414,19287
2008-11-05,7.1043195724487305,8.145079863543176,6.9685681550813054,7.5115738245510055,25028
2008-11-06,6.561314105987549,7.104319325002288,6.380312510163251,6.787566316538844,10038
2008-11-07,6.923317909240723,7.059069325410513,6.561314276635235,6.561314276635235,3684
2008-11-10,7.194820404052734,7.466323239940025,6.7423159652684905,6.7423159652684905,15508
2008-11-11,6.832817077636719,7.2400708927364,6.787566461940375,7.2400708927364,5302
2008-11-12,6.470812797546387,7.149569375648277,6.335061395617647,6.561313588318277,11533
2008-11-14,6.380312919616699,6.697065948407613,6.335062301985766,6.606565144687619,31301
2008-11-17,6.289811611175537,6.651815253385625,6.108810005841427,6.335062228279998,6285
2008-11-18,6.335061550140381,6.470812955380325,5.882557153701782,5.882557153701782,5213
2008-11-19,6.063559055328369,6.742315685322224,6.063559055328369,6.335061879942648,7178
2008-11-20,5.973058223724365,6.425562641151087,5.565804420657051,5.882557426547389,8660
2008-11-21,5.792056560516357,6.335061768664989,5.656305150593741,5.656305150593741,10696
2008-11-24,5.475304126739502,6.199311002243828,5.475304126739502,6.199311002243828,9331
2008-11-25,5.520554065704346,5.973058504393912,5.475303880760506,5.475303880760506,6206
2008-11-26,5.973058223724365,5.973058223724365,4.977548591693944,5.022799206053353,10796
2008-11-27,5.973058223724365,5.973058223724365,5.973058223724365,5.973058223724365,0
2008-11-28,6.154059410095215,6.425561764588315,5.5658036613808255,5.882556624060333,5377
2008-12-01,6.289811611175537,6.425563030947053,5.882557783402856,6.425563030947053,6238
2008-12-02,6.335061550140381,6.606564360620268,5.7468057484618384,5.7468057484618384,2994
2008-12-03,6.5160627365112305,6.697064742912083,5.97305758039226,6.335061161652171,15230
2008-12-04,6.742315292358398,7.013818101148621,6.018308521487503,6.335061510714883,10011
2008-12-05,6.787566661834717,7.240071105957031,6.561314439773559,7.104319686411963,18373
2008-12-08,6.606564998626709,7.421072645641023,6.561314381996198,6.742315985434519,12862
2008-12-10,6.561314105987549,6.968567912363142,6.425562693348403,6.425562693348403,6376
2008-12-11,7.78307580947876,7.873576169119809,6.923317214387039,7.647323975391748,27515
2008-12-12,7.8283257484436035,8.145079172611972,6.74231536471207,7.692574774133528,21051
2008-12-15,7.602074146270752,8.32608141331647,7.466323161298805,7.8735769792983605,25313
2008-12-16,8.235579490661621,8.552332016866421,8.14507827569822,8.326079842541471,31409
2008-12-17,8.099830627441406,8.869088646423494,7.87357837045654,8.869088646423494,29111
2008-12-18,8.371332168579102,8.597584389351509,7.873577110263057,8.145079947806693,15121
2008-12-19,8.235579490661621,8.59758262434812,7.96407670885497,7.96407670885497,13926
2008-12-22,7.6473236083984375,8.32608015700925,7.375820816337396,8.32608015700925,47907
2008-12-23,7.602074146270752,8.14507981232597,7.466323161298805,8.14507981232597,3803
2008-12-24,7.46632194519043,7.918826305505001,7.46632194519043,7.46632194519043,16574
2008-12-26,8.099830627441406,8.145081251455153,7.783077985512914,7.783077985512914,15078
2008-12-29,8.05457878112793,8.280831003778532,7.783076804414196,8.145080015421664,29653
2008-12-30,7.964077472686768,8.145079056889815,7.2400702727909465,7.2400702727909465,39016
2008-12-31,8.05457878112793,8.416582855219135,7.602074335826726,8.416582855219135,17487
2009-01-02,9.050087928771973,9.54784293747116,8.461832558635251,8.68808475685455,52100
2009-01-05,9.27634048461914,9.909846491439811,9.050088277677212,9.86459587743469,17264
2009-01-06,8.823836326599121,9.68359456529204,8.688085343731077,9.593094197741243,26100
2009-01-07,7.602074146270752,9.050088680362187,7.421072545280251,9.050088680362187,28685
2009-01-09,7.6473236083984375,7.692574217589208,6.199309724337062,6.199309724337062,23300
2009-01-12,7.602074146270752,7.783076610344966,6.78756651027164,7.692575378307859,7012
2009-01-13,7.556824684143066,7.692575674339081,7.24007122290737,7.24007122290737,3400
2009-01-14,7.6473236083984375,7.873575791268708,7.240069851848666,7.240069851848666,6100
2009-01-15,7.240070343017578,7.602073514935,7.059068757058867,7.240070343017578,4316
2009-01-16,6.5160627365112305,7.556823302347097,6.108808977307451,7.556823302347097,39000
2009-01-19,6.5160627365112305,6.651814133426421,6.335061161652171,6.335061161652171,17856
2009-01-20,6.335061550140381,6.516063136099092,5.611054343221895,5.611054343221895,8497
2009-01-21,6.199311256408691,6.968568781970314,6.018309637997215,6.968568781970314,27829
2009-01-22,6.108809471130371,6.47081308165387,6.018308676384954,6.108809471130371,12971
2009-01-23,6.108809471130371,6.199310265875789,5.83730665535229,5.83730665535229,11488
2009-01-27,6.380312919616699,6.516063909425753,5.792057048123932,5.792057048123932,16202
2009-01-28,6.335061550140381,6.425562343119736,6.1088093519210815,6.1088093519210815,3650
2009-01-29,6.380312919616699,6.561314527056687,6.1540606945457785,6.199310880634839,15197
2009-01-30,6.923317909240723,6.968568093602749,5.97305842759405,6.289811444295656,16913
2009-02-02,6.787566661834717,7.0138188838958735,6.516063822744582,6.923318081379784,8123
2009-02-03,6.470812797546387,6.878066571790797,6.335061395617647,6.516062977161427,16893
2009-02-04,6.878066539764404,7.783075737894734,6.335061366119652,6.335061366119652,83559
2009-02-05,6.697065830230713,7.194820457678201,6.244561388073798,6.380312807029245,36444
2009-02-06,7.194820404052734,7.330572253538241,6.7875665817636595,7.104319602604257,23059
2009-02-09,7.240070343017578,7.421071928976289,6.742315334318391,7.240070343017578,14851
2009-02-10,7.013818740844727,7.647324777078476,6.878067324068393,6.878067324068393,9654
2009-02-11,7.1043195724487305,7.3758219756417205,6.606564950823985,6.606564950823985,5243
2009-02-12,7.194820404052734,7.375822006949687,7.05906941765095,7.285321637043072,9449
2009-02-13,7.1043195724487305,7.3758219756417205,6.9233179703200705,7.2853216061192505,5862
2009-02-16,7.240070343017578,7.783075963977353,7.104318937777634,7.783075963977353,3068
2009-02-17,6.832817077636719,7.104319477189222,6.606564862238706,6.606564862238706,7107
2009-02-18,6.787566661834717,7.0138188838958735,6.3350622177124025,6.787566661834717,20923
2009-02-19,6.742315292358398,8.099828473225873,6.4708129151099945,8.099828473225873,17763
2009-02-20,6.335061550140381,6.516063136099092,5.656304955482483,5.656304955482483,13047
2009-02-24,6.335061550140381,6.425562343119736,5.565804162503127,5.565804162503127,10749
2009-02-25,6.244560241699219,6.561313206751268,6.154059456190317,6.516062598225925,13062
2009-02-26,6.244560241699219,6.380311635733464,6.154059456190317,6.380311635733464,3320
2009-02-27,6.018308639526367,6.335061634966317,5.837306619602233,5.837306619602233,14175
2009-03-02,5.882557392120361,6.018308802862276,5.520553773989202,5.656305184731117,4142
2009-03-03,5.565804481506348,5.882557490859652,5.384802453631712,5.475303683339953,17337
2009-03-04,5.565804481506348,6.335061913233472,5.430053068485833,6.335061913233472,10191
2009-03-05,5.520554065704346,5.882557702964371,5.430053264274804,5.475303880760506,6272
2009-03-06,5.520554065704346,5.611054867133887,5.294301846359562,5.339552462845263,11296
2009-03-09,5.475304126739502,5.5205543137162145,5.29430208420701,5.430053508220909,5481
2009-03-12,5.339552402496338,5.565804619283964,5.29430178652207,5.430053202903016,4330
2009-03-13,5.339552402496338,5.6110548037163746,5.29430178652207,5.430053202903016,14528
2009-03-16,5.339552402496338,5.520554003309695,5.203800986115391,5.203800986115391,7912
2009-03-17,5.339552402496338,5.656305419690642,5.249051602089659,5.430053202903016,13669
2009-03-18,5.520554065704346,5.520554065704346,5.339552462845263,5.520554065704346,1965
2009-03-19,5.611054420471191,5.79205644046364,4.751296228017998,4.751296228017998,27152
2009-03-20,5.792056560516357,5.837306742796006,4.751296326498742,4.751296326498742,13900
2009-03-23,5.565804481506348,6.063559087192441,5.475303683339953,6.063559087192441,5337
2009-03-24,5.7468061447143555,5.9278081746953,5.701555960875508,5.8373069439339025,8680
2009-03-25,5.475304126739502,5.792057161744013,5.430053508220909,5.430053508220909,6757
2009-03-26,5.520554065704346,5.882557702964371,5.430053264274804,5.430053264274804,10538
2009-03-27,5.520554065704346,6.063559305823453,5.430053264274804,5.430053264274804,13184
2009-03-30,5.475304126739502,5.792057161744013,5.430053508220909,5.475304126739502,7856
2009-03-31,5.7468061447143555,6.154060388515092,5.430053131675017,5.430053131675017,10119
2009-04-01,5.837306976318359,5.973058391671732,5.565804577153466,5.565804577153466,6279
2009-04-02,6.154059410095215,6.244560194926248,5.611053838025451,5.611053838025451,8628
2009-04-06,6.154059410095215,6.335060979757282,6.154059410095215,6.19930958673984,6050
2009-04-08,7.05906867980957,7.33057148731833,5.927807701092768,6.199310077059711,35257
2009-04-09,7.1043195724487305,7.5568244408541,6.561314334520891,7.2400709898161555,30992
2009-04-13,7.46632194519043,7.602072908051372,6.968566976227686,7.1043183706304145,30479
2009-04-15,7.78307580947876,8.869086166756729,7.285320810660299,7.375821170301349,84898
2009-04-16,7.692575931549072,9.050089331234203,7.55682493681407,9.050089331234203,63045
2009-04-17,8.009325981140137,8.235578117747673,7.602071444779846,7.602071444779846,24954
2009-04-20,7.964077472686768,8.416581864736202,7.4663224688156635,8.416581864736202,10457
2009-04-21,7.511573314666748,8.099828697425153,7.240070498361461,8.099828697425153,13617
2009-04-22,7.375822067260742,7.964078360340581,7.330572313479295,7.421072684125919,5263
2009-04-23,7.46632194519043,7.602072908051372,7.240069765033144,7.285320373681316,5194
2009-04-24,7.285321235656738,7.602073807503924,7.149569825192345,7.240070621654661,19413
2009-04-27,7.33057165145874,8.190329841917814,7.194819813122896,7.240070425901511,31427
2009-04-28,6.878066539764404,7.375821102463006,6.832816360360063,7.2400701327081745,11720
2009-04-29,6.968567371368408,7.194819564354938,6.832816400809938,6.968567371368408,6981
2009-04-30,6.968567371368408,6.968567371368408,6.968567371368408,6.968567371368408,0
2009-05-04,7.285321235656738,7.330571849658814,6.968567800725877,6.968567800725877,6210
2009-05-05,7.194820404052734,7.466323239940025,7.104319602604257,7.240071020547903,23115
2009-05-06,7.149569988250732,7.6020739808824525,7.1043193732166365,7.240070786777077,27359
2009-05-07,7.240070343017578,7.330571567538755,7.013818144798279,7.240070343017578,13738
2009-05-08,7.240070343017578,7.511573153497466,7.149569550038223,7.511573153497466,12348
2009-05-11,7.240070343017578,7.511573153497466,7.149569550038223,7.330571567538755,12102
2009-05-12,7.285321235656738,7.375821600577217,7.013818414727953,7.240070621654661,11452
2009-05-13,7.149569988250732,7.240070786777077,7.1043193732166365,7.194820171742981,4497
2009-05-14,6.923317909240723,7.1948203100384465,6.697065692805025,6.878067293336841,17710
2009-05-15,7.1043195724487305,7.2853216061192505,6.742315936649551,6.742315936649551,4916
2009-05-18,7.05906867980957,7.05906867980957,7.05906867980957,7.05906867980957,0
2009-05-19,8.235579490661621,8.416581057504871,7.330570793361819,7.421071145241669,91516
2009-05-20,9.909846305847168,9.909846305847168,8.32608088691458,8.642834315934563,82037
2009-05-21,10.543352127075195,10.905356163287912,10.13609834153408,10.905356163287912,75932
2009-05-22,11.448362350463867,11.629364822681024,10.724355913930244,11.538863586572447,109965
2009-05-25,12.624874114990234,12.624874114990234,11.403112605007552,11.674614587392313,62624
2009-05-26,12.172369003295898,13.891886356405157,11.493612357798911,13.891886356405157,117054
2009-05-27,12.624874114990234,12.986878196642838,12.308121514513429,12.308121514513429,55422
2009-05-28,12.443870544433594,13.258378089381255,12.262868963676738,12.670122736150569,50001
2009-05-29,12.624874114990234,12.941627578550793,12.5343737418899,12.760625969266368,49783
2009-06-01,12.715373992919922,13.122627786078024,12.62487276640316,12.896375582869782,36570
2009-06-02,13.258378982543945,13.348880210560878,12.534372610743176,13.12262800360222,74867
2009-06-03,13.937134742736816,13.937134742736816,13.348879386205285,13.937134742736816,70900
2009-06-04,14.66114330291748,14.66114330291748,14.027636450184177,14.66114330291748,41700
2009-06-05,15.3399019241333,15.430401435433296,15.15889944919825,15.385151679783299,78413
2009-06-08,14.570642471313477,16.10915644271468,14.570642471313477,16.10915644271468,81800
2009-06-09,13.937134742736816,14.027635965164876,13.846634383392377,13.846634383392377,37560
2009-06-10,13.575133323669434,14.615893199917263,13.394131718637254,14.570643445972019,53388
2009-06-11,12.896374702453613,13.80138345350299,12.896374702453613,12.941625312622802,27100
2009-06-12,12.30811882019043,13.484629454535645,12.262868212004022,12.941624745549445,36681
2009-06-15,11.765114784240723,12.308120427208381,11.719864170146138,11.946116377535384,29100
2009-06-16,12.217618942260742,12.353369918607953,11.176859155375698,11.176859155375698,29373
2009-06-17,11.629364967346191,12.579623642888388,11.629364967346191,12.579623642888388,29300
2009-06-18,11.086357116699219,11.900864641264091,11.086357116699219,11.629362708464864,28854
2009-06-19,10.769604682922363,11.493611916255455,10.5433524764485,11.493611916255455,18300
2009-06-22,11.086357116699219,11.312609302754305,10.860104930644132,10.860104930644132,8165
2009-06-23,10.769604682922363,11.629363757989976,10.588603090360008,11.58411314407847,8997
2009-06-24,11.131608963012695,11.312610559345485,10.679104540638876,11.176859577866816,18748
2009-06-25,10.905356407165527,11.538862405850384,10.860105793741539,10.860105793741539,11960
2009-06-26,11.176859855651855,11.403112072461944,10.860106406884247,10.860106406884247,13692
2009-06-29,11.176859855651855,11.7651152741246,10.860106406884247,11.67461404216708,7081
2009-06-30,10.860106468200684,11.493612506228981,10.814855851966438,11.041108070053951,17500
2009-07-01,10.679104804992676,10.995857390645124,10.407601972230783,10.995857390645124,10240
2009-07-02,11.041108131408691,11.222109734267773,10.22660048700096,10.407602089860042,16553
2009-07-03,10.860106468200684,11.17685991875669,10.543353017644677,10.543353017644677,10730
2009-07-06,10.31710147857666,10.99585817751154,10.31710147857666,10.498103955426314,20000
2009-07-07,10.181349754333496,10.588603571890093,9.638344088868891,10.181349754333496,19626
2009-07-08,9.18583869934082,9.683593697032997,9.18583869934082,9.683593697032997,18200
2009-07-09,9.140588760375977,9.412090696101446,8.733334130620564,9.412090696101446,6900
2009-07-10,8.642833709716797,9.457341237089647,8.37133091289798,9.050087473403222,23900
2009-07-13,8.280832290649414,8.371333539007365,7.783078013932288,8.19033190537533,22741
2009-07-14,9.140588760375977,9.140588760375977,7.511572830605141,8.235580006401468,13100
2009-07-15,9.81934642791748,9.90984679562195,9.18583953856768,9.547843598636668,16880
2009-07-16,9.412091255187988,10.271850313001103,9.321590892264899,10.271850313001103,15384
2009-07-17,9.864595413208008,10.090847609502537,9.276340048075687,9.276340048075687,22281
2009-07-20,10.045598030090332,10.181349004922506,9.955096804813117,9.955096804813117,11679
2009-07-21,10.045598030090332,10.181349004922506,9.819345829980943,9.819345829980943,8300
2009-07-22,10.136098861694336,10.633853897603135,10.000347880575431,10.49810291648423,12474
2009-07-23,10.090846061706543,10.226597876510994,9.819344158264647,9.955095109985596,7981
2009-07-24,10.950608253479004,11.131609864469615,10.045599335442185,10.317101320386222,26562
2009-07-27,11.222108840942383,11.7651144693779,10.905356276924708,11.493611655160143,20318
2009-07-28,11.041108131408691,11.629364419555362,10.769605295578206,11.222109734267773,25082
2009-07-29,11.131608963012695,11.448361540824154,10.679104540638876,10.950607366679906,16539
2009-07-30,10.769604682922363,11.3126103236931,10.769604682922363,10.81485529683387,4109
2009-07-31,10.814854621887207,11.267359006594484,10.498102070442284,10.498102070442284,9966
2009-08-03,10.633853912353516,10.769604893660722,10.317100471858446,10.498102931046308,12863
2009-08-04,11.131608963012695,11.403111789053725,10.543352696076514,11.176859577866816,34300
2009-08-05,11.086357116699219,11.403110522409778,10.905355540471868,11.176858336354691,10820
2009-08-06,10.905356407165527,11.719863996462678,10.679104203129246,10.905356407165527,23773
2009-08-07,10.724355697631836,10.90535730311464,10.498103475007397,10.90535730311464,7500
2009-08-10,10.22659969329834,10.860105685679585,10.22659969329834,10.49810250805706,20000
2009-08-11,10.407601356506348,10.588602946611465,10.181349153104037,10.181349153104037,13594
2009-08-12,9.909846305847168,10.498102550729467,9.547843126753182,10.498102550729467,29919
2009-08-13,10.407601356506348,10.498102583100737,9.819345972893801,9.819345972893801,33572
2009-08-14,11.448362350463867,11.448362350463867,10.090848987337697,10.090848987337697,112600
2009-08-17,10.407601356506348,11.538862373517908,10.317100129911958,11.493611760220713,60509
2009-08-18,10.724355697631836,10.81485606883137,10.362351623582494,10.769605451689735,23948
2009-08-19,10.905356407165527,11.538862405850384,10.317100158820995,11.267359588390113,28410
2009-08-20,10.679104804992676,11.222109607432749,10.679104804992676,11.176859854542194,15949
2009-08-21,10.679104804992676,10.860106405806032,10.407601972230783,10.407601972230783,40519
2009-08-24,10.769604682922363,11.222109095870087,10.633853704271514,11.222109095870087,21729
2009-08-25,10.860106468200684,11.041108070053951,10.18134981393814,10.498103264494148,66000
2009-08-26,11.94611644744873,11.94611644744873,10.679104423887381,10.905356632600741,194000
2009-08-27,11.810365676879883,12.308120717492386,11.629364079316344,11.946116659281612,105300
2009-08-28,11.674613952636719,12.127118382786726,11.312610753750194,11.946116783343465,16600
2009-08-31,11.493612289428711,11.674613887867805,11.131609092550525,11.53886290480941,48300
2009-09-01,11.448362350463867,11.946117422893547,11.131609750251346,11.855617049868721,27556
2009-09-02,11.086357116699219,11.53886148880939,11.086357116699219,11.312609302754305,13577
2009-09-03,11.312609672546387,11.629363088611134,10.905355896951441,11.629363088611134,30602
2009-09-04,11.041108131408691,11.53886318658396,10.860106528549608,11.53886318658396,36900
2009-09-07,11.85561466217041,11.99136562590954,11.40311029892854,11.584111871608574,62974
2009-09-08,12.036617279052734,12.670123269932635,11.900865440453263,12.308120093168021,63700
2009-09-09,11.810365676879883,12.624873297457654,11.629364079316344,12.624873297457654,32856
2009-09-10,11.674613952636719,12.21761961405021,11.58411358445694,12.21761961405021,37107
2009-09-11,11.493612289428711,11.765115118629202,11.312610690989617,11.765115118629202,25346
2009-09-14,11.357860565185547,12.081867774778773,11.312609952757786,12.081867774778773,7496
2009-09-15,13.665634155273438,13.665634155273438,11.855616432089338,12.127118400099986,455800
2009-09-16,13.303628921508789,15.294648069101324,13.167877949455246,14.027636119656156,329607
2009-09-17,13.032125473022461,13.982384819887004,12.80587328867774,13.982384819887004,81560
2009-09-18,13.303628921508789,13.891885147602613,12.48912136302027,13.575131728699505,122300
2009-09-22,13.213129997253418,13.710884190937874,13.03212753073137,13.575133204130063,58742
2009-09-23,12.85112476348877,13.529881362226735,12.76062440150723,13.529881362226735,49400
2009-09-24,13.394131660461426,14.253889927942819,12.353370925650285,12.398621542482722,173301
2009-09-25,13.167878150939941,13.665633161225246,13.032126313725598,13.348879737475421,51173
2009-09-29,13.484630584716797,14.570641819877686,13.394130223842481,13.710882781528044,161605
2009-09-30,13.484630584716797,13.982385590318266,13.303628999884529,13.982385590318266,55664
2009-10-01,13.484630584716797,14.118137426255196,13.258378387905552,13.484630584716797,82079
2009-10-05,12.896374702453613,13.575131265740646,12.760623735029649,13.484630045402268,30494
2009-10-06,12.489120483398438,13.529880164063487,11.584111765225849,13.529880164063487,27036
2009-10-07,12.579623222351074,13.213130135646063,12.489122851225886,13.213130135646063,23000
2009-10-08,12.30811882019043,13.122626315211512,12.217617603817615,13.122626315211512,27300
2009-10-09,12.398622512817383,12.670125371976496,11.991368655620612,11.991368655620612,25528
2009-10-12,12.262868881225586,13.122627031352659,11.810364500834115,13.122627031352659,30817
2009-10-13,12.262868881225586,12.262868881225586,12.262868881225586,12.262868881225586,0
2009-10-14,12.353371620178223,12.624874473353477,12.172370005755978,12.579623853976972,22071
2009-10-15,12.081868171691895,12.579622335498524,11.9461163299489,12.579622335498524,26772
2009-10-16,12.172369003295898,12.30812085024552,11.99136740378011,11.99136740378011,20407
2009-10-20,12.398622512817383,12.57962413122886,12.172370274032088,12.57962413122886,11720
2009-10-21,12.081868171691895,12.398620742924871,11.9461163299489,12.217619150351217,30457
2009-10-22,11.99136734008789,12.353370537196687,11.76511512612397,12.081868570906941,34700
2009-10-23,12.036617279052734,12.26286948030153,12.036617279052734,12.12711764170206,12101
2009-10-26,11.85561466217041,12.262868416471377,11.810364053229508,11.946115016968637,6955
2009-10-27,11.267359733581543,12.127117947381544,11.222109119574453,11.855615989506356,25600
2009-10-28,11.357860565185547,12.081867774778773,11.08635775370263,12.081867774778773,7700
2009-10-29,10.407601356506348,11.493611760220713,10.181349153104037,11.493611760220713,53880
2009-10-30,10.362350463867188,11.041107055776614,9.95509668133826,9.95509668133826,57029
2009-11-03,9.955097198486328,10.543352596799775,9.819346218285897,9.864595969630251,8000
2009-11-04,10.136098861694336,10.679104512337332,9.593094074135028,10.679104512337332,11192
2009-11-05,10.090846061706543,10.679102199692156,9.819344158264647,10.679102199692156,9328
2009-11-06,10.724355697631836,11.086358908597441,10.136099400958058,10.679105080490201,33660
2009-11-09,10.860106468200684,11.086358686288198,10.136099197703896,10.136099197703896,44327
2009-11-10,11.85561466217041,12.805873134511474,10.769603499923061,11.222107863164931,136406
2009-11-11,11.448362350463867,12.036618659002126,11.312611359384752,12.036618659002126,20855
2009-11-12,11.312609672546387,11.94611564159226,10.04559773445464,10.04559773445464,10900
2009-11-13,11.176859855651855,11.7651152741246,11.041108007715575,11.267360224525664,11477
2009-11-16,11.99136734008789,12.443871768015736,11.448361681340996,12.217619554051813,60722
2009-11-17,11.629364967346191,12.036618808733385,11.403112737344,11.855617197348383,20300
2009-11-18,11.719862937927246,12.036616340202409,11.538861363662976,11.76511354726421,39327
2009-11-19,11.584113121032715,11.99136691925873,11.493611893389746,11.765114713234981,23700
2009-11-20,11.538862228393555,11.765114428950291,10.9506068521795,11.493611615665477,15387
2009-11-23,11.493612289428711,12.12711831550739,11.448361674048012,11.765115118629202,21285
2009-11-24,11.448362350463867,11.629364822681024,11.222110123276172,11.222110123276172,8671
2009-11-25,11.40311050415039,11.991365841718224,11.312609284639834,11.719863046270149,20642
2009-11-26,11.176859855651855,11.584113673293272,10.995857391736815,11.493612441335753,11310
2009-11-27,10.769604682922363,10.95060713856839,10.18134929132379,10.95060713856839,33585
2009-11-30,11.222108840942383,11.403111292476659,10.588602849823381,10.588602849823381,70269
2009-12-01,11.267359733581543,11.584113168547495,10.905356547692177,11.40311157560281,21407
2009-12-02,12.172369003295898,12.851125648792886,11.176859774417208,11.58411358909866,97958
2009-12-03,11.85561466217041,12.670122170772345,11.765113444288605,12.443869989151409,49917
2009-12-04,12.53437328338623,13.03212747493976,11.81036600964875,11.81036600964875,134127
2009-12-07,12.489120483398438,12.986875451010075,12.127116478279259,12.624871445890898,126154
2009-12-08,12.53437328338623,12.62487365317609,12.217619831412419,12.39862143407586,44293
2009-12-09,12.30811882019043,12.670121959514564,12.262868212004022,12.670121959514564,12243
2009-12-10,12.489120483398438,12.805873016908702,11.9913655157868,12.26286830385529,87743
2009-12-11,12.172369003295898,12.805875033143012,12.036618019429984,12.805875033143012,47427
2009-12-14,12.127118110656738,12.53437277912,11.76511491989349,11.76511491989349,13526
2009-12-15,11.765114784240723,12.443871406408457,11.765114784240723,12.443871406408457,14308
2009-12-16,11.584113121032715,11.855615940877948,11.312610301187481,11.584113121032715,9962
2009-12-17,11.94611644744873,12.036617676167547,11.403111664386872,11.493612030022007,17569
2009-12-18,12.127118110656738,13.032126950648545,11.855616149126146,12.398620935271017,180524
2009-12-21,11.810365676879883,12.398621084732307,10.860106210816683,11.765115061718074,46450
2009-12-22,12.036617279052734,12.12711764170206,11.62936348942163,11.765114464937447,8568
2009-12-23,12.172369003295898,12.48912244976131,11.900866172480363,11.900866172480363,28128
2009-12-24,12.443870544433594,12.941625538827662,11.946115550039528,12.036616771959764,79403
2009-12-29,12.353371620178223,12.579623853976972,12.127119386379473,12.579623853976972,18945
2009-12-30,12.489120483398438,12.851123625434045,12.353368657822406,12.398619266347751,78447
2009-12-31,12.443870544433594,13.032125897664281,12.398619933473476,12.670122736150569,42349
2010-01-04,13.032125473022461,13.077376082508122,12.398619529473962,12.624871713818681,96987
2010-01-05,12.941625595092773,13.303628758180334,12.896374983935925,13.032125954322854,28427
2010-01-06,12.805874824523926,13.394131092221656,12.760625072694918,13.258379247483552,55588
2010-01-07,12.896374702453613,12.986875922791992,12.67012251469127,12.67012251469127,29966
2010-01-08,12.941625595092773,13.258378147023484,12.760624013548993,12.760624013548993,43767
2010-01-11,13.122628211975098,13.439381651980387,12.941626616150801,13.439381651980387,28727
2010-01-12,13.846635818481445,15.023147516563816,13.167879169174352,13.167879169174352,459392
2010-01-13,13.846635818481445,14.389640620076893,13.575132986141865,13.937136187205498,97530
2010-01-14,14.253890037536621,14.751644237269325,13.394131763444811,13.394131763444811,116168
2010-01-15,13.937134742736816,14.842143514682936,13.801383772178346,14.842143514682936,55940
2010-01-18,13.891885757446289,14.480141146280465,13.575132324637936,14.208638327170972,46210
2010-01-19,13.620382308959961,14.253888282219664,13.529881085744162,13.982385475655898,41183
2010-01-20,13.34887981414795,14.072887027532026,13.258378588818571,13.575132014387744,57567
2010-01-21,12.85112476348877,13.620382587291923,12.76062440150723,13.620382587291923,37937
2010-01-22,12.53437328338623,12.670124269612879,11.99136761231219,12.39862143407586,36192
2010-01-25,12.081868171691895,12.624872949412856,11.85561596520391,12.262869764265549,46769
2010-01-27,11.629364967346191,12.941627728742153,11.538863730111808,11.765115960114,55138
2010-01-28,11.629364967346191,12.172369801501194,11.403112737344,12.081869427350576,37325
2010-01-29,11.90086555480957,11.946116168110876,11.31261017114357,11.493611761265134,27587
2010-02-01,12.127118110656738,12.579622530652642,11.810365534509817,12.262869954505721,22415
2010-02-02,11.90086555480957,12.579622165078185,11.810365191290618,12.127117758232442,20317
2010-02-03,11.94611644744873,12.398620864875452,11.855616081813595,12.17236865616209,25512
2010-02-04,12.262868881225586,13.07737642069679,11.855615111489985,11.855615111489985,95369
2010-02-05,11.629364967346191,12.398622031503386,11.403112737344,12.398622031503386,41890
2010-02-08,12.262868881225586,12.443870460765453,11.53886169998251,12.12711704925798,39517
2010-02-09,12.443870544433594,13.032125897664281,11.946115550039528,12.127117130796384,51928
2010-02-10,12.30811882019043,12.579620743141747,12.172366995631206,12.172366995631206,27748
2010-02-11,12.489120483398438,12.851123625434045,12.398619266347751,12.53437109192378,38005
2010-02-15,12.624874114990234,13.077378569743173,12.489123123797855,12.760625969266368,37710
2010-02-16,12.760625839233398,12.986878064304317,12.262870771460625,12.489122996531545,43892
2010-02-17,12.670123100280762,13.303629082678071,12.443870902061462,12.94162591076065,35271
2010-02-18,12.081868171691895,13.348880182791145,12.036617557777562,13.348880182791145,29074
2010-02-19,11.99136734008789,12.896376195943581,11.855616356943019,12.896376195943581,35711
2010-02-22,11.85561466217041,12.534371207033216,11.810364053229508,12.534371207033216,13985
2010-02-23,11.538862228393555,12.036617242235105,11.312610027836818,11.719863816222214,15749
2010-02-24,11.312609672546387,12.127117223736278,11.041106867788548,12.127117223736278,53932
2010-02-25,11.176859855651855,11.90086625897717,11.131609239673095,11.90086625897717,23165
2010-02-26,11.629364967346191,11.991368190116193,11.086359270107424,11.403112737344,45339
2010-03-02,11.810365676879883,12.081868504767039,11.403111866590997,11.719864446556265,20316
2010-03-03,11.765114784240723,12.036617605724553,11.674613556051554,12.036617605724553,26130
2010-03-04,12.036617279052734,12.489121681550328,11.765114464937447,11.946116053319754,34160
2010-03-05,11.99136734008789,13.032127179088453,11.855616356943019,13.032127179088453,34113
2010-03-08,12.036617279052734,12.443871068683839,11.991366666186243,11.991366666186243,16160
2010-03-09,11.90086555480957,12.308120211437668,11.674613351386698,12.308120211437668,13099
2010-03-10,11.94611644744873,12.2176192705215,11.629363873100234,11.629363873100234,16928
2010-03-11,11.674613952636719,12.172368998418468,11.674613952636719,11.946116783343465,19717
2010-03-12,11.357860565185547,12.036617162351014,11.312609952757786,11.584112764240702,12856
2010-03-15,11.131608963012695,11.900865963197973,10.588603310930635,11.086358348158575,26063
2010-03-16,11.810365676879883,11.991367274443421,11.176859653865648,11.629364079316344,40309
2010-03-17,11.538862228393555,12.081867854963182,11.357860640564896,12.081867854963182,25841
2010-03-18,11.357860565185547,11.629363376668463,11.312609952757786,11.312609952757786,10756
2010-03-19,11.584113121032715,11.674613485592012,11.041107481342248,11.086358095163732,11823
2010-03-22,11.176859855651855,11.719864658145841,11.086358623694336,11.176859855651855,9707
2010-03-23,10.724355697631836,11.493612736704682,10.588603846206933,11.131609525739076,125550
2010-03-25,10.679104804992676,10.814855789831766,10.407601972230783,10.498103204179317,18403
2010-03-26,10.452853202819824,10.905357663001777,10.407602584184877,10.905357663001777,82906
2010-03-29,10.181349754333496,10.588603571890093,10.045598769509201,10.407601971096463,37401
2010-03-30,11.312609672546387,11.94611564159226,10.407600898742675,10.452851510049586,66732
2010-03-31,11.674613952636719,12.127118382786726,11.176859769938675,11.403111985013679,53923
2010-04-01,11.538862228393555,11.94611601677895,11.312610027836818,11.765114428950291,23357
2010-04-05,11.765114784240723,11.991366991629969,11.538862576851479,11.674613556051554,45754
2010-04-06,12.036617279052734,12.579622044199654,11.810365077803937,12.12711764170206,59814
2010-04-07,12.262868881225586,12.760623872272927,11.765113890178245,11.765113890178245,45925
2010-04-08,12.127118110656738,12.53437277912,11.900865900658786,12.53437277912,17041
2010-04-09,12.53437328338623,12.98687772158669,12.17236921497563,12.217619831412419,84460
2010-04-12,12.353371620178223,12.896377326528732,12.26287124450899,12.760626331482994,19078
2010-04-13,12.127118110656738,12.53437277912,12.036617744507769,12.53437277912,20094
2010-04-15,11.94611644744873,12.489122093594268,11.765114853094778,12.2176192705215,34957
2010-04-16,11.85561466217041,12.30811902541228,11.765113444288605,12.30811902541228,7467
2010-04-19,11.538862228393555,12.172368217335686,11.4483610029374,12.172368217335686,11010
2010-04-20,11.810365676879883,12.081868504767039,11.719864446556265,12.081868504767039,10521
2010-04-21,11.99136734008789,12.57962275116061,11.855616356943019,12.57962275116061,69200
2010-04-22,11.99136734008789,12.217619554051813,11.855616356943019,12.081868570906941,41319
2010-04-23,11.90086555480957,12.489121801559232,11.90086555480957,11.991366781412184,13902
2010-04-26,12.353371620178223,12.624874473353477,11.855617396287995,12.127119386379473,38461
2010-04-27,12.217618942260742,12.80587432387687,12.081867965913531,12.579622121242412,37749
2010-04-28,12.217618942260742,12.534372371182448,11.991366739626285,12.17236832911712,43611
2010-04-29,12.172369003295898,12.30812085024552,12.036618019429984,12.217619618945774,16941
2010-04-30,13.032125473022461,13.213127910965108,12.081866989241506,12.081866989241506,108765
2010-05-03,13.122628211975098,13.756134228901987,12.443871580321213,12.443871580321213,135668
2010-05-04,12.443870544433594,14.70639246160334,12.353369322513357,14.70639246160334,65903
2010-05-05,12.624874114990234,12.941627578550793,12.08186928713696,12.127119042145251,59291
2010-05-06,13.34887981414795,14.118137640196714,12.308120038278348,12.308120038278348,254258
2010-05-07,12.715373992919922,14.434890392069095,12.217618973245058,13.484630965977747,105700
2010-05-10,12.941625595092773,13.348879369337183,12.851124372779074,12.851124372779074,48955
2010-05-11,12.98687744140625,13.756134451900758,12.896376210485155,13.34888063892323,45925
2010-05-12,12.624874114990234,13.167879805927262,12.489123123797855,13.122629187835217,34360
2010-05-13,12.715373992919922,13.303629376027885,12.62487276640316,13.303629376027885,21407
2010-05-14,12.172369003295898,12.670124049277097,11.99136740378011,12.670124049277097,22552
2010-05-17,12.127118110656738,12.262869954505721,11.538862709895538,11.946116515275113,8496
2010-05-18,12.353371620178223,12.624874473353477,11.900867152580723,11.946117771957228,11086
2010-05-19,11.629364967346191,12.398622031503386,11.041108651490234,11.946117571499002,20181
2010-05-20,11.765114784240723,12.036617605724553,11.674613556051554,11.765114784240723,9658
2010-05-21,11.267359733581543,11.629363782554584,11.176859368651039,11.493611940533315,18066
2010-05-24,11.765114784240723,11.9008657634408,11.493611962756894,11.493611962756894,7596
2010-05-25,10.679104804992676,11.584113672143179,10.407601972230783,11.493612440194642,47212
2010-05-26,11.176859855651855,11.312610840504425,10.860106406884247,10.860106406884247,65885
2010-05-27,11.131608963012695,11.448361540824154,10.995857118450335,11.267359944491364,21288
2010-05-28,11.719862937927246,11.855614765938139,11.041106387123541,11.086356996460506,58157
2010-05-31,11.493612289428711,11.719864503248504,11.312610690989617,11.312610690989617,9204
2010-06-01,11.131608963012695,11.719864366865183,11.086358348158575,11.222109329637243,8230
2010-06-02,11.584113121032715,11.765114713234981,10.905356502961466,10.905356502961466,16078
2010-06-03,12.081868171691895,12.353370129010539,11.719864123460914,11.765114737375246,49915
2010-06-04,11.538862228393555,12.036617242235105,11.357860640564896,11.765114428950291,31973
2010-06-07,11.312609672546387,11.493611254690403,10.995856256481638,10.995856256481638,2624
2010-06-08,11.131608963012695,11.629364000240635,10.950607366679906,10.950607366679906,10993
2010-06-09,11.086357116699219,11.357859912582041,10.905355540471868,10.905355540471868,18541
2010-06-10,11.041108131408691,11.222109734267773,10.90535714503531,11.131609364380093,11690
2010-06-11,11.086357116699219,11.765113674864477,10.905355540471868,11.403110522409778,10537
2010-06-14,11.493612289428711,11.584113520190108,11.22210946022822,11.22210946022822,8165
2010-06-15,11.176859855651855,11.629364289272033,10.588603574095398,11.131609239673095,35050
2010-06-16,11.85561466217041,13.032125316132408,11.086356899425802,11.086356899425802,251927
2010-06-17,12.036617279052734,12.217618867435041,11.357860675306343,11.946116053319754,52580
2010-06-18,11.584113121032715,12.398620717484745,11.40311152883045,11.493611893389746,24299
2010-06-21,11.719862937927246,12.443870098067915,11.674612328590282,11.674612328590282,57229
2010-06-22,11.674613952636719,11.900866167711722,11.131609154306933,11.131609154306933,12244
2010-06-23,11.629364967346191,12.036618808733385,11.312611500109616,11.312611500109616,8166
2010-06-24,11.85561466217041,12.262868416471377,11.719862835347703,11.946115016968637,47049
2010-06-25,11.719862937927246,12.036616340202409,11.58411197299994,11.58411197299994,33780
2010-06-28,12.398622512817383,12.851126990387973,11.222110698517092,11.222110698517092,113767
2010-06-29,12.262868881225586,12.941625451812794,11.810364500834115,11.810364500834115,17528
2010-06-30,12.262868881225586,12.624872040305318,11.765113890178245,11.765113890178245,7810
2010-07-01,12.353371620178223,12.48912347830774,11.946117771957228,11.946117771957228,19299
2010-07-02,12.398622512817383,12.851126990387973,12.398622512817383,12.670125371976496,21130
2010-07-05,12.53437328338623,12.85112587227632,12.308121064286,12.48912266694944,34797
2010-07-06,12.489120483398438,12.760623271466928,12.127116478279259,12.127116478279259,45928
2010-07-07,13.213129997253418,13.84663604082941,13.122628763992395,13.213129997253418,268021
2010-07-08,13.213129997253418,13.937136411006708,13.122628763992395,13.122628763992395,98931
2010-07-09,12.805874824523926,13.529882073876065,12.715374457782216,13.529882073876065,30066
2010-07-12,12.85112476348877,13.16787818813328,12.534372201927907,12.896375376021362,22694
2010-07-13,13.122628211975098,13.122628211975098,12.715374405599505,12.715374405599505,18146
2010-07-14,12.624874114990234,13.303630797119643,12.489123123797855,13.303630797119643,26984
2010-07-15,12.579623222351074,12.715375073664458,12.489122851225886,12.624873839455535,15642
2010-07-16,12.670123100280762,13.032126272198184,12.353369677540286,12.353369677540286,11795
2010-07-19,12.489120483398438,13.122626413502536,12.353368657822406,13.122626413502536,7437
2010-07-20,12.53437328338623,13.12262870781334,12.443872050512649,12.670124269612879,27912
2010-07-21,12.579623222351074,12.896376678998568,12.353370999912503,12.851126061894107,2717
2010-07-22,13.213129997253418,13.756134807568385,12.127118650456033,12.127118650456033,166130
2010-07-23,12.896374702453613,13.39412968814749,12.760623735029649,13.348879077978301,62108
2010-07-26,12.760625839233398,13.394131896815226,12.579623368709667,13.394131896815226,5079
2010-07-27,12.443870544433594,13.032125897664281,12.308119574636857,12.308119574636857,20469
2010-07-28,12.579623222351074,13.394131740980173,12.308121245891776,12.308121245891776,53634
2010-07-29,12.805874824523926,12.896376054349329,12.489122246302404,12.851125439436627,18658
2010-07-30,13.122628211975098,13.665633862531681,12.715374405599505,12.986877230877797,68772
2010-08-02,13.032125473022461,13.529880451197563,12.896374507649064,12.896374507649064,29267
2010-08-03,12.805874824523926,13.348880477308954,12.534372861215106,12.534372861215106,26681
2010-08-04,12.715373992919922,13.077377172819643,12.57962215314478,12.57962215314478,16273
2010-08-05,13.529881477355957,13.937135267447434,12.715373897173002,12.715373897173002,136775
2010-08-06,16.244911193847656,16.244911193847656,13.21313089394422,13.756135741109457,458721
2010-08-09,19.50294303894043,19.50294303894043,16.4711643041662,19.50294303894043,600587
2010-08-10,21.493961334228516,21.493961334228516,21.493961334228516,21.493961334228516,160651
2010-08-11,23.66598129272461,23.66598129272461,22.036966038704975,23.66598129272461,4305237
2010-08-12,26.064250946044922,26.064250946044922,23.756479356195644,26.064250946044922,1859587
2010-08-13,27.37651824951172,27.37651824951172,26.516759134679916,27.37651824951172,667496
2010-08-16,28.64352798461914,28.77927895848451,26.24525502577331,28.77927895848451,1441676
2010-08-17,27.240764617919922,29.820039985650265,27.240764617919922,29.820039985650265,282534
2010-08-18,25.9737548828125,26.924013492065498,25.883253651891405,25.883253651891405,741393
2010-08-19,24.84248924255371,27.28601167099315,24.706736558056726,24.706736558056726,1865530
2010-08-20,23.75648307800293,25.159246150237074,23.620732091362115,24.79724294380576,220969
2010-08-23,22.625219345092773,24.16373495102598,22.579969596869486,23.98273250579834,193029
2010-08-24,21.76546287536621,22.625222001905605,21.493960901810322,22.625222001905605,159317
2010-08-25,21.855966567993164,22.851476793332257,20.67945558197183,21.08670858813261,1033249
2010-08-26,20.815202713012695,22.489469363423268,20.769952962799163,21.720211526621945,166952
2010-08-27,19.819692611694336,20.815202648828283,19.774442861620333,20.815202648828283,513004
2010-08-30,19.864944458007812,20.543701078766613,19.729191752922173,19.955443959841773,136008
2010-08-31,19.683940887451172,19.910193081559804,19.367187470465634,19.86494333320498,71199
2010-09-01,20.679452896118164,20.679452896118164,19.910195016169055,19.910195016169055,85303
2010-09-02,21.720212936401367,21.720212936401367,21.720212936401367,21.720212936401367,40138
2010-09-03,22.80622100830078,22.80622100830078,21.765459573180166,22.80622100830078,800968
2010-09-06,23.98273468017578,23.98273468017578,23.16822705513914,23.98273468017578,137024
2010-09-07,25.204496383666992,25.204496383666992,24.570989509110156,25.204496383666992,365056
2010-09-08,25.204496383666992,26.4715084066133,24.887742946388574,26.15475496933488,966671
2010-09-09,24.435237884521484,25.97375355290273,23.98273347925257,25.249745468772073,255194
2010-09-13,23.39447784423828,25.249745195278514,23.25872686936146,24.706739569603936,151359
2010-09-14,23.80173110961914,24.570988946490367,22.444217889081912,23.530229155978624,493416
2010-09-15,23.16822624206543,24.163736293803396,23.077725014422462,23.30397722044621,102259
2010-09-16,22.172714233398438,23.982731721839126,22.036963266998825,22.760969571908223,125014
2010-09-17,21.94646453857422,23.077725597263612,21.629711096907712,22.98722436733498,135693
2010-09-20,21.08670425415039,22.534718672833964,20.99620475549359,21.946463300728315,170704
2010-09-21,20.724700927734375,21.81071216525637,20.63419970357966,21.086704098185947,113146
2010-09-22,20.543699264526367,21.086703132246164,20.18169438449024,20.72469997837723,55565
2010-09-23,20.04594612121582,20.815204005793863,19.72919267154634,20.815204005793863,150538
2010-09-24,21.08670425415039,21.08670425415039,19.638691561634108,19.910193509939088,321752
2010-09-27,22.172714233398438,22.172714233398438,22.172714233398438,22.172714233398438,28403
2010-09-28,21.94646453857422,23.30397780900149,21.58446134502709,23.30397780900149,494672
2010-09-29,21.35820960998535,22.625221678762568,21.267708378036815,21.946465028399693,114463
2010-09-30,20.95095443725586,21.358209108375952,20.58895124413099,21.26770787855289,48926
2010-10-01,22.03696632385254,22.03696632385254,20.860453757466054,21.312958192345295,144771
2010-10-04,21.177204132080078,23.16822404690976,20.950951947493394,23.16822404690976,168095
2010-10-05,20.136445999145508,21.720211414808638,20.136445999145508,21.720211414808638,186382
2010-10-06,20.815202713012695,21.04145491641501,20.407948056421606,20.815202713012695,114336
2010-10-07,20.860454559326172,21.403460247287477,20.543702823668948,20.769955049805535,120048
2010-10-08,20.45319938659668,21.041454766004193,20.181695708754305,20.54370061254414,56085
2010-10-11,19.819692611694336,20.815202648828283,19.45768943260035,20.815202648828283,86460
2010-10-12,19.774444580078125,20.453201247178054,19.45769112353133,19.819694334084467,49099
2010-10-13,20.76995277404785,20.76995277404785,19.729191266921497,19.819692492693438,73697
2010-10-14,20.091196060180664,21.086704359728138,19.955443359181192,20.99620486061822,70152
2010-10-15,20.00069808959961,20.90570703730848,19.7291943695864,20.67945480038126,61704
2010-10-18,19.729190826416016,20.588949862802135,19.548190105080753,19.593439853872752,38200
2010-10-19,19.683940887451172,20.498448441008804,19.548189916219442,19.910193081559804,35915
2010-10-20,19.593442916870117,20.13644861809726,19.457691923105216,19.86494663056746,37802
2010-10-21,19.548192977905273,19.910196199943467,19.00518728176422,19.638694214956704,87232
2010-10-22,19.45768928527832,19.819692461631433,19.367188059648214,19.45768928527832,40894
2010-10-25,20.45319938659668,20.45319938659668,19.63869180540417,19.81969253113178,98311
2010-10-26,20.362699508666992,21.177207143780187,20.045946059965356,21.177207143780187,105202
2010-10-27,20.04594612121582,20.815204005793863,20.000696368191935,20.181697106454905,46373
2010-10-28,20.136445999145508,20.905703831986777,20.091196249164916,20.63420015360128,46144
2010-10-29,19.683940887451172,21.041454052102974,19.548189916219442,20.498448441008804,94069
2010-11-01,19.321937561035156,20.63419924022533,19.095685368812653,20.63419924022533,65528
2010-11-02,19.50294303894043,19.910197774801155,19.321942276688286,19.683945527360233,47662
2010-11-03,19.910194396972656,20.498449795286103,19.548191207715718,20.091196854684807,63934
2010-11-04,19.63869285583496,20.136447035918803,19.457690394258616,20.136447035918803,35302
2010-11-08,19.548192977905273,20.36270065903309,19.457691740853843,20.36270065903309,39078
2010-11-09,19.45768928527832,19.864943937530136,19.367188059648214,19.774442711900033,45320
2010-11-10,19.50294303894043,20.136450022242077,19.367192035709408,19.367192035709408,77199
2010-11-11,19.548192977905273,19.864946444501516,19.367190503802416,19.81969496289204,74170
2010-11-12,19.050434112548828,19.729190696979316,18.869433392401053,19.729190696979316,48661
2010-11-15,18.824182510375977,19.367188140249137,18.688431534449514,19.050434712309183,56852
2010-11-16,17.919172286987305,19.14093442613807,17.783421321785482,18.869432495734422,51041
2010-11-18,17.059415817260742,18.688430927836233,16.6069114280823,18.281178013275987,133279
2010-11-19,16.697412490844727,17.557169786329148,16.24490810601064,16.968914431278282,64353
2010-11-22,17.0141658782959,17.421420555781122,16.2901594807304,16.968916125760835,17037
2010-11-23,17.24041748046875,17.64767214347748,16.471161357712585,16.6521620875863,56797
2010-11-24,17.24041748046875,17.873924350445137,16.878414294553963,17.873924350445137,53385
2010-11-25,16.787912368774414,17.28566823911536,16.742662619728545,16.787912368774414,18027
2010-11-26,15.837655067443848,16.74266392844064,15.20414817427913,16.51641171319144,55109
2010-11-29,15.611404418945312,15.837656656901041,14.480143229166666,15.837656656901041,36597
2010-11-30,16.154409408569336,16.244910644913965,14.79689604190246,14.79689604190246,27714
2010-12-01,16.244911193847656,16.652164181908745,15.520903004793103,16.15440995444489,24831
2010-12-02,16.878414154052734,17.557170769305532,16.290158766067112,16.290158766067112,37034
2010-12-03,15.882905006408691,17.60242324341465,15.430400570600266,16.380660921498418,51009
2010-12-06,17.511920928955078,17.511920928955078,15.475651093638612,15.475651093638612,266014
2010-12-07,18.326425552368164,19.27668396461673,18.100173385054976,18.19067459721366,281029
2010-12-08,16.697412490844727,18.326427585780547,16.516410046444197,18.326427585780547,120448
2010-12-09,15.3399019241333,17.55717274816626,15.15889944919825,16.561662588358537,69076
2010-12-10,16.154409408569336,16.697415100469588,15.158899261113458,15.158899261113458,45981
2010-12-13,16.244911193847656,17.01416741335224,15.43040176539034,15.43040176539034,32755
2010-12-14,16.697412490844727,17.19516662369533,15.611401276776022,15.611401276776022,41406
2010-12-15,16.51641082763672,16.697413280598294,15.882903968438518,15.882903968438518,18724
2010-12-16,16.199661254882812,16.51641475989517,15.74715674091308,15.74715674091308,29769
2010-12-20,17.149919509887695,17.738174955293953,15.747154665738533,15.747154665738533,81939
2010-12-21,16.652162551879883,17.195168208975755,16.516411569147763,16.652162551879883,24279
2010-12-22,16.742664337158203,17.195168778703017,16.335409649300885,16.335409649300885,12776
2010-12-23,16.742664337158203,17.195168778703017,15.747154220526115,15.747154220526115,29219
2010-12-24,17.149919509887695,17.466671246990483,16.38066159227912,16.38066159227912,13714
2010-12-27,17.195165634155273,17.647669992948835,16.878412237766355,16.878412237766355,34138
2010-12-28,17.059415817260742,17.376169234919104,16.65216117653324,16.65216117653324,27903
2010-12-29,17.10466766357422,17.285670131912187,16.833165687234736,16.833165687234736,23542
2010-12-30,17.059415817260742,17.421418983370046,16.787912148053323,16.787912148053323,11134
2010-12-31,17.285667419433594,17.511919606268673,17.059415232598514,17.4214183863012,57296
2011-01-03,17.466670989990234,17.7834244485999,17.240418766150114,17.240418766150114,20838
2011-01-04,17.33091926574707,17.82867517278116,17.059417299122952,17.059417299122952,12058
2011-01-05,17.059415817260742,17.466668731820985,17.014164342642545,17.014164342642545,17476
2011-01-06,17.10466766357422,17.602423588419896,17.05941790957346,17.05941790957346,15632
2011-01-07,15.882905006408691,17.82867546131886,15.656652788504479,17.647672996528517,70207
2011-01-10,15.882905006408691,16.290159689103245,15.294649585091227,15.294649585091227,8560
2011-01-11,15.475650787353516,16.697413009596453,15.2041471123177,15.701902986799716,36392
2011-01-12,15.882905006408691,16.109157224312902,14.887396628564106,14.887396628564106,16704
2011-01-13,15.837655067443848,17.195168358939036,15.520901620861489,17.195168358939036,19089
2011-01-14,15.3399019241333,16.51641283270854,15.113649693548252,15.52090267290082,17575
2011-01-17,14.887395858764648,15.882904185133354,14.751643154107692,15.882904185133354,24847
2011-01-18,14.570642471313477,15.339900320097755,14.072887443457983,14.751643201154433,24251
2011-01-19,14.706393241882324,14.796894468604297,14.118137857440496,14.796894468604297,7449
2011-01-20,14.570642471313477,14.93264565716274,14.480141243309323,14.661143699317629,9780
2011-01-21,14.66114330291748,14.887395503726903,14.299139263772213,14.887395503726903,17065
2011-01-24,14.66114330291748,15.023146478979095,14.570642077360251,14.570642077360251,22692
2011-01-25,14.751644134521484,14.93264660198219,14.480142159497882,14.480142159497882,18120
2011-01-27,14.253890037536621,14.661144729076085,14.253890037536621,14.480142260354663,11442
2011-01-28,13.756133079528809,14.570641487308647,13.756133079528809,14.570641487308647,18597
2011-01-31,13.122628211975098,13.575132633077688,12.308120599223912,13.575132633077688,15361
2011-02-01,13.258378982543945,13.52988180351107,12.715374203693369,12.715374203693369,8469
2011-02-02,13.303628921508789,13.575131728699505,13.167877949455246,13.213128561167638,19668
2011-02-03,13.213129997253418,13.303630367430717,12.579623090593701,12.579623090593701,5581
2011-02-04,13.665634155273438,15.158898431666836,12.715374677985043,12.715374677985043,74609
2011-02-07,12.579623222351074,13.846636185857315,12.489122851225886,13.348881123875712,27773
2011-02-08,11.99136734008789,13.213129640726553,11.855616356943019,12.670123981979659,38225
2011-02-09,11.312609672546387,12.217618446350098,10.905355896951441,11.765114059448242,37726
2011-02-10,12.081868171691895,12.172368536436885,10.76960468359464,11.13160873182562,39049
2011-02-11,11.94611644744873,12.2176192705215,11.176859455673512,11.538862644381416,30917
2011-02-14,13.394131660461426,13.756134868953467,11.810366112912224,12.308121171901576,53515
2011-02-15,13.077377319335938,13.846635164096032,12.670123521615045,13.846635164096032,31703
2011-02-16,13.34887981414795,13.575132014387744,12.896375413668357,13.575132014387744,11724
2011-02-17,13.34887981414795,13.484630789058366,13.032126388578776,13.032126388578776,5376
2011-02-18,12.715373992919922,14.027636598910991,12.57962215314478,13.575132192494507,19114
2011-02-21,12.715373992919922,13.213129012594786,12.398620563194918,13.122627786078024,7665
2011-02-22,12.53437328338623,12.9416271051499,12.53437328338623,12.85112587227632,4082
2011-02-23,12.30811882019043,12.896374137363038,12.217617603817615,12.262868212004022,16780
2011-02-24,12.036617279052734,12.579622044199654,11.765114464937447,12.579622044199654,14578
2011-02-25,11.765114784240723,12.579622385608532,11.674613556051554,11.946116377535384,16263
2011-02-28,11.810365676879883,12.217619487168768,11.312610636267378,11.448361618669107,13196
2011-03-01,14.208639144897461,14.208639144897461,11.448361907413307,11.493612523716402,144771
2011-03-03,14.253890037536621,15.294649917266119,13.937136580357869,15.294649917266119,119955
2011-03-04,14.253890037536621,14.706394483172705,14.072888431898935,14.706394483172705,22854
2011-03-07,14.977893829345703,15.294647230889373,13.39412941087811,14.299138143193067,75763
2011-03-08,14.525391578674316,15.20414822676503,14.480141825935236,15.20414822676503,14172
2011-03-09,14.525391578674316,15.113648721286872,14.480141825935236,14.525391578674316,20050
2011-03-10,14.525391578674316,15.113648721286872,14.480141825935236,15.02314748964129,13724
2011-03-11,14.253890037536621,14.480142260354663,14.118139049079291,14.480142260354663,11856
2011-03-14,14.389640808105469,15.837655357448538,14.027637602311563,15.837655357448538,14578
2011-03-15,14.072887420654297,14.389639991988219,13.665633621462872,13.756133986236703,11247
2011-03-16,13.846635818481445,14.525391604704827,13.665634217949629,14.118138650821026,27110
2011-03-17,13.394131660461426,14.027637706864361,12.8058753678072,14.027637706864361,18401
2011-03-18,13.439380645751953,13.575131616685358,13.032126006784493,13.122627229462513,6217
2011-03-21,13.122628211975098,13.439381651980387,12.941626616150801,12.986877230877797,13928
2011-03-22,13.529881477355957,13.5751320902736,12.986876711595205,13.167878300182123,7746
2011-03-23,13.213129997253418,13.575133204130063,13.213129997253418,13.529882587499552,7059
2011-03-24,13.258378982543945,13.52988180351107,13.032126775585287,13.032126775585287,18870
2011-03-25,13.620382308959961,13.801383892307928,13.167877919048225,13.801383892307928,63278
2011-03-28,13.394131660461426,14.027637706864361,13.213130056215405,14.027637706864361,21723
2011-03-29,13.34887981414795,13.801384214627541,13.213128839237532,13.575132014387744,16068
2011-03-30,13.575133323669434,13.846636162759568,13.303630484579298,13.303630484579298,31054
2011-03-31,13.665634155273438,13.756134523582418,13.394131324179082,13.756134523582418,8658
2011-04-01,14.163386344909668,14.344388782215425,13.484629794263832,14.027635380013935,22488
2011-04-04,15.3399019241333,15.475652917250825,14.344391764325582,14.480142757443105,35873
2011-04-05,15.294647216796875,15.475649653559957,14.932644069437874,15.475649653559957,20369
2011-04-06,15.068397521972656,15.385150975525796,14.661144561262152,14.97789628864784,13191
2011-04-07,18.100175857543945,18.100175857543945,14.615891659733279,14.615891659733279,316884
2011-04-08,16.833162307739258,19.23143503780908,14.480139322585662,18.82418042889451,277988
2011-04-11,16.10915756225586,16.652163241850797,15.928156819835861,16.652163241850797,24403
2011-04-13,16.2901611328125,16.923668089555576,15.385152180989582,15.475653421405392,40697
2011-04-15,15.882905006408691,16.652162892516497,15.701904267785782,16.290159689103245,12017
2011-04-18,15.747153282165527,16.109156468596403,15.475651323884211,15.475651323884211,22881
2011-04-19,15.430397987365723,15.747151384636771,15.113646316261821,15.747151384636771,18866
2011-04-20,15.701904296875,16.018657747761196,15.385150845988802,15.611403064312166,16982
2011-04-21,15.701904296875,16.15440873352173,15.611403064312166,15.701904296875,12554
2011-04-25,15.656651496887207,15.928155171674648,15.475650773196204,15.928155171674648,9681
2011-04-26,15.15889835357666,15.566153029662098,13.756134452718497,15.385150567809147,17700
2011-04-27,15.294647216796875,15.9281540193005,15.249397470689686,15.9281540193005,13115
2011-04-28,15.023146629333496,15.294648582555121,14.977895153018343,15.294648582555121,6763
2011-04-29,14.842144012451172,15.837654040212259,14.480140836765495,15.837654040212259,10382
2011-05-02,13.891885757446289,14.97789530771692,13.756133916349707,14.84214432970401,33848
2011-05-03,13.620382308959961,14.434889865567632,13.484630474136262,13.801383892307928,20254
2011-05-04,13.620382308959961,13.801383892307928,13.303628890788294,13.484630474136262,8532
2011-05-05,13.258378982543945,13.801384624478198,13.12262800360222,13.575132417519539,11092
2011-05-06,13.439380645751953,13.80138381029678,13.167877840801522,13.80138381029678,10560
2011-05-09,13.439380645751953,13.665632839363376,13.394130034412944,13.620382228024367,4134
2011-05-10,13.665634155273438,13.846635754975106,13.07737787738838,13.07737787738838,23367
2011-05-11,13.575133323669434,14.118139001849704,13.348881101608276,13.348881101608276,7086
2011-05-12,13.665634155273438,13.801385139278763,13.484631692488062,13.801385139278763,2432
2011-05-13,13.937134742736816,14.027635965164876,13.032125970790695,13.891884994606407,6964
2011-05-16,13.439380645751953,13.71088258761876,11.946115650066389,13.71088258761876,18721
2011-05-17,13.484630584716797,13.937134978339289,13.122627415052259,13.575131808674751,10389
2011-05-18,13.529881477355957,13.80138429177816,13.439381114604325,13.756133678860516,9218
2011-05-19,13.575133323669434,14.027637767791747,13.394131718637254,13.98238715076277,4217
2011-05-20,14.163386344909668,15.701901883507096,13.57513101291671,14.480139747111158,89339
2011-05-23,13.484630584716797,14.299139011087464,13.348879611863504,14.299139011087464,29917
2011-05-24,13.34887981414795,13.665633239717124,13.303629201483261,13.575132014387744,12313
2011-05-25,13.394131660461426,13.71088425212103,13.122628822550531,13.394131660461426,7798
2011-05-26,13.213129997253418,13.665634437391088,13.122628763992395,13.258379750800206,14541
2011-05-27,13.439380645751953,13.982385392569194,12.986876258529108,12.986876258529108,10757
2011-05-30,13.529881477355957,13.80138429177816,13.439381114604325,13.620382703191243,12458
2011-05-31,13.484630584716797,14.796894016688933,12.80587399428306,12.80587399428306,9189
2011-06-01,13.34887981414795,13.529881401723056,12.85112480100367,13.484630789058366,16971
2011-06-02,13.34887981414795,13.710882989298163,13.213128839237532,13.213128839237532,6358
2011-06-03,13.394131660461426,14.027637706864361,13.258379809964115,13.303630426796552,9445
2011-06-06,13.34887981414795,14.344389840436511,13.032126388578776,13.34887981414795,9413
2011-06-07,13.213129997253418,13.484631970869039,13.03212753073137,13.077378147361882,9276
2011-06-08,13.213129997253418,13.756134807568385,13.077378147361882,13.122628763992395,18774
2011-06-09,13.801384925842285,14.706393773438501,13.122628290145125,13.348880502044178,35271
2011-06-10,13.665634155273438,13.98238673898043,13.57513292388075,13.57513292388075,13627
2011-06-13,13.34887981414795,13.575132014387744,13.167878226572842,13.575132014387744,8906
2011-06-14,13.575133323669434,13.710884311672634,13.484632089611477,13.575133323669434,4701
2011-06-15,14.027637481689453,14.887396598453522,13.394131445455706,13.484631814584118,111244
2011-06-16,13.937134742736816,14.344389380579468,13.710882549750286,13.710882549750286,17299
2011-06-17,13.484630584716797,14.118137426255196,13.439380835821458,14.118137426255196,23395
2011-06-20,12.443870544433594,13.575131503018467,12.21761835271662,13.39412992226161,24479
2011-06-21,12.53437328338623,13.12262870781334,12.443872050512649,12.53437328338623,19589
2011-06-22,12.036617279052734,12.624872657066145,11.946116053319754,12.443871068683839,18366
2011-06-23,12.081868171691895,12.308120378179881,11.584113144801591,11.810365351289578,10878
2011-06-24,12.670123100280762,12.71537371254135,12.127117479320987,12.127117479320987,19266
2011-06-27,12.53437328338623,12.80587525583953,12.48912266694944,12.48912266694944,2950
2011-06-28,12.715373992919922,13.439381215803028,12.127117746728295,12.217618973245058,12243
2011-06-29,12.805874824523926,12.94162666926203,12.3533704015643,12.3533704015643,15266
2011-06-30,12.760625839233398,13.394131896815226,12.670124603971532,12.896376829042453,18694
2011-07-01,13.122628211975098,13.439381651980387,12.35337035086722,12.35337035086722,21019
2011-07-04,13.167878150939941,14.480140732176729,12.851124727190118,14.480140732176729,18016
2011-07-05,13.077377319335938,13.801384550330674,12.851125113592811,12.896375727358171,25472
2011-07-06,13.032125473022461,13.439380095309827,12.896374507649064,12.896374507649064,8329
2011-07-07,13.077377319335938,13.213129160632015,12.896375727358171,12.896375727358171,19318
2011-07-08,12.85112476348877,13.710882949273465,12.85112476348877,13.710882949273465,4215
2011-07-11,12.98687744140625,13.122628424704192,12.851125595024607,12.851125595024607,7584
2011-07-12,12.760625839233398,13.167879671744306,12.670124603971532,12.670124603971532,7679
2011-07-13,12.670123100280762,13.032126272198184,12.353369677540286,12.353369677540286,3123
2011-07-14,12.85112476348877,13.16787818813328,12.534372201927907,12.534372201927907,16453
2011-07-15,12.85112476348877,13.484630749694142,12.715373788974635,13.484630749694142,7483
2011-07-18,12.805874824523926,13.12262826582914,12.760625072694918,12.805874824523926,8651
2011-07-19,12.624874114990234,12.986878196642838,12.57962349689819,12.670124733082279,25003
2011-07-20,12.624874114990234,12.896376960458749,12.57962349689819,12.57962349689819,21724
2011-07-21,12.443870544433594,12.805873705947306,12.398619933473476,12.489121155393713,17204
2011-07-22,12.579623222351074,13.348881123875712,12.489122851225886,13.348881123875712,15425
2011-07-25,12.53437328338623,13.07737809137655,12.443872050512649,13.07737809137655,6830
2011-07-26,12.624874114990234,13.077378569743173,12.5343737418899,12.760625969266368,16051
2011-07-27,12.579623222351074,12.896376678998568,12.534373468330347,12.896376678998568,3355
2011-07-28,12.353371620178223,12.534374097684244,12.26287124450899,12.353371620178223,2771
2011-07-29,12.127118110656738,13.98238640525668,12.127118110656738,13.98238640525668,10776
2011-08-01,12.217618942260742,12.534372371182448,11.991366739626285,11.991366739626285,16561
2011-08-02,11.810365676879883,12.851125510183003,11.584113464154536,12.851125510183003,46606
2011-08-03,11.538862228393555,11.94611601677895,11.357860640564896,11.357860640564896,15404
2011-08-04,11.448362350463867,11.855617049868721,11.267360741330462,11.267360741330462,15444
2011-08-05,10.860106468200684,11.312610904375713,10.679104866347416,11.312610904375713,49865
2011-08-08,10.633853912353516,11.131608948952758,10.136098875754271,11.131608948952758,21036
2011-08-09,9.81934642791748,10.407601838789493,9.593094214030753,10.04559864180421,44626
2011-08-10,9.955097198486328,10.63385382565585,9.90984658405829,10.63385382565585,60475
2011-08-11,10.045598030090332,10.769604379973458,9.90984619217451,10.181349004922506,12839
2011-08-12,9.81934642791748,10.04559864180421,9.774095812523395,9.955097411016038,11506
2011-08-16,9.502593040466309,10.181349686213903,9.502593040466309,9.81934648704867,21363
2011-08-17,9.140588760375977,9.864595073088699,8.869085961566903,9.276339728238712,16602
2011-08-18,8.869086265563965,9.231089434328357,8.823835653697508,8.914336877430422,25341
2011-08-19,8.959586143493652,9.050087362350594,8.46183202903124,8.507081775376124,15259
2011-08-22,9.231090545654297,9.276341162968452,8.823836715994382,8.959587704853107,23597
2011-08-23,9.27634048461914,9.547843305566193,8.914337298745522,9.547843305566193,2806
2011-08-24,9.412091255187988,9.728844683127942,9.050088077328319,9.050088077328319,4941
2011-08-25,9.457341194152832,9.547842413709423,9.231089008344949,9.502591803931129,3194
2011-08-26,8.914337158203125,9.457341928452603,8.823835931619715,9.412091315160898,12981
2011-08-29,10.633853912353516,10.724355141947447,9.231090032149718,9.231090032149718,97478
2011-08-30,10.452853202819824,11.674614727460835,9.774096512546897,11.674614727460835,55737
2011-09-02,10.452853202819824,10.724356051545747,10.136099735458954,10.136099735458954,11720
2011-09-05,10.22659969329834,10.452851895083331,9.276340273184644,10.452851895083331,15345
2011-09-06,10.407601356506348,10.452851969803543,10.045598176296114,10.317100129911958,4888
2011-09-07,10.679104804992676,11.40311207132982,10.498103204179317,10.724355420966942,14264
2011-09-08,10.633853912353516,10.950607352848586,10.407601701452377,10.407601701452377,15387
2011-09-09,10.362350463867188,10.814854858473472,10.136098266564044,10.407601075944543,13137
2011-09-12,10.090846061706543,10.498100643036391,10.045596319855228,10.407599433166759,10166
2011-09-13,10.090846061706543,10.588600989822524,10.045596319855228,10.317098223297124,8322
2011-09-14,10.000349044799805,10.271851901729224,10.000349044799805,10.226601281727023,8874
2011-09-15,10.22659969329834,10.362350669135871,10.090847854377152,10.27185030627207,9708
2011-09-16,10.090846061706543,10.543350384887706,9.547841391739249,10.498100643036391,4265
2011-09-19,10.679104804992676,10.860106405806032,10.000348154629798,10.000348154629798,7588
2011-09-20,10.724355697631836,11.131609525739076,10.498103475007397,10.498103475007397,30898
2011-09-21,10.679104804992676,10.9053570217803,10.58860357304414,10.633854189018408,5084
2011-09-22,10.271849632263184,10.633852786132113,10.226599022258668,10.226599022258668,7932
2011-09-23,10.181349754333496,10.362351355127126,9.683594704838228,10.362351355127126,9959
2011-09-26,9.864595413208008,10.181348833253802,9.774095052540376,9.955096636959274,10557
2011-09-27,10.000349044799805,10.317101658647635,9.955098424797603,10.317101658647635,4157
2011-09-28,10.090846061706543,10.543350384887706,10.045596319855228,10.543350384887706,5708
2011-09-29,10.090846061706543,10.181347271576177,9.864593900115961,9.864593900115961,10211
2011-09-30,10.090846061706543,10.769602546478287,10.000345714920412,10.769602546478287,16397
2011-10-03,9.864595413208008,10.407601029548331,8.145079066603042,9.683593828789112,16967
2011-10-04,9.864595413208008,10.271850057005068,9.81934566441601,10.271850057005068,5984
2011-10-05,10.181349754333496,10.679104803828766,8.371332020229763,8.371332020229763,4407
2011-10-07,10.000349044799805,10.769606132502073,9.955098424797603,10.769606132502073,11739
2011-10-10,10.136098861694336,10.452852301750033,9.955097265841232,10.452852301750033,9928
2011-10-11,10.31710147857666,10.31710147857666,10.045599489469728,10.136099864810781,11631
2011-10-12,10.31710147857666,10.407602717001486,9.909847631832488,10.181350484023193,14769
2011-10-13,10.181349754333496,10.543352955920758,10.045598769509201,10.045598769509201,3273
2011-10-14,10.407601356506348,10.814855150013777,10.136098539806842,10.814855150013777,9029
2011-10-17,10.588602066040039,10.860104860160776,9.955096121814044,10.362349881453357,24631
2011-10-18,10.679104804992676,11.176859854542194,10.498103204179317,11.176859854542194,10044
2011-10-19,10.724355697631836,10.950607920256273,10.588603846206933,10.860106685973005,42641
2011-10-20,10.588602066040039,10.769603641092667,10.181348306400727,10.181348306400727,10221
2011-10-21,10.498103141784668,10.99585732529211,10.40760191037402,10.99585732529211,4231
2011-10-24,10.31710147857666,10.860107182958073,10.090849245598367,10.860107182958073,8486
2011-10-25,10.498103141784668,10.724355357227582,10.181349694931106,10.22660031063643,5188
2011-10-28,10.452853202819824,10.81485642573188,10.181350354093901,10.81485642573188,8032
2011-10-31,10.407601356506348,10.588602946611465,10.136098539806842,10.407601356506348,11610
2011-11-01,10.31710147857666,10.588604330767367,10.136099864810781,10.362352097789074,12064
2011-11-02,10.452853202819824,10.769605807096932,10.090849116824005,10.769605807096932,6320
2011-11-03,10.633853912353516,10.814855508457688,10.407601701452377,10.407601701452377,5448
2011-11-04,10.633853912353516,10.860106123254653,10.226600105348204,10.860106123254653,9827
2011-11-08,10.498103141784668,10.724355357227582,10.362351294668695,10.724355357227582,3513
2011-11-09,10.452853202819824,10.860107044366828,10.317101346914981,10.362351965549928,5812
2011-11-11,10.22659969329834,10.452851895083331,10.000347491513349,10.452851895083331,7366
2011-11-14,9.909846305847168,10.136098508551823,9.8193459426155,10.136098508551823,6139
2011-11-15,9.27634048461914,9.955097105444931,9.185839256608899,9.955097105444931,21046
2011-11-16,9.050087928771973,9.72884452342987,8.778585118292085,9.32159073925186,19050
2011-11-17,9.18583869934082,9.547842726336778,9.0500877286446,9.0500877286446,8783
2011-11-18,9.27634048461914,10.271850540397104,8.3260810428463,8.3260810428463,15755
2011-11-21,9.004838943481445,9.955098520309573,8.959588323045097,9.502594042113683,25505
2011-11-22,9.004838943481445,9.502594042113683,8.959588323045097,9.050089563917794,3853
2011-11-23,8.68808650970459,9.457343621000176,8.64283588831454,8.64283588831454,15915
2011-11-24,8.823836326599121,9.004837924784415,8.59758411309658,9.004837924784415,5714
2011-11-25,8.959586143493652,9.004836752922124,8.733333959434889,8.91433639714877,9479
2011-11-28,9.27634048461914,9.41209146355083,9.050088277677212,9.050088277677212,12320
2011-11-29,9.095338821411133,9.321591026605024,8.959586980444598,9.321591026605024,9076
2011-11-30,8.823836326599121,9.276340753604204,8.823836326599121,9.231090138286955,25101
2011-12-01,9.004838943481445,9.593095282986381,8.914338565692546,9.593095282986381,13236
2011-12-02,9.050087928771973,9.14058915329315,8.869086342813262,9.14058915329315,6489
2011-12-05,9.050087928771973,9.185838902470095,8.91433695507385,9.14058915329315,9473
2011-12-07,9.050087928771973,9.457341712949983,9.050087928771973,9.457341712949983,5578
2011-12-08,9.004838943481445,9.140590804790492,8.7785867043835,9.004838943481445,7349
2011-12-09,8.778585433959961,9.140589481978276,7.421072195829544,9.004837640315031,30028
2011-12-12,9.004838943481445,9.185840562143042,8.869087945256197,8.959588323045097,5065
2011-12-13,8.823836326599121,8.914337557233617,8.688085343731077,8.778585711281872,4031
2011-12-14,8.733335494995117,9.004838336220008,8.235581293013846,8.235581293013846,6573
2011-12-15,8.733335494995117,8.823836729764661,8.145080058244302,8.145080058244302,24019
2011-12-16,8.959586143493652,9.72884391452689,8.778584568863359,9.502591730468124,33810
2011-12-19,8.823836326599121,9.14058977073616,8.59758411309658,9.14058977073616,18229
2011-12-20,8.733335494995117,8.77858611237989,8.688085740694085,8.688085740694085,3075
2011-12-21,8.914337158203125,9.05008813499458,8.597583728244851,8.959586908411168,19333
2011-12-22,8.778585433959961,8.959587026427283,8.733334820072212,8.959587026427283,2000
2011-12-23,8.778585433959961,8.869086661735459,8.688085069268137,8.82383604784771,31685
2011-12-26,9.18583869934082,9.50259211507683,8.507082119692475,9.095338339904547,21512
2011-12-27,9.004838943481445,9.276341803015738,8.869087945256197,9.050089563917794,3261
2011-12-28,8.914337158203125,9.004837521702875,8.778585318328009,8.778585318328009,5931
2011-12-29,9.050087928771973,9.502592325210571,8.823835730552673,9.502592325210571,3982
2011-12-30,9.050087928771973,9.185838902470095,8.869086342813262,8.869086342813262,3790
2012-01-02,9.004838943481445,9.502594042113683,8.959588323045097,9.050089563917794,5697
2012-01-03,9.27634048461914,9.45734207755595,9.050088277677212,9.321591098624262,6409
2012-01-04,9.18583869934082,9.36684114438061,9.140588951164496,9.36684114438061,2831
2012-01-05,9.231090545654297,9.412092151827178,9.004838322167261,9.231090545654297,9525
2012-01-06,9.231090545654297,9.231090545654297,9.050088939481416,9.050088939481416,3718
2012-01-09,9.593093872070312,9.909846442370382,9.140589460427064,9.909846442370382,6657
2012-01-10,10.362350463867188,10.724354497402398,9.502592286731975,9.502592286731975,14529
2012-01-11,10.769604682922363,11.131608731130745,10.407601497797653,10.407601497797653,93506
2012-01-12,10.769604682922363,10.995856889396224,10.45285211170916,10.860105910745377,40100
2012-01-13,10.860106468200684,10.90535708443493,10.362351415791409,10.362351415791409,17321
2012-01-16,11.086357116699219,11.312609302754305,10.860104930644132,10.860104930644132,16372
2012-01-17,11.176859855651855,13.122628574985132,10.995857391736815,13.122628574985132,55862
2012-01-18,11.267359733581543,11.493611940533315,10.995856912622681,10.995856912622681,23230
2012-01-19,11.448362350463867,11.538863586572447,10.407602450633972,10.407602450633972,26603
2012-01-20,11.267359733581543,11.538862554540405,11.176859368651039,11.538862554540405,27268
2012-01-23,10.995856285095215,11.357860313408885,10.95060653675418,11.176858730793864,13388
2012-01-24,11.222108840942383,11.493611655160143,10.543352236939812,11.448361042276574,18025
2012-01-25,11.448362350463867,11.493612968518157,10.860106905009362,10.860106905009362,18294
2012-01-27,11.448362350463867,11.584114204626736,11.041108514142767,11.041108514142767,38419
2012-01-30,11.312609672546387,11.584112477304224,10.995856256481638,11.584112477304224,15017
2012-01-31,11.448362350463867,11.674614577651562,11.041108514142767,11.493612968518157,11671
2012-02-01,11.538862228393555,11.674613203494136,11.13160844000816,11.674613203494136,7304
2012-02-02,12.262868881225586,12.534371682077191,11.765113890178245,12.08186730168572,35699
2012-02-03,13.213129997253418,13.484631970869039,12.172369267086545,12.489122720416404,67339
2012-02-06,15.249399185180664,15.837654581547529,13.167878696131966,14.932645748316242,208046
2012-02-07,13.982385635375977,15.747152603573861,13.575131852420101,15.113647486161291,98092
2012-02-08,14.389640808105469,14.751644013899375,13.846635999414609,14.072888218806732,33045
2012-02-09,13.756133079528809,14.299138684715368,13.575131498827828,14.299138684715368,22497
2012-02-10,13.167878150939941,13.756133522951163,12.805874114785336,13.665633161225246,35780
2012-02-13,13.258378982543945,13.394130824569347,12.986877024660496,13.303629596552412,7759
2012-02-14,12.760625839233398,13.258380043922427,12.760625839233398,13.258380043922427,8252
2012-02-15,12.941625595092773,13.213128398950253,12.851124372779074,13.213128398950253,22662
2012-02-16,13.032125473022461,13.25837765736718,12.896374507649064,13.25837765736718,16961
2012-02-17,12.98687744140625,13.394131254383778,12.851125595024607,13.032127193783095,39129
2012-02-21,13.258378982543945,13.394130824569347,12.805874568626628,13.032126775585287,35185
2012-02-22,13.846635818481445,14.661144315500184,13.032127321462706,13.39413138561005,93249
2012-02-23,13.801384925842285,14.02763713774134,13.575132713943232,13.575132713943232,22326
2012-02-24,13.620382308959961,14.163387059003865,13.394130114004092,13.620382308959961,29601
2012-02-27,14.570642471313477,16.33540864964139,13.937135601451754,13.937135601451754,314745
2012-02-28,16.10915756225586,16.923666944732002,14.661144718225984,15.204148671653453,288137
2012-02-29,17.557170867919922,18.281178963956553,16.471161313115996,16.652162042499643,395844
2012-03-01,19.23143768310547,20.091196764111245,17.46666976995355,18.100176642922793,596705
2012-03-02,19.367185592651367,20.724698625680674,18.82418003420623,20.272194281337573,336333
2012-03-05,16.244911193847656,18.100178833850283,16.244911193847656,18.100178833850283,155558
2012-03-06,16.199661254882812,17.46667354876451,14.79689795204374,16.01866048499556,181694
2012-03-07,16.018651962280273,16.787907845812445,15.520896226043606,16.29015383574259,58411
2012-03-09,14.480140686035156,16.51641047000885,14.434890073774568,15.47565070343353,130600
2012-03-12,13.756133079528809,14.570641487308647,13.756133079528809,14.570641487308647,94313
2012-03-13,13.846635818481445,14.118138650821026,13.303630153802287,14.118138650821026,63759
2012-03-14,14.525391578674316,14.525391578674316,13.846635793667312,13.846635793667312,102058
2012-03-15,13.801384925842285,14.842144755344457,13.801384925842285,14.208638734643843,56511
2012-03-16,13.34887981414795,13.982385802202648,13.303629201483261,13.575132014387744,29183
2012-03-19,13.213129997253418,13.937136411006708,13.03212753073137,13.756134807568385,15294
2012-03-20,13.122628211975098,13.439381651980387,12.670123790872509,12.670123790872509,28740
2012-03-21,13.439380645751953,13.575131616685358,12.851124424512081,12.851124424512081,18199
2012-03-22,12.85112476348877,13.484630749694142,12.805874150956175,13.394130387712602,14592
2012-03-23,12.579623222351074,12.896376678998568,12.217620011682854,12.670124456559996,41760
2012-03-26,11.99136734008789,12.715374597389184,11.99136734008789,12.715374597389184,26221
2012-03-27,11.448362350463867,11.719865195705852,11.40311259549333,11.538863586572447,102386
2012-03-28,10.905356407165527,11.448361179002406,10.905356407165527,10.905356407165527,31114
2012-03-29,11.448362350463867,11.448362350463867,10.769605668900782,10.95060814111794,16099
2012-03-30,11.99136734008789,11.99136734008789,11.629364142979096,11.946116724678367,32124
2012-04-02,12.579623222351074,12.579623222351074,12.262870628787315,12.534373468330347,20379
2012-04-03,13.167878150939941,13.167878150939941,12.896375339594899,13.167878150939941,33511
2012-04-04,13.620382308959961,13.801383892307928,12.941625724092358,13.801383892307928,62045
2012-04-09,12.98687744140625,13.710883836440209,12.941626825945702,13.394131254383778,36607
2012-04-10,12.579623222351074,13.394131740980173,12.353370999912503,13.30363050677125,20554
2012-04-11,13.167878150939941,13.167878150939941,12.851124727190118,12.851124727190118,15065
2012-04-12,12.98687744140625,13.801385067361306,12.760625227187212,13.801385067361306,10080
2012-04-13,12.715373992919922,13.122627786078024,12.48912178971168,12.715373992919922,27227
2012-04-16,12.624874114990234,12.80587572427466,12.398621887613766,12.80587572427466,11281
2012-04-17,13.032125473022461,13.213127910965108,12.534371357930947,12.941625117134725,8340
2012-04-18,12.896374702453613,13.484630045402268,12.760623735029649,12.896374702453613,5913
2012-04-19,12.30811882019043,12.896374137363038,12.262868212004022,12.670121959514564,21498
2012-04-20,12.670123100280762,12.851124686239473,12.127117479320987,12.30811992836334,26756
2012-04-23,12.262868881225586,13.122627031352659,12.03661669102985,12.941625451812794,11625
2012-04-24,12.262868881225586,12.353369239453714,12.03661669102985,12.217618270569718,2861
2012-04-25,11.765114784240723,12.217619199019213,11.674613556051554,12.172368584924628,21952
2012-04-26,12.036617279052734,12.17236825456855,11.448361037955669,11.855615690670428,11237
2012-04-27,12.036617279052734,12.534372294416817,11.900865440453263,12.534372294416817,6797
2012-04-30,11.810365676879883,11.900866044119804,11.403111866590997,11.403111866590997,7663
2012-05-02,11.85561466217041,12.217617807530475,11.584111871608574,12.217617807530475,12596
2012-05-03,11.85561466217041,12.081866843791346,11.629362480549476,11.629362480549476,6676
2012-05-04,11.810365676879883,11.946116659281612,11.674613831394456,11.765115061718074,9366
2012-05-07,11.674613952636719,11.765115183900203,11.403111985013679,11.58411358445694,8664
2012-05-08,11.719862937927246,12.217617914466679,11.58411197299994,11.76511354726421,9948
2012-05-09,11.674613952636719,12.579622812936734,11.674613952636719,11.765115183900203,14197
2012-05-10,11.85561466217041,12.62487156183144,11.40311029892854,12.62487156183144,26614
2012-05-11,11.719862937927246,12.217617914466679,11.674612328590282,12.217617914466679,10050
2012-05-14,11.629364967346191,12.217620420118386,11.448362492877427,12.127119182884003,12506
2012-05-15,11.765114784240723,12.081868219819137,11.131608776167573,12.081868219819137,7796
2012-05-16,11.357860565185547,11.584112764240702,11.176858978558151,11.176858978558151,6147
2012-05-17,11.222108840942383,11.674613243610764,10.905356276924708,10.905356276924708,10679
2012-05-18,10.679104804992676,11.222109607432749,10.45285258820505,11.222109607432749,14292
2012-05-21,11.131608963012695,11.312610559345485,10.860106136971666,10.860106136971666,6482
2012-05-22,11.176859855651855,11.357861456483183,10.45285258924283,10.45285258924283,7203
2012-05-23,11.176859855651855,11.267360224525664,10.905357022863008,10.905357022863008,2566
2012-05-24,10.995856285095215,11.176858730793864,10.543351897015846,10.543351897015846,2352
2012-05-25,11.131608963012695,11.176859577866816,10.905356751825785,10.905356751825785,4279
2012-05-28,11.493612289428711,11.629364135570807,11.041107861789127,11.267360075608918,6801
2012-05-29,11.357860565185547,11.357860565185547,11.222108727902267,11.222108727902267,1860
2012-05-30,11.267359733581543,11.629363782554584,11.08635814063686,11.08635814063686,7688
2012-05-31,10.995856285095215,11.538861896023908,10.995856285095215,10.995856285095215,3513
2012-06-01,10.860106468200684,11.312610904375713,10.724355482581663,11.312610904375713,6297
2012-06-04,10.679104804992676,10.769605173857498,10.407601972230783,10.407601972230783,6098
2012-06-05,10.905356407165527,11.08635799777782,10.724354816553234,10.769604566893559,8214
2012-06-06,10.860106468200684,10.950607700669178,10.543353017644677,10.543353017644677,10279
2012-06-07,10.950608253479004,11.267360856941634,9.819347105932982,10.633854786932613,24810
2012-06-08,10.905356407165527,11.267359588390113,9.864595750748432,11.267359588390113,43624
2012-06-11,11.94611644744873,11.991367061808138,10.769604789522516,11.267359821308647,45626
2012-06-12,12.896374702453613,13.122626890215958,11.49361096571036,11.49361096571036,35273
2012-06-13,13.891885757446289,14.163387713472112,12.896375708406039,13.439381346625025,220270
2012-06-14,13.213129997253418,14.253889864336566,13.213129997253418,14.253889864336566,22287
2012-06-15,12.579623222351074,12.670124456559996,12.579623222351074,12.579623222351074,5578
2012-06-18,11.99136734008789,12.443871768015736,11.99136734008789,11.99136734008789,13680
2012-06-19,11.448362350463867,11.719865195705852,11.40311259549333,11.40311259549333,12719
2012-06-20,11.312609672546387,11.448360643383493,11.086357479095458,11.131608090402368,22447
2012-06-21,11.629364967346191,11.67461472287962,11.041108651490234,11.041108651490234,11140
2012-06-22,11.810365676879883,11.900866044119804,11.357861251429187,11.357861251429187,1319
2012-06-25,11.584113121032715,12.036617533080214,11.448361279568262,11.493611893389746,3424
2012-06-26,11.493612289428711,12.036617947829694,11.493612289428711,12.036617947829694,6967
2012-06-27,11.94611644744873,11.991367061808138,11.629363873100234,11.629363873100234,8483
2012-06-28,11.765114784240723,12.036617605724553,11.584113190946063,11.855616012429891,6621
2012-06-29,11.810365676879883,12.081868504767039,11.493612233830916,12.081868504767039,9237
2012-07-02,11.765114784240723,11.946116377535384,11.584113190946063,11.765114784240723,3339
2012-07-03,11.94611644744873,12.127118041802682,11.855616081813595,11.855616081813595,16160
2012-07-04,11.90086555480957,12.127117758232442,11.765114577989312,11.810365191290618,19055
2012-07-05,12.262868881225586,12.398619850109583,11.946115469718112,11.946115469718112,12958
2012-07-06,12.081868171691895,12.308120378179881,11.99136694386323,12.308120378179881,8107
2012-07-09,11.90086555480957,12.172368371533748,11.765114577989312,11.765114577989312,5916
2012-07-10,11.94611644744873,12.081868290526955,11.810365467454186,11.810365467454186,13993
2012-07-11,11.765114784240723,11.946116377535384,11.765114784240723,11.765114784240723,6756
2012-07-12,11.719862937927246,11.900864512191516,11.448360144989048,11.448360144989048,11708
2012-07-13,11.629364967346191,11.855617197348383,11.584114348728999,11.71986534149681,9855
2012-07-16,11.538862228393555,11.810365041678368,11.403111253292973,11.674613203494136,9646
2012-07-17,12.579623222351074,12.670124456559996,12.081869023453205,12.081869023453205,133992
2012-07-18,11.719862937927246,12.579621062995221,11.674612328590282,12.579621062995221,71693
2012-07-19,11.629364967346191,11.946117571499002,11.538863730111808,11.946117571499002,19663
2012-07-20,11.448362350463867,11.765115813760142,11.357861977439041,11.765115813760142,12823
2012-07-23,11.357860565185547,11.674613126012577,10.950606779502996,11.131608366130392,4088
2012-07-24,11.629364967346191,11.765115960114,10.950608277339613,11.765115960114,13301
2012-07-25,11.312609672546387,11.719863448141332,11.17685870170928,11.222108449932566,9683
2012-07-26,10.995856285095215,11.71986347863893,10.679103731289832,11.71986347863893,23717
2012-07-27,10.724355697631836,11.31261113122188,10.724355697631836,11.041108291455807,18296
2012-07-30,10.860106468200684,11.086358686288198,9.955097595850628,9.955097595850628,10671
2012-07-31,10.679104804992676,11.222109607432749,10.633854189018408,11.176859854542194,15479
2012-08-01,10.995856285095215,11.26735909055956,10.76960409105553,10.995856285095215,10796
2012-08-02,10.950608253479004,11.22211023842304,9.955098098405,11.22211023842304,19723
2012-08-03,10.860106468200684,11.131609302522445,10.679104866347416,10.950607700669178,2705
2012-08-06,10.995856285095215,11.176858730793864,10.679103731289832,10.724354342714495,6402
2012-08-07,11.086357116699219,11.176858336354691,10.860104930644132,11.131607726526955,16362
2012-08-08,10.905356407165527,11.08635799777782,10.769604566893559,10.995856770929842,12994
2012-08-09,10.724355697631836,11.131609525739076,10.679105080490201,10.724355697631836,13522
2012-08-10,10.633853912353516,10.814855508457688,10.58860329755655,10.58860329755655,2285
2012-08-13,10.769604682922363,10.860105910745377,10.633853704271514,10.679104318183022,2551
2012-08-14,10.860106468200684,10.860106468200684,10.588603633878924,10.588603633878924,6141
2012-08-16,10.905356407165527,11.08635799777782,10.679104203129246,11.08635799777782,7257
2012-08-17,11.99136734008789,11.99136734008789,10.814855654858754,10.995857253413151,60433
2012-08-21,11.765114784240723,13.122628028576191,11.674613556051554,12.036617605724553,88743
2012-08-22,11.176859855651855,11.7651152741246,11.176859855651855,11.7651152741246,13754
2012-08-23,11.131608963012695,11.674613752011064,11.086358348158575,11.448361540824154,10491
2012-08-24,10.995856285095215,11.26735909055956,10.905355925329516,10.995856285095215,22414
2012-08-27,11.131608963012695,11.312610559345485,10.995857118450335,11.312610559345485,6454
2012-08-28,11.041108131408691,11.176859980865794,10.950607761521011,10.950607761521011,6532
2012-08-29,11.086357116699219,11.312609302754305,10.860104930644132,10.950606150299604,11940
2012-08-30,11.041108131408691,11.493612570098257,10.90535714503531,10.99585751492299,2963
2012-08-31,10.950608253479004,11.22211023842304,10.769605779404632,11.22211023842304,25043
2012-09-03,10.950608253479004,10.995858008913837,10.769605779404632,10.860107016441818,14022
2012-09-04,10.950608253479004,11.041108627432429,10.769605779404632,10.769605779404632,2181
2012-09-05,11.131608963012695,12.036617807760333,10.950607366679906,11.131608963012695,10056
2012-09-06,11.131608963012695,11.312610559345485,10.995857118450335,10.995857118450335,2170
2012-09-07,11.176859855651855,11.493612441335753,11.131609239673095,11.493612441335753,4995
2012-09-10,11.086357116699219,11.312609302754305,10.679103354416783,11.131607726526955,16855
2012-09-11,11.312609672546387,11.493611254690403,11.222108449932566,11.267359061239477,7952
2012-09-12,12.262868881225586,12.760623872272927,10.995856098279301,11.403110731098513,116871
2012-09-13,11.810365676879883,12.353370469570498,11.765115061718074,12.308120717492386,30412
2012-09-14,11.493612289428711,12.172368930888089,11.312610690989617,12.12711831550739,19929
2012-09-17,11.448362350463867,11.765115813760142,11.312611359384752,11.765115813760142,13720
2012-09-18,11.629364967346191,11.765115960114,11.041108651490234,11.765115960114,6171
2012-09-20,11.493612289428711,11.719864503248504,11.357861306370316,11.448361674048012,14054
2012-09-21,11.810365676879883,12.03661788960523,11.448361618669107,11.493612233830916,19920
2012-09-24,12.127118110656738,12.398620935271017,11.810365534509817,11.810365534509817,35469
2012-09-25,11.810365676879883,12.308120717492386,11.493612233830916,12.081868504767039,20689
2012-09-26,11.810365676879883,12.851125510183003,11.538862848992727,12.217619487168768,10394
2012-09-27,11.94611644744873,12.17236865616209,11.900865833089322,12.17236865616209,9996
2012-09-28,12.127118110656738,12.35337032065469,11.76511491989349,11.946116515275113,13664
2012-10-01,12.217618942260742,12.217618942260742,12.036617352769907,12.217618942260742,10981
2012-10-03,13.122628211975098,13.484631403623695,12.443871580321213,12.443871580321213,91568
2012-10-04,13.213129997253418,13.348880984061228,12.805875310662536,13.303630367430717,51196
2012-10-05,12.896374702453613,13.303628467809112,12.443870326928925,13.303628467809112,34529
2012-10-08,12.443870544433594,13.077376508624399,12.308119574636857,12.670122736150569,6793
2012-10-09,12.489120483398438,14.480139490761418,12.172367086804604,12.172367086804604,10256
2012-10-10,12.353371620178223,12.624874473353477,12.127119386379473,12.624874473353477,5377
2012-10-11,12.172369003295898,12.48912244976131,12.036618019429984,12.217619618945774,19329
2012-10-12,12.217618942260742,12.534372371182448,12.081867965913531,12.534372371182448,14037
2012-10-15,12.036617279052734,12.036617279052734,11.946116053319754,11.946116053319754,707
2012-10-16,11.99136734008789,12.308120784870864,11.855616356943019,11.855616356943019,8632
2012-10-17,11.85561466217041,12.127116589648669,11.810364053229508,12.127116589648669,7032
2012-10-18,12.217618942260742,12.217618942260742,11.855615763279072,11.855615763279072,5662
2012-10-19,11.94611644744873,12.489122093594268,11.810365467454186,12.489122093594268,13909
2012-10-22,11.810365676879883,11.900866044119804,11.629364079316344,11.810365676879883,6558
2012-10-23,11.90086555480957,12.127117758232442,11.674613351386698,11.765114577989312,7283
2012-10-25,11.810365676879883,11.946116659281612,11.674613831394456,11.719864446556265,18019
2012-10-29,12.081868171691895,12.217619150351217,11.765114737375246,11.765114737375246,16325
2012-10-30,12.127118110656738,12.172368725273065,11.855616149126146,12.036617744507769,5798
2012-10-31,11.99136734008789,11.99136734008789,11.855616356943019,11.946116724678367,5781
2012-11-01,12.715373992919922,12.986876809386544,11.810365180086954,11.810365180086954,41022
2012-11-02,13.077377319335938,13.258378911313704,12.398620702106559,12.670123521615045,29518
2012-11-05,13.167878150939941,13.756133522951163,12.353369716904814,13.756133522951163,19696
2012-11-06,12.85112476348877,13.484630749694142,12.76062440150723,13.213128800665872,21983
2012-11-07,12.805874824523926,13.03212703600374,12.670123842869515,12.760625072694918,15691
2012-11-08,13.258378982543945,13.439381438577813,12.851125182635094,12.941626410652027,28532
2012-11-09,12.98687744140625,13.34888063892323,12.805874979564058,13.032127193783095,12509
2012-11-12,12.624874114990234,12.851126342366705,12.489123123797855,12.760625969266368,1704
2012-11-15,12.670123100280762,13.575131893157959,12.579621875759585,13.575131893157959,15175
2012-11-16,12.443870544433594,13.122627119584518,12.308119574636857,13.122627119584518,9376
2012-11-19,12.127118110656738,12.579622530652642,12.081868359124098,12.489122164503673,7590
2012-11-20,11.765114784240723,12.172368584924628,11.674613556051554,11.946116377535384,15570
2012-11-21,11.765114784240723,12.217619199019213,10.99585693388382,11.765114784240723,11283
2012-11-22,11.629364967346191,11.855617197348383,11.584114348728999,11.855617197348383,21368
2012-11-23,11.584113121032715,11.946116305437245,11.584113121032715,11.946116305437245,4520
2012-11-26,11.629364967346191,11.765115960114,11.538863730111808,11.67461472287962,12280
2012-11-27,12.036617279052734,12.17236825456855,11.855615690670428,12.17236825456855,5935
2012-11-29,11.674613952636719,12.443871829125214,11.041107923043448,12.172368998418468,30709
2012-11-30,12.172369003295898,12.48912244976131,11.810365804264322,11.855616419914195,11841
2012-12-03,12.353371620178223,12.398622239554728,12.03661901071024,12.03661901071024,7015
2012-12-04,12.489120483398438,12.715372662941585,11.946114907261457,11.946114907261457,12732
2012-12-05,12.624874114990234,12.851126342366705,12.489123123797855,12.80587572427466,20944
2012-12-06,12.670123100280762,13.12262749671936,12.217618703842163,12.760624324801938,6738
2012-12-07,12.53437328338623,12.670124269612879,12.26287044784921,12.670124269612879,7630
2012-12-10,12.353371620178223,12.986878565281744,12.127119386379473,12.986878565281744,8514
2012-12-11,12.172369003295898,12.398621218461562,11.765115188614448,12.217619618945774,13067
2012-12-12,12.30811882019043,12.44386978166609,12.036616034155548,12.217617603817615,7246
2012-12-13,12.217618942260742,12.217618942260742,11.991366739626285,12.217618942260742,16132
2012-12-14,12.081868171691895,12.489121970753533,12.036617557777562,12.489121970753533,6074
2012-12-17,11.85561466217041,12.398619380210507,11.584111871608574,12.127116589648669,19941
2012-12-18,12.036617279052734,12.081867891919224,11.765114464937447,11.946116053319754,8240
2012-12-19,14.389640808105469,14.434891424600638,11.900866394792127,11.900866394792127,180643
2012-12-20,13.710884094238281,15.249399870322552,13.39413150622613,15.249399870322552,162155
2012-12-21,12.760625839233398,13.801385729326134,12.353371143638746,13.801385729326134,33977
2012-12-24,13.213129997253418,13.348880984061228,12.579623090593701,12.670124323854726,9841
2012-12-26,13.167878150939941,13.213128763344722,12.805874114785336,13.032126313725598,8562
2012-12-27,13.303628921508789,14.163387091709698,13.032126114318073,13.213128561167638,40903
2012-12-28,13.077377319335938,13.575132344587548,12.941626341123529,13.439381366375141,12929
2012-12-31,12.98687744140625,13.258379408002133,12.98687744140625,13.032127193783095,7632
2013-01-01,13.122628211975098,13.303629807799396,13.032126982521104,13.032126982521104,8035
2013-01-02,15.56615161895752,15.747152338239617,13.122627236227556,13.484630400959006,538630
2013-01-03,14.615891456604004,15.701902683430347,14.38963926152912,15.611401460166944,209730
2013-01-04,15.3399019241333,15.56615415471835,14.16338928939053,14.57064399491063,100537
2013-01-07,14.887395858764648,15.566152477380045,14.661143652559515,15.385150021949,29384
2013-01-08,14.615891456604004,15.294648041828655,14.5253902333406,15.068395846753772,18777
2013-01-09,14.299139976501465,14.88739624577732,14.163388131399179,14.480141573554153,32382
2013-01-10,13.756133079528809,15.068395618465441,13.710882468582659,15.068395618465441,23046
2013-01-11,14.027637481689453,14.389640684370534,13.80138526424285,13.80138526424285,35531
2013-01-14,14.208639144897461,14.434891363329216,13.846635940640141,14.027637542768801,10335
2013-01-15,14.072887420654297,14.389639991988219,13.71088337230795,14.389639991988219,20298
2013-01-16,13.937134742736816,14.434889739923907,13.846634383392377,14.027635965164876,34253
2013-01-17,14.072887420654297,14.253889013285635,13.801384600165456,13.846635214094208,13251
2013-01-18,13.620382308959961,14.118137310479595,13.439380725611992,13.801383892307928,34189
2013-01-21,13.529881477355957,13.937135267447434,13.258378662933755,13.937135267447434,11321
2013-01-22,13.303628921508789,13.80138392417783,13.213128561167638,13.80138392417783,30051
2013-01-23,13.122628211975098,13.620383247804684,12.941626616150801,13.620383247804684,25378
2013-01-24,12.53437328338623,13.25837969403999,12.217619831412419,13.03212747493976,13124
2013-01-25,12.85112476348877,12.986876601086552,12.398620364330124,12.44387097686272,11450
2013-01-28,12.85112476348877,13.394130387712602,12.670123176442042,12.670123176442042,5915
2013-01-29,12.579623222351074,12.760625690768919,12.443872234121425,12.760625690768919,6844
2013-01-30,12.443870544433594,13.077376508624399,12.172367741756501,12.489121155393713,6547
2013-01-31,12.579623222351074,12.98687791320749,12.398621617016964,12.98687791320749,3401
2013-02-01,12.624874114990234,13.032127951651129,12.44387250570581,13.032127951651129,5059
2013-02-04,12.670123100280762,13.077376884458772,12.579621875759585,12.670123100280762,5115
2013-02-05,12.127118110656738,12.986877199115904,12.036617744507769,12.53437277912,16503
2013-02-06,12.30811882019043,12.44386978166609,12.262868212004022,12.353368565293273,16948
2013-02-07,12.217618942260742,12.534372371182448,11.94611612648266,12.534372371182448,9185
2013-02-08,11.90086555480957,12.53437241486054,11.810365191290618,12.217618984835054,35681
2013-02-11,12.262868881225586,12.262868881225586,11.674612668866507,11.765113890178245,23252
2013-02-12,11.810365676879883,12.03661788960523,11.674613831394456,11.946116659281612,9492
2013-02-13,11.85561466217041,12.081866843791346,11.765113444288605,11.765113444288605,13456
2013-02-14,11.810365676879883,11.900866044119804,11.584113464154536,11.765115061718074,3914
2013-02-15,11.357860565185547,11.810364963295857,11.222108727902267,11.810364963295857,2281
2013-02-18,11.674613952636719,11.900866167711722,11.041107923043448,11.222109522486711,26532
2013-02-19,11.584113121032715,11.946116305437245,11.40311152883045,11.946116305437245,20608
2013-02-20,11.493612289428711,11.719864503248504,11.448361674048012,11.584113520190108,8229
2013-02-21,11.629364967346191,11.900866952881811,10.950608277339613,11.765115960114,19010
2013-02-22,11.493612289428711,11.719864503248504,11.312610690989617,11.357861306370316,5973
2013-02-25,11.493612289428711,11.719864503248504,11.086358477169826,11.493612289428711,3739
2013-02-26,10.950608253479004,11.493613086450837,10.860107016441818,11.493613086450837,3420
2013-02-27,10.905356407165527,11.1768592246258,10.679104203129246,10.679104203129246,3896
2013-02-28,10.407601356506348,10.995856740118894,10.136098539806842,10.860105763310973,6932
2013-03-01,10.769604682922363,10.860105910745377,10.226599905235298,10.226599905235298,4745
2013-03-04,10.000349044799805,11.086359609433694,9.547844570945367,10.498104138656442,20001
2013-03-05,10.181349754333496,10.407601971096463,10.181349754333496,10.407601971096463,6515
2013-03-06,10.679104804992676,10.769605173857498,10.226600371417424,10.226600371417424,16788
2013-03-07,10.814854621887207,10.995856203153394,10.588602429533568,10.995856203153394,2795
2013-03-08,11.041108131408691,11.493612570098257,10.633854309204825,10.633854309204825,17554
2013-03-11,10.814854621887207,11.1768586475032,10.679103651708472,10.950606455149561,8198
2013-03-12,10.633853912353516,11.493612141161103,10.452852316249341,11.493612141161103,9332
2013-03-13,10.633853912353516,10.99585710456186,10.407601701452377,10.543352682759583,6313
2013-03-14,10.543352127075195,10.724354576723377,10.407601152922705,10.633853351899287,12194
2013-03-15,10.31710147857666,11.041108796723954,10.226601103235607,10.63385494997978,10545
2013-03-18,10.271849632263184,10.498101819202164,9.95509622531517,10.498101819202164,6684
2013-03-19,9.909846305847168,10.362350711256479,9.728844716300175,10.317100098098814,12798
2013-03-20,9.63834285736084,9.909845655402751,9.502591889881685,9.728844077736012,7587
2013-03-21,9.004838943481445,9.728846281211629,8.959588323045097,9.502594042113683,52237
2013-03-22,9.050087928771973,9.366841351512448,8.642834144593962,9.004837316511384,6856
2013-03-25,8.733335494995117,9.54784401866979,8.733335494995117,9.54784401866979,13513
2013-03-26,8.914337158203125,8.914337158203125,8.597583728244851,8.597583728244851,6705
2013-03-28,8.733335494995117,8.914337964534205,7.8735772170194105,8.914337964534205,8356
2013-04-01,8.869086265563965,9.276340046194814,8.733334429964591,8.823835653697508,7723
2013-04-02,10.000349044799805,10.090849421720417,8.77858662015931,8.77858662015931,8877
2013-04-03,9.72884464263916,10.362350632798933,9.72884464263916,10.00034745644582,5857
2013-04-04,9.81934642791748,10.317100608001322,9.231090153961766,9.412091752454408,3814
2013-04-05,9.864595413208008,10.271850057005068,9.774095052540376,9.909846025083642,8067
2013-04-08,9.231090545654297,9.909847216115404,8.37133226902031,9.502593386455487,14581
2013-04-09,9.27634048461914,9.45734207755595,8.461832884861662,9.23108987061402,8104
2013-04-10,10.136098861694336,10.407601687015834,9.412091615198236,9.502592844666632,24559
2013-04-11,10.000349044799805,10.498104138656442,9.955098424797603,10.498104138656442,9106
2013-04-12,10.000349044799805,10.090849421720417,9.638344947865981,9.8645971847932,3585
2013-04-15,9.955097198486328,10.362351002171305,9.955097198486328,9.955097198486328,6371
2013-04-16,9.909846305847168,10.09084789539416,9.683594103142513,9.864595692689505,3253
2013-04-17,10.045598030090332,10.136098392283898,9.502592404594338,9.774095217342335,8636
2013-04-18,10.090846061706543,10.181347271576177,9.864593900115961,10.045596319855228,14529
2013-04-22,10.090846061706543,10.13609666664136,10.045596319855228,10.045596319855228,4037
2013-04-23,10.136098861694336,10.317100457547438,9.683594440519734,9.819346284722329,8924
2013-04-25,10.588602066040039,10.679103285108148,10.045597340882154,10.090847087332618,16293
2013-04-26,10.271849632263184,10.588602176127598,10.136097802249635,10.588602176127598,10226
2013-04-29,10.000349044799805,10.317101658647635,9.955098424797603,10.271851901729224,8453
2013-04-30,9.63834285736084,10.045597485965509,9.502591889881685,10.045597485965509,6826
2013-05-02,9.955097198486328,10.136098793114797,9.412091551517236,9.412091551517236,3459
2013-05-03,9.457341194152832,9.955096175546895,9.412090584374537,9.955096175546895,4636
2013-05-06,9.412091255187988,10.362350675924192,9.412091255187988,9.45734186819136,3157
2013-05-07,9.502593040466309,10.588603501045718,9.23109020955053,10.588603501045718,8173
2013-05-08,9.547843933105469,9.955097759751274,9.547843933105469,9.955097759751274,3533
2013-05-09,9.547843933105469,9.774096154917997,9.457342699146965,9.457342699146965,3767
2013-05-10,9.231090545654297,9.909847216115404,9.140590174109725,9.321591780282606,39190
2013-05-13,9.27634048461914,9.728844898503002,8.82383607073528,8.82383607073528,5096
2013-05-14,9.095338821411133,9.412091390832378,9.050088207755621,9.140589435066644,9206
2013-05-15,9.72884464263916,9.955096843630768,8.95958681403423,9.050088039664335,25950
2013-05-16,9.502593040466309,10.045598702297866,9.276340825217112,9.728845255715507,12363
2013-05-17,9.412091255187988,9.502592481194734,9.231089666258153,9.412091255187988,5084
2013-05-20,9.412091255187988,9.502592481194734,9.276340279261525,9.321590892264899,3423
2013-05-21,9.095338821411133,9.593093845454426,9.050088207755621,9.321591026605024,5222
2013-05-22,8.642833709716797,9.231089050254567,8.280829692930508,9.231089050254567,32383
2013-05-23,8.869086265563965,8.959586626213246,8.688084681181769,8.77858504183105,5771
2013-05-24,9.050087928771973,9.366841351512448,8.823835730552673,9.32159073925186,4947
2013-05-27,9.050087928771973,9.366841351512448,8.280830109592898,9.276340126991272,10297
2013-05-28,9.050087928771973,9.366841351512448,8.91433695507385,9.231089514730684,8623
2013-05-29,9.050087928771973,9.050087928771973,8.733334506031497,8.869086342813262,13347
2013-05-30,8.959586143493652,9.185838327552418,8.823835178291828,9.185838327552418,5069
2013-05-31,8.642833709716797,8.95958625343575,8.416581522881716,8.95958625343575,6144
2013-06-03,8.778585433959961,8.914337275623208,8.597583841492641,8.869086661735459,3101
2013-06-04,8.597582817077637,8.959585958879057,8.280829420688717,8.507081600085497,7763
2013-06-05,8.959586143493652,9.050087362350594,8.507081775376124,9.050087362350594,2909
2013-06-06,8.823836326599121,9.004837924784415,8.778585711281872,9.004837924784415,14811
2013-06-07,8.733335494995117,8.914337964534205,8.461833516853964,8.733335494995117,6210
2013-06-10,8.642833709716797,8.95958625343575,8.50708187976559,8.73333406660067,5726
2013-06-11,8.326081275939941,8.823836317763874,8.009328695203765,8.688085335031756,15064
2013-06-12,7.78307580947876,8.145078974210207,6.697065020658978,8.054577751485533,33392
2013-06-13,7.78307580947876,8.009328003206821,7.647323975391748,7.737825198116422,5367
2013-06-14,8.190329551696777,8.959586489340312,7.6925745549370665,8.099828329346423,5408
2013-06-17,8.280832290649414,8.959589064082444,8.009330271743298,8.823838054629386,5238
2013-06-18,8.14508056640625,9.3215923763928,8.14508056640625,9.3215923763928,1251
2013-06-19,8.05457878112793,8.416582855219135,8.05457878112793,8.099829398274798,8993
2013-06-20,7.873576641082764,8.190330076522537,7.873576641082765,7.9188272551575425,851
2013-06-21,7.421072006225586,7.9188270201061295,7.375821393493964,7.9188270201061295,20351
2013-06-24,7.46632194519043,7.692574125347715,7.240069765033144,7.46632194519043,18119
2013-06-25,7.556824684143066,7.828326664535095,7.285321840667291,7.330572458427211,7995
2013-06-26,7.375822067260742,7.69257552223325,7.013818858506787,7.69257552223325,45682
2013-06-27,7.964077472686768,8.190329668711485,7.4210718569939935,7.4210718569939935,17285
2013-06-28,8.869086265563965,8.959586626213246,7.6473240605877795,7.783075896187152,31415
2013-07-01,8.597582817077637,8.778584387978347,8.371330637680856,8.778584387978347,3658
2013-07-02,8.914337158203125,9.05008813499458,8.552333114953145,9.004837521702875,3719
2013-07-03,8.68808650970459,8.914338753571023,8.50708402414439,8.733336268010824,7486
2013-07-04,8.642833709716797,9.004836863419486,8.642833709716797,8.642833709716797,12028
2013-07-05,8.914337158203125,8.959586908411168,8.50708250166144,8.597583728244851,7940
2013-07-08,8.959586143493652,9.004836752922124,8.552332384804593,8.733333959434889,6921
2013-07-09,8.869086265563965,9.457341630577012,8.733334429964591,8.77858504183105,3988
2013-07-10,8.461832046508789,9.050087381043157,7.828325239368896,8.778584586995146,52538
2013-07-11,9.27634048461914,9.638343670492759,8.41658227085654,8.41658227085654,18561
2013-07-12,9.18583869934082,9.36684114438061,8.778584924168538,9.276339921860716,6811
2013-07-15,9.095338821411133,9.321591026605024,8.914337229872753,9.050088207755621,7139
2013-07-16,8.959586143493652,9.140588581207535,8.3713308101743,9.050087362350594,30687
2013-07-17,8.55233383178711,8.95958765938007,8.507083214702618,8.86908728829482,7393
2013-07-18,8.55233383178711,8.55233383178711,8.28083099236389,8.371332226532875,8771
2013-07-19,8.371332168579102,8.77858599335269,8.235581181349147,8.371332168579102,10615
2013-07-22,8.190329551696777,8.461832355664221,8.190329551696777,8.416581744489044,4953
2013-07-23,7.964077472686768,8.235580280533155,7.964077472686768,8.235580280533155,10876
2013-07-24,7.556824684143066,8.09982950801087,7.466323448623226,8.09982950801087,15190
2013-07-25,8.05457878112793,8.280831003778532,7.783076804414196,7.783076804414196,10582
2013-07-26,8.190329551696777,8.597583326106133,7.828325525378978,7.8735761365541554,4870
2013-07-29,8.55233383178711,9.004838276464563,8.14508000419415,8.14508000419415,11595
2013-07-30,9.004838943481445,9.185840562143042,8.32608222618761,8.37133284662396,33847
2013-07-31,9.050087928771973,9.231089514730684,8.68808475685455,8.823835730552673,10476
2013-08-01,8.05457878112793,8.959587671730338,7.737826187267329,8.82383668337347,15149
2013-08-02,8.009325981140137,9.5478403374547,7.466320508048687,8.145076917871295,34215
2013-08-05,8.371332168579102,8.688085622893963,8.145079947806693,8.145079947806693,27315
2013-08-06,8.733335494995117,9.004838336220008,7.9188278344041825,7.9188278344041825,90796
2013-08-07,8.733335494995117,10.090848838035834,8.59758450592454,10.090848838035834,27994
2013-08-08,8.461832046508789,8.688084231034868,8.416581436986855,8.642833621512933,25245
2013-08-12,8.461832046508789,8.642833621512933,8.416581436986855,8.597583011991,21305
2013-08-13,8.959586143493652,9.276339546409359,8.46183202903124,8.733333959434889,29019
2013-08-14,8.959586143493652,9.050087362350594,8.642833603661535,8.8690857877203,7260
2013-08-16,8.597582817077637,9.004836567375126,8.326080029184787,8.869085604970486,10479
2013-08-19,8.869086265563965,8.959586626213246,8.326080649333742,8.733334429964591,7169
2013-08-20,8.869086265563965,9.004837238079704,8.507082233715938,8.914336877430422,8106
2013-08-21,8.914337158203125,9.004837521702875,8.597583728244851,8.778585318328009,8927
2013-08-22,8.959586143493652,9.050087362350594,8.642833603661535,8.778584568863359,18371
2013-08-23,8.959586143493652,9.004836752922124,8.552332384804593,8.552332384804593,11321
2013-08-26,9.050087928771973,9.095338541032561,8.68808475685455,8.778585118292085,13196
2013-08-27,9.004838943481445,9.185840562143042,8.6880863265946,8.869087945256197,15340
2013-08-28,8.914337158203125,9.05008813499458,8.778585318328009,8.86908654491142,32866
2013-08-29,8.869086265563965,8.959586626213246,8.416581873066656,8.914336877430422,22767
2013-08-30,9.050087928771973,9.050087928771973,8.642834144593962,9.050087928771973,13389
2013-09-02,8.914337158203125,9.05008813499458,8.86908654491142,8.86908654491142,5303
2013-09-03,8.914337158203125,9.14058936157799,8.86908654491142,8.86908654491142,3138
2013-09-04,8.914337158203125,9.14058936157799,8.86908654491142,8.86908654491142,3288
2013-09-05,9.231090545654297,9.366842397596761,8.823836715994382,9.050088939481416,45269
2013-09-06,9.004838943481445,9.185840562143042,8.823837324819849,8.959588323045097,5681
2013-09-10,9.004838943481445,9.050089563917794,8.914338565692546,8.959588323045097,4121
2013-09-11,9.050087928771973,9.050087928771973,8.869086342813262,8.869086342813262,57174
2013-09-12,10.769604682922363,10.860105910745377,8.914337280303632,8.914337280303632,179603
2013-09-13,10.362350463867188,11.403111089311825,10.090847654486689,10.860105470550828,109224
2013-09-16,9.63834285736084,10.362350031111404,8.869085936506293,10.271849673819835,15906
2013-09-17,9.547843933105469,9.683594920959493,9.366842328272192,9.502593316126216,4865
2013-09-18,9.321592330932617,9.50259394779772,8.82383723724074,9.50259394779772,4295
2013-09-19,9.27634048461914,10.045598333455175,9.050088277677212,9.140589505687453,21310
2013-09-20,9.72884464263916,10.136098431807325,9.185839015025838,9.185839015025838,53732
2013-09-23,9.63834285736084,9.683593467548427,9.321590312214946,9.593093110256858,44124
2013-09-24,11.131608963012695,11.403111789053725,9.412091640141966,9.593094099558447,55015
2013-09-25,10.407601356506348,11.312610170115596,10.181349153104037,10.905356376608166,19704
2013-09-26,10.045598030090332,10.90535621788928,9.955096804813117,10.90535621788928,9990
2013-09-27,9.72884464263916,10.362350632798933,9.593093667277655,10.090847818992271,23212
2013-09-30,9.321592330932617,9.864597181527927,9.185840470970948,9.6383449446756,10959
2013-10-01,9.27634048461914,9.45734207755595,9.140589505687453,9.321591098624262,23321
2013-10-03,9.231090545654297,9.457342769141333,9.140590174109725,9.276341162968452,36125
2013-10-04,9.321592330932617,9.36684295091984,9.09534009408029,9.23109109095817,20629
2013-10-07,9.321592330932617,9.457343327810497,9.276341710945394,9.457343327810497,3102
2013-10-08,9.457341194152832,9.864594955990304,9.32159022790154,9.32159022790154,9963
2013-10-09,9.502593040466309,9.909846855298124,9.23109020955053,9.909846855298124,17882
2013-10-10,9.502593040466309,9.81934648704867,9.276340825217112,9.502593040466309,22070
2013-10-11,9.547843933105469,9.683594920959493,9.502593316126216,9.683594920959493,18184
2013-10-14,10.498103141784668,10.679104741522258,9.412091817191717,9.683594648339955,19437
2013-10-15,9.864595413208008,10.588602613967227,9.728844440664744,10.3623504176727,8317
2013-10-17,9.683592796325684,10.181347747719805,9.593092445307189,10.181347747719805,1733
2013-10-18,10.136098861694336,10.181349476428533,9.864596036372836,9.955097265841232,5201
2013-10-21,9.683592796325684,9.955095575548254,9.54784183825617,9.955095575548254,10281
2013-10-22,10.090846061706543,11.312608079529085,9.63834173852538,9.955095109985596,96123
2013-10-23,10.814854621887207,10.860105232974659,9.728844271206466,10.36235023717993,48911
2013-10-24,10.136098861694336,11.041107704043538,10.000347880575431,11.041107704043538,24545
2013-10-25,10.136098861694336,10.271850705896929,10.000347880575431,10.136098861694336,2317
2013-10-28,10.271849632263184,10.362349989188615,10.045597445324201,10.045597445324201,7096
2013-10-29,10.045598030090332,10.271850230199721,10.045598030090332,10.045598030090332,5901
2013-10-30,9.909846305847168,10.317100098098814,9.321590924048527,10.317100098098814,11040
2013-10-31,9.955097198486328,10.090848178686759,9.547843394801351,10.090848178686759,5748
2013-11-01,10.181349754333496,10.860106404622396,9.95509753757053,10.226600370302831,23067
2013-11-05,11.086357116699219,11.26735869292657,10.271849592134346,10.362349948706225,41662
2013-11-06,10.860106468200684,11.22210967190722,10.679104866347416,11.22210967190722,15442
2013-11-07,10.860106468200684,11.62936435493172,10.769605235732191,10.995857453819706,39273
2013-11-08,10.498103141784668,10.950607572670494,10.498103141784668,10.950607572670494,3597
2013-11-11,10.362350463867188,10.679103885325041,10.31709985178983,10.543352049092974,2318
2013-11-12,10.362350463867188,10.588602661170329,10.181348878641401,10.588602661170329,5756
2013-11-13,10.136098861694336,10.317100457547438,10.136098861694336,10.271850705896929,6503
2013-11-14,10.136098861694336,10.814855493456237,9.955097265841232,10.090848246960137,7147
2013-11-18,10.045598030090332,10.31709997975468,9.90984619217451,10.09084777964529,5553
2013-11-19,9.81934642791748,10.13609900950868,9.774095812523395,10.13609900950868,3234
2013-11-20,9.81934642791748,10.22660024029685,9.728845197129308,9.774095812523395,3611
2013-11-21,9.547843933105469,9.955097759751274,9.366842328272192,9.955097759751274,5821
2013-11-22,9.547843933105469,10.0908487476053,9.412092082167712,9.81934677189725,13845
2013-11-25,9.955097198486328,10.090848178686759,9.683594375001782,9.864595969630251,29497
2013-11-26,9.864595413208008,10.317099805797065,9.81934566441601,10.317099805797065,4715
2013-11-27,9.774096488952637,10.090849092465117,9.547844259407825,9.819347107478352,9746
2013-11-28,9.864595413208008,10.271850057005068,9.683593828789112,9.774095052540376,15285
2013-11-29,10.271849632263184,10.769603753062063,9.774094648380705,9.819345258385221,64109
2013-12-02,10.271849632263184,10.543351566123082,10.226599022258668,10.543351566123082,10884
2013-12-03,10.22659969329834,10.588602870920864,10.000347491513349,10.045598104487077,21848
2013-12-04,9.864595413208008,10.317099805797065,9.81934566441601,10.181348833253802,3813
2013-12-05,10.181349754333496,10.271850986272169,9.774095936776899,9.774095936776899,32416
2013-12-06,11.357860565185547,12.21761874897841,10.452851768964925,11.357860565185547,335742
2013-12-09,12.489120483398438,12.805873016908702,11.448359939649817,11.85561455329434,258570
2013-12-10,12.081868171691895,12.80587454198651,11.538862530887261,12.308120378179881,76841
2013-12-11,12.217618942260742,12.670123347529659,12.127117715973496,12.127117715973496,281365
2013-12-12,12.30811882019043,12.44386978166609,12.217617603817615,12.44386978166609,207817
2013-12-13,12.489120483398438,12.53437109192378,12.353368657822406,12.53437109192378,118002
2013-12-16,12.489120483398438,12.579620837365555,11.900864298736112,12.398619266347751,21592
2013-12-17,12.489120483398438,12.851123625434045,12.489120483398438,12.670122054416241,21396
2013-12-18,12.53437328338623,12.62487365317609,12.53437328338623,12.53437328338623,95608
2013-12-19,12.670123100280762,12.670123100280762,12.534372126582639,12.624872488020173,70947
2013-12-20,12.624874114990234,12.624874114990234,12.57962349689819,12.57962349689819,25263
2013-12-23,12.896374702453613,13.03212566987758,12.67012251469127,12.67012251469127,45395
2013-12-24,12.805874824523926,12.896376054349329,12.624873227956815,12.624873227956815,45055
2013-12-26,12.172369003295898,12.670124049277097,12.172369003295898,12.670124049277097,5261
2013-12-27,12.353371620178223,12.443872858931234,11.58411454311274,11.629365162489245,18824
2013-12-30,11.90086555480957,12.353369961655313,11.855615804591926,12.353369961655313,2562
2013-12-31,12.036617279052734,12.443871068683839,11.448361037955669,11.49361165082216,10019
2014-01-01,12.036617279052734,12.081867891919224,11.58411287655514,11.58411287655514,1550
2014-01-02,11.719862937927246,12.12711669579275,11.629362582336903,11.629362582336903,4455
2014-01-03,12.036617279052734,12.036617279052734,11.674613239204467,11.765114464937447,1898
2014-01-06,12.172369003295898,12.57962281797735,11.765115188614448,11.765115188614448,4647
2014-01-07,11.90086555480957,12.39862057495662,11.810365191290618,12.03661739471349,4404
2014-01-08,11.90086555480957,12.262869598136362,11.855615804591926,12.262869598136362,2136
2014-01-09,12.262868881225586,12.489121071421321,12.03661669102985,12.217618270569718,35776
2014-01-10,12.53437328338623,12.85112587227632,12.03661822874898,12.85112587227632,29424
2014-01-13,12.398622512817383,12.805876370014154,12.308122135153543,12.670125371976496,11987
2014-01-14,12.579623222351074,12.670124456559996,11.946117172139822,11.946117172139822,9538
2014-01-15,12.443870544433594,13.032125897664281,12.21761835271662,13.032125897664281,7253
2014-01-16,12.30811882019043,12.44386978166609,12.30811882019043,12.44386978166609,3181
2014-01-17,12.398622512817383,12.89637761076179,12.217620894405908,12.353371892443565,39285
2014-01-20,12.489120483398438,12.670122054416241,12.217617695329947,12.624871445890898,4727
2014-01-21,12.353371620178223,12.670125092729982,12.308121863885495,12.48912347830774,4547
2014-01-22,12.670123100280762,12.896375298500061,12.217618703842163,12.262869316102751,26002
2014-01-23,12.624874114990234,12.670124733082279,12.489123123797855,12.489123123797855,7279
2014-01-24,12.30811882019043,12.39861917347968,12.217617603817615,12.39861917347968,5336
2014-01-27,11.85561466217041,12.217617807530475,11.719862835347703,12.217617807530475,11058
2014-01-28,11.584113121032715,11.810365327056465,11.267359687365998,11.267359687365998,3987
2014-01-29,11.674613952636719,12.03661801460695,11.357861369381936,11.5388629688252,5478
2014-01-30,11.222108840942383,11.629363493810848,11.131608478258899,11.131608478258899,4758
2014-01-31,11.267359733581543,11.493611940533315,10.679104340740404,10.679104340740404,2403
2014-02-03,11.312609672546387,11.719863448141332,11.17685870170928,11.17685870170928,2322
2014-02-04,11.131608963012695,11.312610559345485,11.086358348158575,11.312610559345485,5664
2014-02-05,11.674613952636719,11.674613952636719,10.769605092336704,10.769605092336704,6155
2014-02-06,11.493612289428711,12.172368930888089,11.403111921751016,11.8556163493906,4923
2014-02-07,11.765114784240723,11.810365398335307,11.26735975536765,11.26735975536765,1935
2014-02-10,11.493612289428711,11.493612289428711,11.176859707931223,11.176859707931223,880
2014-02-11,11.584113121032715,11.765114713234981,11.312610301187481,11.312610301187481,6321
2014-02-12,11.312609672546387,11.719863448141332,11.312609672546387,11.674612836834422,4412
2014-02-13,11.086357116699219,11.176858336354691,11.086357116699219,11.176858336354691,4658
2014-02-14,11.357860565185547,11.448360926957422,11.041107141274871,11.08635775370263,5405
2014-02-17,11.222108840942383,11.448361042276574,11.041107252491761,11.041107252491761,3984
2014-02-18,11.674613952636719,11.765115183900203,11.131609154306933,11.765115183900203,1536
2014-02-19,11.719862937927246,12.217617914466679,11.13160760579747,12.217617914466679,12653
2014-02-20,11.176859855651855,12.08186872289221,11.176859855651855,12.08186872289221,8329
2014-02-21,11.131608963012695,11.629364000240635,11.131608963012695,11.629364000240635,3019
2014-02-24,11.674613952636719,11.674613952636719,11.08635853867519,11.674613952636719,11179
2014-02-25,11.719862937927246,12.12711669579275,11.31260918006174,11.31260918006174,6804
2014-02-26,11.538862228393555,11.62936345384971,11.176859052736237,11.176859052736237,3021
2014-02-28,11.674613952636719,11.674613952636719,11.176859769938675,11.222109522486711,6097
2014-03-03,12.036617279052734,12.217618867435041,11.403111288172832,12.17236825456855,76822
2014-03-04,11.765114784240723,12.262869813113797,11.44836134866231,11.991366991629969,27196
2014-03-05,11.674613952636719,11.946116783343465,11.629364200088682,11.765115183900203,7927
2014-03-06,11.584113121032715,12.036617533080214,11.493611893389746,12.036617533080214,12300
2014-03-07,11.493612289428711,11.765115118629202,11.403111921751016,11.765115118629202,18228
2014-03-10,11.448362350463867,11.584114204626736,10.860106905009362,10.905357523063651,8177
2014-03-11,11.40311050415039,11.67461243651487,10.995855879436482,10.995855879436482,17669
2014-03-12,11.357860565185547,11.674613126012577,11.08635775370263,11.674613126012577,10897
2014-03-13,11.222108840942383,11.674613243610764,11.222108840942383,11.493611655160143,10267
2014-03-14,11.131608963012695,11.719864366865183,10.950607366679906,11.719864366865183,48100
2014-03-18,11.267359733581543,11.674613533477999,10.995856912622681,11.674613533477999,26424
2014-03-19,11.493612289428711,11.674613887867805,11.312610690989617,11.674613887867805,18239
2014-03-20,11.493612289428711,11.719864503248504,11.22210946022822,11.22210946022822,8933
2014-03-21,11.629364967346191,11.900866952881811,11.222110262875233,11.71986534149681,11281
2014-03-24,11.538862228393555,12.353369805164345,11.538862228393555,12.353369805164345,17384
2014-03-25,11.312609672546387,11.765114059448242,11.222108449932566,11.765114059448242,17989
2014-03-26,11.357860565185547,11.674613126012577,11.222108727902267,11.629363376668463,15027
2014-03-27,11.538862228393555,11.674613203494136,11.222108802380664,11.312610027836818,17195
2014-03-28,12.398622512817383,12.534374373938839,11.493613557676206,11.538864178050023,12700
2014-03-31,11.99136734008789,13.077377794497979,11.403111929015173,11.448361681340996,12015
2014-04-01,12.127118110656738,12.489122164503673,11.991367129891442,11.991367129891442,11094
2014-04-02,13.213129997253418,13.303630367430717,12.30812111697808,12.624873707224214,39779
2014-04-03,13.122628211975098,13.52988201835069,12.760625020326502,13.52988201835069,42944
2014-04-04,14.072887420654297,14.208638399356882,12.48912197473367,12.534372588662423,30572
2014-04-07,15.385151863098145,15.475653101643996,14.253890696693869,14.480142929974724,107562
2014-04-09,14.615891456604004,15.74715243197842,14.615891456604004,15.74715243197842,85138
2014-04-10,14.480140686035156,14.66114313507751,13.891885315898435,14.615891659733279,40022
2014-04-11,14.208639144897461,14.480141979632311,13.846635940640141,14.480141979632311,13965
2014-04-15,13.620382308959961,13.891885115523728,13.575131697352061,13.575131697352061,11173
2014-04-16,13.213129997253418,14.163388631075543,13.077378147361882,13.620383820760575,10357
2014-04-17,13.122628211975098,13.439381651980387,12.760625020326502,13.077377597248102,13708
2014-04-21,13.756133079528809,13.756133079528809,13.213128337425864,13.710882468582659,11011
2014-04-22,13.665634155273438,14.118138586069463,13.57513292388075,13.756134523582418,22185
2014-04-23,13.34887981414795,13.89188543995692,13.34887981414795,13.575132014387744,9932
2014-04-24,13.34887981414795,13.34887981414795,13.34887981414795,13.34887981414795,0
2014-04-25,12.715373992919922,13.710883169185989,12.715373992919922,12.941626196128164,31924
2014-04-28,13.167878150939941,13.30362912507064,12.353369716904814,12.353369716904814,8532
2014-04-29,12.896374702453613,13.303628467809112,12.534371547267304,12.67012251469127,4692
2014-04-30,12.53437328338623,13.529882529577009,12.39862143407586,13.03212747493976,14891
2014-05-02,12.896374702453613,12.941625312622802,12.443870326928925,12.896374702453613,6722
2014-05-05,12.579623222351074,13.30363050677125,12.579623222351074,13.30363050677125,3003
2014-05-06,12.398622512817383,12.851126990387973,12.398622512817383,12.398622512817383,8770
2014-05-07,12.30811882019043,12.941624745549445,12.262868212004022,12.670121959514564,15861
2014-05-08,12.30811882019043,12.624871351328155,12.217617603817615,12.624871351328155,4453
2014-05-09,12.172369003295898,12.805875033143012,12.127118387646025,12.805875033143012,19144
2014-05-12,12.081868171691895,12.534372584667866,12.036617557777562,12.534372584667866,12559
2014-05-13,12.30811882019043,12.624871351328155,12.036616034155548,12.081866642341955,19206
2014-05-14,12.53437328338623,12.85112587227632,12.12711859853884,12.26287044784921,28102
2014-05-15,12.443870544433594,12.670122736150569,12.262868963676738,12.262868963676738,25002
2014-05-16,12.398622512817383,12.89637761076179,12.172370274032088,12.760626612724133,32516
2014-05-19,12.98687744140625,12.98687744140625,12.036617969069551,12.57962276534502,24827
2014-05-20,13.575133323669434,13.620383940698412,12.805875423428006,13.122628879547118,31829
2014-05-21,14.253890037536621,14.253890037536621,13.529882751902141,14.02763781471858,18533
2014-05-22,14.93264389038086,14.93264389038086,14.570640747362631,14.93264389038086,81030
2014-05-23,15.520899772644043,15.656650740394953,15.158896616585881,15.339899057698567,101801
2014-05-26,14.796894073486328,16.199657008633604,14.751642598250019,15.385149442220111,84427
2014-05-27,14.299139976501465,15.204147961764905,14.072887764414682,15.204147961764905,26953
2014-05-28,14.93264389038086,14.977893635945458,13.710881772298087,13.937133952455373,50507
2014-05-29,15.15889835357666,15.566153029662098,14.796895156038161,15.204148105956195,28034
2014-05-30,14.525391578674316,15.792405369377585,14.434891210112447,15.792405369377585,20486
2014-06-02,14.66114330291748,15.158897454231289,14.299139263772213,15.158897454231289,14552
2014-06-03,14.977893829345703,15.113646520126682,14.299138143193067,15.113646520126682,17364
2014-06-04,15.56615161895752,15.701902589960905,14.480140398595925,14.480140398595925,121077
2014-06-05,16.33540916442871,16.33540916442871,16.018657445683218,16.018657445683218,43700
2014-06-06,17.149919509887695,17.149919509887695,17.149919509887695,17.149919509887695,16053
2014-06-09,16.4259090423584,17.964424661690657,16.335407818956398,17.919173186906026,200591
2014-06-10,15.973405838012695,16.968915917046218,15.611402643682522,16.15440829826148,46013
2014-06-11,16.561664581298828,16.74266707801473,15.74715679841274,15.792408285675585,56813
2014-06-12,16.380659103393555,16.60691129618582,15.747152273108311,16.063905688250934,40244
2014-06-13,15.611404418945312,16.833166849139765,15.566154661821201,16.697415851599846,73759
2014-06-16,16.380659103393555,16.380659103393555,15.204146665173422,15.204146665173422,82590
2014-06-17,17.195165634155273,17.195165634155273,16.561658841377433,16.878412237766355,162442
2014-06-18,17.466670989990234,18.054928152908527,16.742664564168845,17.82867592906841,193328
2014-06-19,18.326425552368164,18.326425552368164,17.33091567095673,17.87392121774179,125605
2014-06-20,17.511920928955078,18.959935379302475,17.421419702151994,18.959935379302475,68473
2014-06-23,17.466670989990234,17.82867592906841,16.83316579893839,17.19516901184908,46629
2014-06-24,18.326425552368164,18.326425552368164,17.19516471580223,17.19516471580223,56676
2014-06-25,19.14093589782715,19.231437123642458,18.32642831782399,18.371678067647988,107625
2014-06-26,20.04594612121582,20.091197600407135,18.64318306346625,19.774444150737654,225533
2014-06-27,21.041454315185547,21.041454315185547,20.045944303427184,20.045944303427184,90489
2014-06-30,22.082216262817383,22.082216262817383,22.082216262817383,22.082216262817383,31359
2014-07-01,23.16822624206543,23.16822624206543,21.946463984303712,23.16822624206543,173912
2014-07-02,22.12746810913086,24.2994891056067,22.036966874659477,24.2994891056067,79350
2014-07-03,22.082216262817383,22.398969715133568,21.041456399064867,21.31295837181163,64916
2014-07-04,22.80622100830078,23.168224160175818,21.765459573180166,23.168224160175818,58200
2014-07-07,21.720212936401367,23.168227477394947,21.67496318325084,23.168227477394947,51128
2014-07-08,20.63420295715332,21.26770989995956,20.63420295715332,21.26770989995956,30830
2014-07-09,19.683940887451172,20.588949663885707,19.638691139096345,19.774442110328074,41558
2014-07-10,20.317447662353516,20.58894960402764,18.733682308197544,19.005184249871668,32907
2014-07-11,19.321937561035156,20.000694137702663,19.321937561035156,19.910192915580215,26053
2014-07-14,18.73368263244629,19.774442395100575,18.416929210899173,19.774442395100575,12611
2014-07-15,19.63869285583496,19.63869285583496,18.37167907713536,19.00518596648516,24332
2014-07-16,19.864944458007812,20.543701078766613,19.050435132163372,19.095686609247704,27383
2014-07-17,19.819692611694336,20.136446040714315,19.2766869799697,19.91019383800966,23282
2014-07-18,19.774444580078125,20.181697544637604,19.45769112353133,19.638693591891634,10157
2014-07-21,19.819692611694336,20.091196290640312,18.914683800875714,18.914683800875714,10760
2014-07-22,19.774444580078125,20.09119803662492,19.50294087753767,19.50294087753767,15451
2014-07-23,20.00069808959961,20.31745156653123,19.593443372663582,19.7291943695864,28847
2014-07-24,20.181692123413086,20.588946704742934,19.91019021997119,19.91019021997119,10448
2014-07-25,19.50294303894043,19.910197774801155,19.18619127345727,19.50294303894043,34237
2014-07-28,19.819692611694336,20.136446040714315,19.00518502719104,19.00518502719104,15400
2014-07-30,19.593442916870117,19.910196386433245,19.231439691441203,19.81969514853413,36285
2014-07-31,19.50294303894043,20.000699019011055,18.64318553436552,19.18619127345727,27915
2014-08-01,18.55268096923828,18.9146841551119,18.55268096923828,18.733683425258768,12255
2014-08-04,18.73368263244629,19.18618702718009,18.19067701353227,18.552680184085858,9770
2014-08-05,18.869436264038086,19.2314394855922,17.919175865520078,17.919175865520078,14690
2014-08-06,18.959936141967773,19.412440568017914,18.77893368108076,19.412440568017914,25458
2014-08-07,18.643184661865234,19.321941372422213,18.552683421890787,19.095689135569888,14611
2014-08-08,17.78342056274414,18.462177085949392,17.73817081833063,18.19067516713413,9901
2014-08-11,17.96442413330078,18.281177542807452,17.42141853502752,18.100175101327295,11474
2014-08-12,17.73817253112793,18.824182037421107,17.466668859929182,18.100175699892322,10109
2014-08-13,17.149919509887695,18.00967693742992,16.923667282718554,17.466671246990483,21540
2014-08-14,17.511920928955078,17.78342288319701,16.968915294303887,17.647671906076045,20420
2014-08-18,18.37167739868164,18.37167739868164,17.149916936248417,17.738172293376866,15053
2014-08-19,17.919172286987305,18.64318031167566,17.7381715754406,18.462177873961778,7438
2014-08-20,17.87392234802246,18.462177675002426,17.73817138428357,17.783421130140816,5732
2014-08-21,18.73368263244629,18.73368263244629,18.23592676253874,18.688431157272543,11504
2014-08-22,19.63869285583496,19.63869285583496,19.00518596648516,19.63869285583496,6700
2014-08-25,20.00069808959961,20.58895356037686,19.367191135736366,20.58895356037686,58267
2014-08-26,19.27668571472168,19.910192531180677,19.00518377976337,19.910192531180677,30526
2014-08-27,19.864944458007812,20.2269476438457,19.005185381246392,19.005185381246392,25661
2014-08-28,19.593442916870117,20.000697624332357,19.231439691441203,20.000697624332357,11898
2014-09-01,19.050434112548828,19.457688753674024,18.824181917738663,19.412439005178893,26282
2014-09-02,18.824182510375977,19.231437164322674,18.73368301053654,18.73368301053654,8356
2014-09-03,18.914682388305664,19.457687979478024,17.919172425517537,17.919172425517537,27255
2014-09-04,18.597932815551758,19.321940995038904,18.41693206530563,18.41693206530563,17646
2014-09-05,18.643184661865234,19.23144013244777,18.281181428135028,18.73368590183968,27779
2014-09-08,20.498449325561523,20.498449325561523,18.100176309752747,18.100176309752747,47020
2014-09-09,22.534719467163086,22.534719467163086,20.634200583534724,20.996205495591443,98691
2014-09-10,23.16822624206543,23.937484087779648,22.082214962684496,23.937484087779648,128787
2014-09-11,22.851476669311523,23.349230916195808,21.765465206441544,22.444221939193373,44918
2014-09-12,22.35371971130371,23.439729316291682,21.810714045726016,22.80622414492389,35398
2014-09-15,24.525737762451172,24.570987510023432,20.950952466891664,20.950952466891664,142529
2014-09-16,22.21796417236328,25.34024505740304,22.082213204789205,25.34024505740304,144870
2014-09-17,23.16822624206543,23.349226971184024,21.131956387851684,22.8062230576609,42901
2014-09-18,24.84248924255371,25.02348994493788,23.168222820039393,23.48497620692055,85353
2014-09-19,23.530229568481445,25.747501891362987,23.077725153702957,25.340247227595405,67973
2014-09-22,25.883251190185547,25.883251190185547,23.756480233566176,24.389987063594837,105856
2014-09-23,24.706743240356445,27.557522767154737,24.16373926017349,27.557522767154737,171363
2014-09-24,25.06874656677246,25.61175051167906,24.389989909471772,25.61175051167906,20036
2014-09-25,23.439725875854492,25.792748930540768,23.122972473579328,25.159242125990442,46419
2014-09-26,23.39447784423828,23.9827332194827,22.534718793072926,23.9827332194827,32961
2014-09-29,24.93299102783203,25.702248830798844,23.5302281189028,23.5302281189028,80597
2014-09-30,25.06874656677246,25.97375544317338,24.75199311479865,25.97375544317338,32656
2014-10-01,24.706743240356445,25.657003658011728,24.20898901646622,24.20898901646622,72306
2014-10-07,23.620731353759766,26.471508888865664,23.122975450063564,24.435238974337537,30017
2014-10-08,23.937480926513672,24.797238160161022,23.711228750369564,23.711228750369564,13799
2014-10-09,24.118486404418945,25.294998988882956,22.896724066238708,25.11399652168312,23358
2014-10-10,25.9737548828125,28.055274563160687,24.163737169060198,24.163737169060198,177856
2014-10-13,26.154754638671875,27.874271057086162,25.792751454716342,27.874271057086162,56012
2014-10-14,27.557519912719727,28.507778505778735,26.290506153751217,26.87876328162976,161416
2014-10-15,27.557519912719727,27.557519912719727,27.557519912719727,27.557519912719727,0
2014-10-16,25.06874656677246,28.37202862040233,24.887744101025298,27.55752097687499,70161
2014-10-17,25.204496383666992,25.973754238152473,23.93748436072068,24.7067404890388,26936
2014-10-20,25.113994598388672,26.20000586608322,24.52573921429051,25.79275120915593,26295
2014-10-21,24.299488067626953,25.792752331032176,23.982734623591323,25.792752331032176,14856
2014-10-22,24.75199317932129,25.249747372172344,24.38998997305075,24.435239726521775,9641
2014-10-27,24.706743240356445,25.611752175551445,24.570992245310705,25.340250185459965,40475
2014-10-28,24.84248924255371,25.52124576037029,24.11848125451577,24.4804843854512,19081
2014-10-29,25.430747985839844,25.521249212356604,23.756481336865388,24.525739173006876,19093
2014-10-30,25.747501373291016,26.78826116110668,24.797241085676202,25.249745491349735,43984
2014-10-31,26.154754638671875,26.83351125590125,25.566499248973216,26.24525586620259,37347
2014-11-03,25.657001495361328,26.60726010675095,24.932993372532053,24.932993372532053,29530
2014-11-05,26.83350944519043,27.28601382614193,24.435236571380933,25.52124777613142,73296
2014-11-07,25.61174964904785,27.96477299367138,25.521250145389835,27.96477299367138,25264
2014-11-10,25.883251190185547,27.15026312407563,25.521248027097986,26.154753130959406,40880
2014-11-11,25.883251190185547,26.06425190864571,25.430746804784288,25.79274996787185,15409
2014-11-12,27.874269485473633,29.412785088248935,25.43074683691945,25.56649780747792,262336
2014-11-13,27.331268310546875,29.412788001741625,26.74301116957811,27.64802003117016,61833
2014-11-14,27.557519912719727,28.77928046774777,27.150265243598795,28.010024333446374,74343
2014-11-17,26.471506118774414,28.055271442119892,26.019001740675705,26.5620073396276,35722
2014-11-18,26.019001007080078,27.150261920431383,25.792748824409816,26.426255626353413,29395
2014-11-19,26.1095027923584,27.01451154269202,25.79274938450819,26.245253759675002,29741
2014-11-20,25.15924644470215,26.562011259521775,24.88774446824285,25.928504346226784,33431
2014-11-21,24.887741088867188,25.747500107858585,24.344735483513002,24.887741088867188,14784
2014-11-24,24.16373634338379,26.245255952606318,23.620730702579156,26.245255952606318,19264
2014-11-25,23.48497772216797,24.842490845387687,23.077723094735173,23.93748209657454,17227
2014-11-26,23.66598129272461,23.846983754801197,22.7609724346765,23.30397809473885,25214
2014-11-27,23.75648307800293,24.34473850422475,23.30397863842192,23.620732091362115,24368
2014-11-28,25.430747985839844,26.60725875205577,24.25423549345659,24.435237946490115,48627
2014-12-01,24.208986282348633,25.2044963438656,24.02798382528469,24.88774290708738,21634
2014-12-02,23.66598129272461,24.706741134246457,23.30397809473885,23.98273473827493,14171
2014-12-03,24.570987701416016,24.8877411153908,23.439726741625524,23.439726741625524,32326
2014-12-04,24.570987701416016,24.570987701416016,24.570987701416016,24.570987701416016,0
2014-12-05,23.80173110961914,25.06874482972108,23.80173110961914,25.06874482972108,24291
2014-12-08,23.98273468017578,24.7519925528866,23.213476807464964,23.84698369703091,25305
2014-12-09,23.98273468017578,23.98273468017578,23.98273468017578,23.98273468017578,0
2014-12-10,23.349227905273438,24.208987013025418,23.0777259376504,23.16822716891388,5289
2014-12-11,23.303979873657227,24.435241032572627,22.89672516598067,23.213478635710487,4668
2014-12-12,22.670467376708984,23.530226337188488,21.946461102954647,23.349223905666342,27664
2014-12-15,22.172714233398438,23.168224197274256,21.90121230059921,23.168224197274256,4192
2014-12-16,20.860454559326172,22.353720632761632,20.81520480456585,22.172718161385365,10719
2014-12-17,20.181692123413086,20.90570007620315,18.597926992279014,20.63419644659425,12792
2014-12-18,22.444217681884766,23.16822576185456,20.000694943175894,20.000694943175894,27513
2014-12-19,22.308467864990234,23.03247598256406,21.94646466928702,22.217966634522583,17498
2014-12-22,21.584457397460938,22.625217035877906,21.267704013725233,22.08221148178342,11069
2014-12-23,20.272197723388672,22.036965656436568,19.683942321095167,21.448710254143062,66432
2014-12-24,19.819692611694336,21.041454851532936,19.502939182674353,20.362698243418972,29269
2014-12-26,20.362699508666992,20.724702710254252,19.683942858378092,19.729192611263716,16235
2014-12-29,21.448711395263672,22.172717817194883,20.45320127048265,20.45320127048265,27286
2014-12-30,21.855966567993164,22.217969815525294,20.86045634265407,20.86045634265407,8375
2014-12-31,21.720212936401367,21.991714907639413,20.996206528988296,21.629711703932877,8089
2015-01-01,21.99171257019043,22.127465267548043,21.674960879468674,22.127465267548043,3587
2015-01-02,22.57996940612793,23.530227920127736,20.996204065350103,21.629709165960893,38648
2015-01-05,27.014514923095703,27.059764675807735,22.444219126316383,22.444219126316383,288791
2015-01-06,24.93299102783203,26.833509798053786,23.98273250580478,26.833509798053786,167642
2015-01-07,27.014514923095703,28.01002501826716,24.435239316659295,25.611750148846294,122359
2015-01-08,28.055274963378906,29.231785803634278,27.19551584661484,27.467019543251222,227342
2015-01-09,33.666324615478516,33.666324615478516,28.05526993750972,28.824527684255507,1304801
2015-01-12,34.0283317565918,35.20484603651241,31.675310101420223,34.661838649087166,584673
2015-01-13,37.195865631103516,37.42211786353683,33.6663328765448,33.6663328765448,712250
2015-01-14,34.93334197998047,38.59863076805837,34.661840001839316,38.59863076805837,249478
2015-01-15,38.010372161865234,38.41762683978076,35.295345578874866,35.295345578874866,394237
2015-01-16,41.8114128112793,41.8114128112793,36.471858800198255,38.46287911546585,547226
2015-01-19,45.974449157714844,45.974449157714844,42.53541619812096,42.89742112116655,940882
2015-01-20,43.71193313598633,47.7844735546,43.71193313598633,46.96996754227844,370658
2015-01-21,41.5399055480957,43.30466995672835,41.5399055480957,41.81140749924422,214150
2015-01-22,39.503639221191406,39.503639221191406,39.503639221191406,39.503639221191406,17711
2015-01-23,38.689125061035156,41.08739969136645,37.55786409433822,38.41762311949479,369734
2015-01-27,37.241119384765625,39.27738950648181,36.788614913273136,38.281877597797255,128912
2015-01-28,35.38584899902344,37.82937388452591,35.38584899902344,37.82937388452591,94986
2015-01-29,37.15061569213867,37.15061569213867,33.756832222351306,34.66184114762794,109781
2015-01-30,37.15061569213867,39.00588329848875,36.38135948658756,39.00588329848875,321479
2015-02-02,35.883602142333984,37.10536270409592,35.65734993072364,37.0601129522408,98117
2015-02-03,37.64836502075195,37.64836502075195,34.70708639562025,35.52159570351365,259394
2015-02-04,36.24560546875,39.45838634795143,35.97410349135769,39.45838634795143,126129
2015-02-05,34.797584533691406,37.0601062400129,34.43557967974631,35.431091301928255,93632
2015-02-06,33.123329162597656,35.47635471523345,33.07807940150255,34.84284770289552,63536
2015-02-09,31.765810012817383,33.48532824982334,31.4943080417993,33.48532824982334,60065
2015-02-10,33.349571228027344,33.349571228027344,30.49879572227121,30.49879572227121,106307
2015-02-11,34.97859191894531,34.97859191894531,33.39482650001853,34.299835310833835,124979
2015-02-12,36.6981086730957,36.6981086730957,36.6981086730957,36.6981086730957,17943
2015-02-13,38.508121490478516,38.508121490478516,37.15060837011616,38.508121490478516,213497
2015-02-16,36.60760498046875,40.227640015326784,36.60760498046875,40.227640015326784,173935
2015-02-18,36.60760498046875,38.37237275042893,35.11433914765604,36.200350348580336,185496
2015-02-19,35.83834457397461,37.3316103696962,35.069088529108555,37.3316103696962,23372
2015-02-20,34.66183853149414,36.2456040311921,34.07358484586435,36.2456040311921,73997
2015-02-23,34.435585021972656,35.92885096073899,33.93783085982877,34.88808943343704,39662
2015-02-24,33.39482498168945,34.43558299540717,32.80656790047135,33.03282009288839,50450
2015-02-25,33.123329162597656,34.209340690557596,32.35407286697441,33.98308843274659,54511
2015-02-26,31.539554595947266,32.94232096654273,31.49430484742295,32.58031607367916,64420
2015-02-27,33.078067779541016,33.078067779541016,31.222800607804963,32.17305906627131,22637
2015-03-02,33.39482498168945,33.937828862556565,33.03282009288839,33.0780698409049,39792
2015-03-03,31.765810012817383,34.661839092458266,31.76581001281738,33.48532824982334,69256
2015-03-04,30.54404640197754,32.12781177096897,30.227294709113064,31.22280298868815,66027
2015-03-05,29.50328826904297,31.22280653141731,29.096037032675024,30.317797646448692,58633
2015-03-09,27.150266647338867,29.68429084395684,26.833513191219755,29.68429084395684,92815
2015-03-10,29.729537963867188,29.865290666010175,27.512267419818336,27.738519621833564,125071
2015-03-11,31.2680606842041,32.48982492219886,29.910547165766857,30.725056657763368,90517
2015-03-12,31.2680606842041,32.48982492219886,30.317801911765113,30.453554644542997,30367
2015-03-13,29.729537963867188,31.222803878101548,29.231783809900612,31.222803878101548,37117
2015-03-16,27.69327163696289,29.865292569512103,27.15026597228373,29.27703542584535,75234
2015-03-17,30.136795043945312,30.31779751059495,27.602770867855106,27.602770867855106,48833
2015-03-18,31.811059951782227,32.127811643388874,29.18653311265609,30.13679163981055,74501
2015-03-19,31.811059951782227,33.032820422075886,31.13230336776697,32.03731214645398,60943
2015-03-20,31.85630989074707,32.489816730083184,30.770298659361522,31.268052800148993,76179
2015-03-23,31.40380859375,32.30881746704346,31.22280612862433,31.494308100145396,56615
2015-03-24,31.40380859375,31.946812536792123,30.860801198373,30.860801198373,68926
2015-03-25,31.9920654296875,32.30882063782746,30.77030471177182,30.86080422704883,84392
2015-03-26,31.44905662536621,32.71607035955225,31.08705171493172,31.222804419428325,53190
2015-03-27,31.313302993774414,32.2183117907313,30.498797147913965,31.630058144110073,62049
2015-03-30,32.580322265625,32.80657450358073,30.951306842810784,32.03731827546532,32052
2015-03-31,31.358564376831055,33.12332922945037,31.04180914385505,32.08257091282045,8624
2015-04-01,34.4808349609375,34.4808349609375,31.087051856422597,31.087051856422597,97072
2015-04-06,37.195865631103516,37.919875536758205,33.93783486499777,35.92885520087798,480056
2015-04-07,35.15959167480469,37.82936841454907,34.4355853010608,36.60760787462718,80145
2015-04-08,37.195865631103516,40.499149605564,34.93334330677033,34.93334330677033,140165
2015-04-09,36.290855407714844,39.72989197997847,35.3858465102423,37.46736973629712,99464
2015-04-10,37.557865142822266,38.46287394144449,36.15510219542474,36.47185389400868,78593
2015-04-13,37.8746223449707,39.32263870457839,37.557870600359536,38.010375065424114,60289
2015-04-15,38.14612579345703,39.27738689703126,37.874620366731286,37.91987357274218,65695
2015-04-16,35.883602142333984,38.734377937223414,34.345086412916714,38.01037155053728,48389
2015-04-17,35.74784469604492,37.51261240315198,34.66183353379948,36.10984956757151,41202
2015-04-20,34.842838287353516,37.105360254064784,34.34508414514394,36.83385830852634,24537
2015-04-21,34.75234603881836,35.47635252872389,34.39034106769796,34.39034106769796,29039
2015-04-22,34.073585510253906,35.25009635678868,32.85182145812039,34.57133970082613,22097
2015-04-23,34.25458908081055,35.02384879798409,33.93783731348549,33.983087072769735,5766
2015-04-24,32.8518180847168,35.747846876577306,31.67530735899255,33.84732981597156,22461
2015-04-27,30.906051635742188,32.716069220211196,30.770298935973187,32.716069220211196,42978
2015-04-28,31.539554595947266,32.80656826863527,30.815548262554636,32.80656826863527,13077
2015-04-29,30.6798038482666,31.67531228190679,29.9557939485264,31.67531228190679,33134
2015-04-30,31.63006019592285,32.0373148714386,30.046294698510895,30.725051340258876,24760
2015-05-04,34.0283317565918,34.34508692900689,32.5803189614608,33.03282339148109,28478
2015-05-05,33.892578125,34.93333610833137,33.48532350007278,34.93333610833137,24665
2015-05-06,31.94681167602539,33.75682937384366,31.675309711819608,33.75682937384366,10746
2015-05-07,31.13230323791504,32.39931345139148,30.815548095295053,30.951300792465688,21697
2015-05-08,31.811059951782227,32.39931358652807,31.222802864701865,31.222802864701865,17308
2015-05-11,38.14612579345703,38.14612579345703,32.62556953661384,32.62556953661384,224773
2015-05-12,36.51710891723633,40.63490230752262,35.52160047591541,40.27289735485951,234340
2015-05-13,37.37685775756836,38.41761911950057,36.65285150473184,37.10535584429643,63837
2015-05-14,35.74784469604492,37.557862149009225,35.431093022709895,37.37685971324593,24344
2015-05-15,35.295345306396484,36.47185612614274,34.8428408793914,34.8428408793914,35953
2015-05-18,35.295345306396484,35.747849733401566,34.57133891365531,35.25009555416294,21826
2015-05-19,37.241119384765625,39.27738950648181,34.480839346793346,34.797594548239175,76293
2015-05-20,36.426605224609375,37.965120918351744,35.74784860551728,37.965120918351744,53277
2015-05-21,36.60760498046875,37.28636154950463,35.92884841143287,36.33610304332129,25440
2015-05-22,35.61208724975586,37.105352829943214,35.385835098353766,36.20034422433484,19236
2015-05-25,36.87910461425781,37.286359220710324,35.4310920716869,35.4310920716869,51293
2015-05-26,36.15510177612305,38.462873495378865,35.74784713099918,37.105360313189024,42579
2015-05-27,35.702598571777344,36.562357639614234,35.11434145895877,36.47185468638502,20710
2015-05-28,35.25009536743164,36.87911060555355,34.933340198805155,36.87911060555355,32776
2015-05-29,35.069091796875,36.15510307201936,34.61658738659274,35.25009425145484,30200
2015-06-01,34.797584533691406,35.657343472560406,34.571332363059255,35.612090276566654,16043
2015-06-02,33.71158218383789,35.38584730062468,33.12332500640738,34.84284333094654,18093
2015-06-03,31.087047576904297,33.4853220215431,28.553023898173283,33.3948225321483,41276
2015-06-04,30.63454818725586,32.942323516298984,30.227296966680985,32.942323516298984,36597
2015-06-05,31.539554595947266,32.444563375771686,30.182041426210635,32.12781168376695,20953
2015-06-08,31.13230323791504,32.535066148562116,30.906051044186977,32.535066148562116,6588
2015-06-09,31.13230323791504,31.675307121928586,30.634545649845705,31.17755298619375,23050
2015-06-10,31.494306564331055,32.44456514448302,30.996552398759523,32.44456514448302,10583
2015-06-11,30.63454818725586,32.03731466642632,29.593790081303162,30.99655310813884,31316
2015-06-12,30.408296585083008,31.222805947249547,29.86529264519522,30.317797079213328,12996
2015-06-15,30.725048065185547,31.222802192276692,30.408292928066135,30.408292928066135,6446
2015-06-16,30.77030372619629,31.630062903130558,29.593792803602863,30.046297270164573,18469
2015-06-17,31.85630989074707,32.53506647882122,30.679799161885448,30.679799161885448,36632
2015-06-18,31.675310134887695,32.53506924330161,31.2228057043893,31.2228057043893,32058
2015-06-19,31.584808349609375,32.3088146956737,31.22280345040992,32.3088146956737,19879
2015-06-22,32.21831512451172,32.53507030762353,31.358559440307385,32.082565862322326,22850
2015-06-23,33.123329162597656,34.11884116836739,31.81106882916218,31.81106882916218,41550
2015-06-24,32.08256149291992,33.48532439184096,31.72055660504731,32.580315624493906,12267
2015-06-25,36.33610534667969,37.28636391310026,32.44456467565363,32.94232228636719,178154
2015-06-26,43.349918365478516,43.57617054180704,36.01934578103386,36.92435448634795,802342
2015-06-29,46.517459869384766,48.598979694937924,37.10536572035954,41.177905860399,711008
2015-06-30,44.20967483520508,48.28221409769483,43.440418799890736,46.69844882894882,502415
2015-07-01,45.61244201660156,47.5129589954873,43.03316502830305,43.621422092038074,245048
2015-07-02,43.12367248535156,47.51296396604255,42.671168066627345,45.97444825191327,170660
2015-07-03,42.62590789794922,45.11468179427465,42.128153809150966,43.802421956261306,95161
2015-07-06,43.62142562866211,45.702945215328974,41.67565529301622,42.08290995074846,139900
2015-07-07,45.15993881225586,46.879453396556826,43.62142321931908,44.119177350239504,291309
2015-07-08,43.48567581176758,46.517457618495996,43.16892408602553,45.205194057514134,120772
2015-07-09,42.897422790527344,45.29569427894542,42.35441538482773,44.164433165823226,63418
2015-07-10,42.7164192199707,44.345434490374636,42.53541675607363,42.98792118964888,25413
2015-07-13,43.21417236328125,44.97894030209162,42.30916351797693,42.76166794062909,46711
2015-07-14,42.98792266845703,44.11918379131116,42.67117093499186,43.89293156674034,35409
2015-07-15,42.671165466308594,43.89292594147777,42.309160572455376,43.440421550328516,44706
2015-07-16,41.85666275024414,43.34992885632201,41.49465779957827,43.214176136738544,27884
2015-07-17,41.85666275024414,43.34992885632201,41.630410519161735,41.72091003066067,49583
2015-07-20,42.17340850830078,43.168920255198486,41.7661573120106,42.53541340759715,35658
2015-07-21,40.81590270996094,42.535421114679956,40.544400712461936,42.08291663473655,118566
2015-07-22,40.86115264892578,41.44940635436192,39.91089055524407,41.1326546246913,56053
2015-07-23,42.30916213989258,42.987918751762514,41.13265136978496,41.177901120109354,78696
2015-07-24,46.517459869384766,46.517459869384766,42.1281645359412,42.309167010409965,254221
2015-07-27,51.13299560546875,51.13299560546875,45.52194052997696,46.155447360688605,746906
2015-07-28,52.71676254272461,55.65804113952898,49.77548394592023,53.30501964301932,624204
2015-07-29,55.34129333496094,55.34129333496094,52.35476132618728,52.626266746864765,503181
2015-07-30,52.58101272583008,55.97479590828043,52.58101272583008,55.92954615631471,204190
2015-07-31,50.13749313354492,52.35476211885927,49.95649066779776,50.40899510599822,145013
2015-08-03,51.63075256347656,52.62626433828382,48.77997684784982,49.86598467151638,325694
2015-08-04,50.6352424621582,52.083255144400546,49.95648587004438,51.178246354915444,59059
2015-08-05,48.96097946166992,52.40001599806457,48.55372822392286,50.635247975932565,79605
2015-08-06,48.96097946166992,50.544745015728274,47.51296662175054,49.775488841833905,58242
2015-08-07,48.282222747802734,49.32298434894378,47.7844685503446,49.006232619379944,35698
2015-08-10,50.1827392578125,50.68049341336974,48.10121968308746,48.10121968308746,161322
2015-08-11,47.92021179199219,50.68048766166986,47.69395961493116,50.68048766166986,86396
2015-08-12,46.47220230102539,50.273240098877515,46.15545058967719,46.788957464708325,191647
2015-08-13,46.60795974731445,48.508477113358296,46.155455283748296,47.78447066211945,48538
2015-08-14,46.78895568847656,48.417970839332995,46.15544883749501,46.20069858706485,45168
2015-08-17,44.70743942260742,46.60795666287822,44.48118720579733,45.74819754853292,37842
2015-08-18,45.34093475341797,45.8839420479844,44.43592604814149,45.11468257709885,50742
2015-08-19,47.55821990966797,47.6034696669651,44.70744377192683,44.70744377192683,136040
2015-08-20,45.25043869018555,48.05596450804325,45.20518894196226,48.05596450804325,83063
2015-08-21,44.02867889404297,44.75268523359635,42.98791740745498,43.44042180121766,52025
2015-08-24,41.85666275024414,41.85666275024414,41.85666275024414,41.85666275024414,6635
2015-08-25,39.77513885498047,39.77513885498047,39.77513885498047,39.77513885498047,1657
2015-08-26,37.82936477661133,38.96062570565075,37.82936477661133,37.82936477661133,129664
2015-08-27,37.557865142822266,38.68912614110005,35.974099745233374,38.010369542133375,89310
2015-08-28,36.51710891723633,38.77963124054305,36.290856684905656,38.14612775188523,61554
2015-08-31,35.5215950012207,37.37686232992583,34.97859110825051,36.109852095550536,86932
2015-09-01,33.75682830810547,35.29534399314541,33.75682830810547,35.29534399314541,111987
2015-09-02,33.71158218383789,34.84284333094654,32.26356929647283,33.98308416867696,77770
2015-09-03,35.34059524536133,35.38584499783396,32.85182088368328,35.15959278313596,202579
2015-09-04,33.57582473754883,34.57133647823072,33.57582473754883,34.57133647823072,31664
2015-09-07,32.580322265625,34.20933768843921,32.03731827546532,32.580322265625,78722
2015-09-08,32.716068267822266,33.168572650766784,30.99655023169932,32.218310684715725,60945
2015-09-09,33.349571228027344,33.53057366942482,32.58031516750611,32.71606786163782,48491
2015-09-10,33.75682830810547,34.11883321717416,32.21831262306553,32.85181948776841,26937
2015-09-11,33.39482498168945,34.571335691791184,32.761318152454834,34.39033324739066,29519
2015-09-14,32.62556076049805,34.20932587947692,32.26355937613184,33.12331482171033,42435
2015-09-15,31.85630989074707,32.987570870870655,31.49430499617371,31.85630989074707,25595
2015-09-16,31.72056007385254,32.12781475416099,30.860800960386893,31.584810815306287,16906
2015-09-18,32.35406494140625,33.213824000945515,31.720558084254446,32.535067393783144,28333
2015-09-21,32.987571716308594,33.485325869853,31.72055800516409,31.946810206987422,24547
2015-09-22,33.349571228027344,34.52608537094371,32.58031516750611,33.66632636355653,33653
2015-09-23,34.20933532714844,34.66183977182589,32.127815572099145,32.21831508010066,47127
2015-09-24,34.4808349609375,35.47634674299602,33.3043241751726,34.29983595723113,39319
2015-09-28,33.530582427978516,35.25010089190985,33.078077932452935,34.390341659944184,20458
2015-09-29,33.80207443237305,34.25457879399697,32.1730594209938,32.1730594209938,11511
2015-09-30,33.666324615478516,34.84283524497175,33.48532218347935,33.666324615478516,15602
2015-10-01,33.03282165527344,34.84283928021993,32.53506749888008,33.03282165527344,26380
2015-10-05,34.16408920288086,34.390341449257555,32.580323478244,32.580323478244,31861
2015-10-06,37.557865142822266,37.557865142822266,33.575825047950644,33.575825047950644,139862
2015-10-07,38.96063232421875,39.82039146681005,36.788613042884634,36.788613042884634,91159
2015-10-08,38.46287536621094,39.82038861443014,37.73886899096097,39.18688174146091,31197
2015-10-09,38.82487487792969,41.947152152534,38.05561540623901,39.820383073842045,77653
2015-10-12,37.64836502075195,39.820387540244596,37.241113819139876,39.09638118452526,38436
2015-10-13,37.64836502075195,38.010369924778935,37.1053611170461,37.55786552091252,15185
2015-10-14,37.37685775756836,38.10086401040488,36.65285150473184,37.10535584429643,35086
2015-10-15,36.562355041503906,38.372372549452926,36.01934771771855,36.60760478873575,20670
2015-10-16,36.06460189819336,37.01486396854514,35.88360288701668,36.6528590415221,18591
2015-10-19,36.426605224609375,37.10536184370148,34.88808953086701,34.88808953086701,25105
2015-10-20,36.15510177612305,37.78411690428395,35.52159493396754,37.78411690428395,14556
2015-10-21,35.74784469604492,36.9696050958621,34.84283596956277,35.385839824518335,12221
2015-10-23,34.797584533691406,37.1958554709917,34.39032993608671,37.1958554709917,25259
2015-10-26,33.892578125,36.471851662315096,33.75682543257947,36.38135216892433,12342
2015-10-27,34.39033126831055,35.204840495072666,33.84732741869199,33.937826909516986,15795
2015-10-28,34.888092041015625,36.10985611468641,34.299838333545935,35.11434426365818,21050
2015-10-29,38.010372161865234,38.37237708719788,34.39033671787807,34.93334065354222,114601
2015-10-30,37.965126037597656,38.41763051134176,36.65286237327271,38.41763051134176,76227
2015-11-02,39.322628021240234,40.272886449238584,36.924353627037306,38.82487393536816,61035
2015-11-03,38.05562210083008,39.68463736813563,37.82936988447278,38.50812653354467,21436
2015-11-04,36.65285110473633,38.01036410861545,36.47184868041896,38.01036410861545,28564
2015-11-05,36.87910461425781,37.37685870999567,36.20034808761503,36.24559783225771,25498
2015-11-06,36.15510177612305,37.648364205131145,35.74784713099918,36.245601274001885,11624
2015-11-09,36.15510177612305,36.65285591912574,33.84733005686722,35.88359983015199,24101
2015-11-10,35.38584899902344,37.060117648504395,34.93334451846132,35.74785396440721,11729
2015-11-13,34.842838287353516,36.65285586072253,34.20933144620745,35.74784707403802,26086
2015-11-16,36.24560546875,36.65286016100594,34.978595090140885,34.978595090140885,20423
2015-11-17,39.503639221191406,42.80691958087727,36.10985590158166,36.38135787668346,295940
2015-11-18,39.45838165283203,42.037658761990386,38.55337286765392,40.18239144284215,123033
2015-11-19,39.77513885498047,40.815896940330276,38.9153797741543,40.00139106296974,32613
2015-11-20,39.23212814331055,41.53990323013363,38.59862477675891,39.367880837476996,38386
2015-11-23,39.77513885498047,40.58964473234101,39.09638223101266,39.09638223101266,21382
2015-11-24,39.367881774902344,40.95164713366278,39.096379832438885,39.54888422065615,43946
2015-11-26,38.55337142944336,40.27288943807,38.4628719352354,39.594132874507025,41449
2015-11-27,38.417625427246094,39.4131337568059,38.01037076430446,38.37237567632695,25463
2015-11-30,38.508121490478516,39.32263074362968,38.19136980999439,38.9153761170541,16278
2015-12-01,38.598628997802734,40.725398423425474,38.46287628879073,40.227644244272796,41171
2015-12-02,37.82936477661133,39.45837982396122,37.19585796588238,38.96062570565075,23436
2015-12-03,36.6981086730957,39.36788550715108,36.33610719960326,39.36788550715108,40286
2015-12-04,36.290855407714844,37.73887171507189,36.10985639008831,36.92436232641261,23838
2015-12-07,36.38135528564453,39.41313345430879,35.97410062582859,37.241114355848254,20254
2015-12-08,35.43109893798828,37.105363980567745,34.97859449920087,36.20035510299292,22612
2015-12-09,34.93334197998047,36.20035581441912,34.93334197998047,35.47634938859773,34678
2015-12-10,35.883602142333984,36.245603609509665,35.159592303313076,35.295345011213186,15758
2015-12-11,36.20035171508789,36.83385856056884,36.20035171508789,36.83385856056884,44963
2015-12-14,35.38584899902344,37.060117648504395,35.114347001153206,36.29085796014767,34345
2015-12-15,36.65285110473633,38.100863594607084,35.74784243548358,37.01485595337107,29524
2015-12-16,37.241119384765625,40.18239844946678,36.20035771939885,36.652862190891334,68212
2015-12-17,37.241119384765625,37.82937312630477,36.426609955145096,37.557871133876304,22263
2015-12-18,37.51261520385742,38.91537814416868,37.24111325610921,37.55786495309303,41947
2015-12-21,37.46736526489258,38.01036915763932,37.33161256553861,37.91986965962638,15203
2015-12-22,37.014869689941406,37.69362644377406,36.562365187386305,37.64837323165025,15807
2015-12-23,37.46736526489258,38.64387600073355,37.28636281653215,37.55786476290552,27332
2015-12-24,37.64836502075195,38.417624578725636,37.286363569059596,38.417624578725636,36566
2015-12-28,43.66667938232422,45.15994544679883,37.512619558805625,38.01037376285217,633203
2015-12-29,40.318138122558594,42.98791455934252,39.91088350468743,42.98791455934252,190177
2015-12-30,42.17340850830078,43.847676852128224,40.091888968183156,40.7253958157845,214587
2015-12-31,41.94715881347656,44.79793807170051,41.40415488445047,42.1734110259599,121544
2016-01-01,42.444915771484375,43.25942165214101,41.99241135367467,42.21866356257952,62917
2016-01-04,40.90639877319336,43.34992324293819,40.318141667618534,42.17340903178854,47422
2016-01-05,41.223148345947266,42.354409296452594,40.72539421819181,40.72539421819181,26589
2016-01-06,40.4991455078125,42.12816072603969,40.36339280115409,42.08291097459846,22319
2016-01-07,38.77962875366211,40.18239526602297,38.23662481182458,39.36788590093182,33090
2016-01-08,39.59413146972656,40.4991401890346,39.096377364574,39.63938121522511,24808
2016-01-11,38.55337142944336,39.458380180860665,38.1461202531731,38.91537631094405,15561
2016-01-12,37.73887252807617,40.45389927898331,37.331617824973094,38.91538342966892,53980
2016-01-13,36.60760498046875,38.50812199283544,35.3858410848035,38.010367866009354,95429
2016-01-14,35.83834457397461,37.060108439292556,35.747845081284844,35.747845081284844,50301
2016-01-15,34.29983901977539,36.38135881926446,33.57582913096614,36.38135881926446,53321
2016-01-18,33.25907516479492,34.84284064883278,32.942323448921265,34.84284064883278,42134
2016-01-19,33.25907516479492,34.29983672095371,31.811062388894225,32.62556828071283,37988
2016-01-20,32.08256149291992,33.032820008167434,31.041800029537022,32.851817564231126,43332
2016-01-21,32.127811431884766,33.93782897734307,31.765806541859313,33.39482509463937,38644
2016-01-22,31.765810012817383,33.349575538146865,31.403808535571564,31.901562724493854,23982
2016-01-25,32.4445686340332,33.07807557304909,30.091546806071424,31.22280796419441,13078
2016-01-27,32.53506851196289,33.03282268385541,31.765808926006503,32.127813843201835,16248
2016-01-28,32.35406494140625,33.30432350096664,32.30881519139569,33.03282154856862,5789
2016-01-29,32.48982238769531,32.94232685854157,31.675312959237996,31.856315438043524,5218
2016-02-01,33.03282165527344,33.48532606151006,32.67081674935028,32.67081674935028,12291
2016-02-02,32.4445686340332,33.621083000349174,31.946814414926106,32.6708208656578,25933
2016-02-03,32.08256149291992,33.34957169580511,31.811059553182698,32.580315624493906,5069
2016-02-04,31.765810012817383,33.304325785032994,31.4943080417993,31.992062230721594,11311
2016-02-05,31.313302993774414,32.12781229196944,31.22280349501256,31.494305443632708,6598
2016-02-08,30.906051635742188,31.720557477352504,30.13679209094212,31.22280333209044,8422
2016-02-09,29.910541534423828,31.449057256125705,29.684289323948104,30.679801121442143,16569
2016-02-10,28.055274963378906,30.67980206669346,26.969263629168235,30.67980206669346,56157
2016-02-11,26.381006240844727,29.593788524592366,25.79275086460475,29.141284123458952,29941
2016-02-12,28.055274963378906,28.960283833165324,27.150266093592492,28.960283833165324,43306
2016-02-15,30.996549606323242,32.03731104703136,28.236273616519,28.236273616519,30550
2016-02-16,30.77030372619629,31.811065380222264,29.729542072170315,31.811065380222264,50319
2016-02-17,29.548540115356445,31.22280509456593,28.96028298626405,30.046294288715906,18413
2016-02-18,29.18653678894043,30.634549636294967,29.0507840741044,29.865293458450672,7937
2016-02-19,29.639039993286133,30.317796634353755,27.693271300792432,29.05078285676027,13213
2016-02-22,29.86528778076172,30.31779214107629,28.960279060132574,28.960279060132574,5502
2016-02-23,29.141284942626953,29.86529131432548,29.005532237537047,29.86529131432548,5968
2016-02-24,28.055274963378906,28.960283833165324,27.693271760697826,28.960283833165324,10342
2016-02-25,28.553030014038086,28.824533718878083,27.783773832410127,28.055275811082645,11579
2016-02-26,27.467018127441406,28.960282340383987,27.240765921657157,28.1005232679369,6467
2016-02-29,27.557519912719727,28.91503317489967,27.150265243598795,27.150265243598795,10724
2016-03-01,28.507780075073242,28.688782543794666,27.240767972525703,27.286017726622322,8306
2016-03-02,29.82004165649414,30.091543615186776,28.73403036938888,28.73403036938888,11840
2016-03-03,29.548540115356445,30.182043543813162,29.18653519709424,29.412787407924426,7998
2016-03-04,29.86528778076172,30.31779214107629,29.458033166011745,30.31779214107629,9036
2016-03-08,29.593788146972656,30.0915422914011,29.593788146972656,30.0915422914011,2721
2016-03-09,29.096033096313477,29.458034529925307,28.96028040100001,29.277032086952165,3683
2016-03-10,29.86528778076172,30.046290215354404,29.458033166011745,29.503282911576342,11917
2016-03-11,29.005531311035156,30.091542560060656,28.779279111335452,29.639038160661247,12060
2016-03-14,29.096033096313477,29.412784782265636,28.96028040100001,28.96028040100001,3811
2016-03-15,28.23627471923828,29.32228594927332,27.829020076433327,29.32228594927332,26779
2016-03-16,27.421768188476562,28.010025337440656,27.15026621677578,28.010025337440656,14222
2016-03-17,27.64801788330078,28.191023503305455,27.421765685479443,27.91952155638676,6128
2016-03-18,27.105016708374023,28.96028422614442,26.78826325441708,27.512269669603707,24528
2016-03-21,27.059762954711914,27.512267357721033,26.335756600364245,27.467017607887044,16763
2016-03-22,28.507780075073242,30.091545634799534,26.69776229252891,26.788263526889622,271360
2016-03-23,27.7385196685791,28.96028190675374,27.42176623999052,28.553027251973088,89417
2016-03-28,26.78826332092285,28.462530102136927,26.47150986617952,27.69327220523668,15307
2016-03-29,27.059762954711914,27.648018333390308,25.56649877001528,26.290505124362948,35846
2016-03-30,29.639039993286133,31.49430745507067,26.74301096759732,27.150265642704852,273081
2016-03-31,28.01002311706543,29.86529047100972,27.91952189161679,29.86529047100972,62757
2016-04-01,29.277034759521484,29.820042138009615,27.91952321797069,27.91952321797069,33089
2016-04-04,32.399322509765625,34.29984353983977,28.281532123108168,28.960288894062764,182631
2016-04-05,38.87013244628906,38.87013244628906,32.399317513454555,32.580319981597086,1121079
2016-04-06,36.60760498046875,39.5488834462909,36.29084984351801,39.5488834462909,306710
2016-04-07,34.97859191894531,37.55786564883507,34.842839216389166,37.55786564883507,52894
2016-04-08,35.702598571777344,37.33161375422191,34.39033509479837,34.933339004835005,55771
2016-04-11,34.888092041015625,36.47185759951354,34.39033784166898,35.34059648630074,29815
2016-04-12,36.20035171508789,37.87461660097688,34.88808827494904,34.88808827494904,31905
2016-04-13,35.74784469604492,37.0601080399109,35.431093022709895,36.10984956757151,47028
2016-04-18,35.114341735839844,37.014862340623246,34.57133782152155,35.29534419139084,35422
2016-04-20,35.56684112548828,38.01036529949402,35.02383728785776,35.34058895108653,93626
2016-04-21,36.06460189819336,36.60760928872793,35.38584524927629,35.65735067071099,22807
2016-04-22,35.883602142333984,37.10536270409592,35.52159722282353,37.10536270409592,15752
2016-04-25,35.7931022644043,36.83386390824862,34.93334309588096,36.83386390824862,16587
2016-04-26,36.109859466552734,36.83386595574721,35.114347523116976,35.204850491975826,38413
2016-04-27,35.56684112548828,36.924354171898784,34.61658268346777,36.51709956750879,17554
2016-04-28,34.39033126831055,36.56235357145334,34.11882934350127,35.88359703326301,34425
2016-04-29,34.345088958740234,35.11434515430246,33.30432732725249,34.390338713949475,61277
2016-05-02,34.0283317565918,34.34508692900689,33.48532782150138,33.48532782150138,14539
2016-05-03,33.349571228027344,35.023839495535945,33.123319039364105,35.023839495535945,29393
2016-05-04,33.485328674316406,34.164085336633626,32.98757447908409,33.530578428003906,11037
2016-05-05,33.123329162597656,33.937838671651484,33.03282964040744,33.937838671651484,7939
2016-05-06,33.39482498168945,34.84283763222474,33.304322033321945,33.48532447772248,22914
2016-05-09,34.435585021972656,35.29534409422192,33.62107915273757,34.16408306556096,31343
2016-05-10,34.52608871459961,35.15959214234035,34.118834045098595,35.15959214234035,33252
2016-05-11,33.485328674316406,35.02384446603576,33.349575960919,33.937833115861224,25779
2016-05-12,35.15959167480469,36.20035321054164,33.71157892731691,33.71157892731691,35276
2016-05-13,35.15959167480469,36.01935075402199,34.57133800653421,35.97410100297576,26043
2016-05-16,34.66183853149414,34.933340498118255,34.52608927434949,34.933340498118255,8794
2016-05-17,35.97410583496094,38.0103759765625,35.29534912109375,35.29534912109375,188418
2016-05-18,39.00588607788086,39.775145790581185,35.431103330182545,36.51711135603072,281364
2016-05-19,37.195865631103516,40.09189489671701,36.69811141021723,39.54889091981108,119999
2016-05-20,37.603111267089844,38.28186780061975,36.47185037787334,37.19585665650505,55324
2016-05-23,37.06011199951172,37.919871071995566,36.879109544409644,37.693618866201646,25894
2016-05-24,36.78860855102539,37.28636269311815,36.381353906646034,37.10536024535681,44530
2016-05-25,37.64836502075195,38.010369924778935,34.390334693847606,36.879108915112894,88418
2016-05-26,37.6936149597168,39.729884600827525,37.195857396688936,37.195857396688936,258766
2016-05-27,38.734371185302734,39.82038230219302,37.1053562361344,38.462869269163704,115926
2016-05-30,36.65285110473633,38.37236895725019,36.56235161874469,38.37236895725019,78863
2016-05-31,36.51710891723633,37.10536610223011,36.24560692890654,37.10536610223011,41405
2016-06-01,37.33161163330078,38.462872591885656,36.336103370679886,36.336103370679886,66054
2016-06-02,38.96063232421875,39.27738750956026,37.15061453027284,37.91987416410083,162363
2016-06-03,38.77962875366211,40.04664255439616,38.01037259400313,39.54888836565595,200140
2016-06-06,45.29569625854492,46.51746038551373,38.59863224757458,38.59863224757458,1575564
2016-06-07,43.349918365478516,47.422457539391914,42.98791350241919,44.97893334457703,474059
2016-06-08,42.399662017822266,44.07393041340021,42.17340981185238,44.07393041340021,96517
2016-06-09,41.404151916503906,42.897417792787046,41.177899720238855,42.263910952778,59039
2016-06-10,42.263912200927734,44.61693373064052,41.358903389140565,41.99241024785851,158499
2016-06-13,40.272891998291016,42.85216572286569,39.729888093854655,42.21866231846814,124153
2016-06-14,40.77064895629883,41.766160786000356,40.4086474792268,41.13265388570572,22418
2016-06-15,41.90190887451172,42.17341083781352,39.775139467590336,40.770647817141885,123062
2016-06-16,41.223148345947266,42.7616639291014,40.72539421819181,41.49465028360166,43891
2016-06-17,40.95165252685547,42.0376638920678,40.72540030295019,41.720908707199435,57795
2016-06-20,41.58515548706055,41.99241014180315,40.58964372520813,40.725396427567205,34944
2016-06-21,41.67565155029297,42.26390860889216,41.17789743658138,41.22314718285801,53473
2016-06-22,40.86115264892578,42.44491820194872,40.27289549115472,42.44491820194872,26663
2016-06-23,40.58964157104492,41.17789864693491,40.27288988546382,40.815893761412696,21674
2016-06-24,38.87013244628906,39.820391088618656,36.924361955343045,39.820391088618656,72485
2016-06-27,42.897422790527344,44.526438102956305,38.91538229140326,38.91538229140326,166499
2016-06-28,41.67565155029297,43.75717095002692,41.22314718285801,43.440419273756184,79325
2016-06-29,44.25493621826172,46.15545351132341,41.85666127252368,42.0829134956184,358770
2016-06-30,43.30466842651367,45.114685973324434,42.98791673675559,44.978936728714324,61373
2016-07-01,43.07841873168945,44.34543246887696,42.98791923003378,43.21417143650765,39895
2016-07-04,43.033164978027344,43.892923973122386,42.897415738170885,43.44041960226546,58456
2016-07-05,42.490169525146484,43.89293266202246,42.263917294929875,42.98792374115602,54400
2016-07-07,42.7164192199707,43.349926117443026,42.08291232249838,42.53541675607363,52040
2016-07-08,41.99241256713867,43.078420439396794,41.76616035169576,43.078420439396794,18194
2016-07-11,42.80691909790039,43.44042600088021,42.30916490710728,42.30916490710728,45506
2016-07-12,42.17340850830078,42.9879178055503,40.8158953144413,42.625912906253944,31548
2016-07-13,44.07393264770508,46.42695432814319,42.26391490818811,42.30916466120907,200137
2016-07-14,43.48567581176758,44.66218666038291,43.078421127002876,44.07393296224269,32166
2016-07-15,43.168914794921875,44.48117807346962,42.535408027450465,43.89292104960314,31957
2016-07-18,44.75269317626953,46.42695834940492,42.21866881192874,43.30467678783539,229083
2016-07-19,44.61693572998047,46.96996081746985,44.39068351689503,46.110201717278244,155932
2016-07-20,44.3001823425293,45.65769556986522,43.98342718475011,45.25044091119751,58766
2016-07-21,44.119178771972656,46.15544856144832,43.983426071740446,44.345430970803285,107864
2016-07-22,44.978939056396484,45.79344492321171,43.89292778164151,44.43593169285166,88125
2016-07-25,44.66218566894531,46.38170387652099,44.16443148854229,45.70294723442556,93526
2016-07-26,43.89292907714844,45.476694559313586,43.62142711352994,44.88843742786119,68020
2016-07-27,49.820735931396484,51.947508775937735,43.44042430244223,44.75268781037879,1061195
2016-07-28,49.277732849121094,51.31400277303242,48.23697128485472,49.775487028943566,259862
2016-07-29,48.73472213745117,51.132996820589646,47.648714347377094,49.639730930735944,174422
2016-08-01,51.721256256103516,56.92505705281787,50.22799029872116,55.65804330398831,748624
2016-08-02,49.006229400634766,52.40001250449217,48.41797228169894,51.40450072262651,156269
2016-08-03,47.693965911865234,49.187228406219766,47.06045904198693,49.0967289043806,72984
2016-08-04,46.47220230102539,48.68947463746702,45.70294617213133,48.64422488617939,65615
2016-08-05,47.648719787597656,48.417975968784546,46.8794601540758,47.060462623865355,81939
2016-08-08,57.151309967041016,57.151309967041016,48.32747372453042,48.32747372453042,1021835
2016-08-09,56.246299743652344,58.55406810004513,53.98377768561861,58.55406810004513,929108
2016-08-10,58.19206619262695,62.08359972870999,55.65803889567189,56.78929984883595,935064
2016-08-11,58.05632400512695,60.635598064238906,56.69881061562907,58.735080699875894,289548
2016-08-12,56.11054992675781,59.097081958920874,55.47704302744035,58.689823824715155,139597
2016-08-16,54.21003341674805,56.11055068815482,53.486023549226516,55.29604131336054,144665
2016-08-17,56.834556579589844,57.64906594687811,54.21003291718242,54.21003291718242,205288
2016-08-18,56.06529998779297,57.83006796849054,55.205540873880324,57.06080836032245,109072
2016-08-19,57.60381317138672,59.459077122386,55.65804281402749,56.8345535976782,296807
2016-08-22,59.59482955932617,61.178594998133384,57.422810457505655,57.92056461923527,376227
2016-08-23,60.77134323120117,62.76235985981131,59.64008221388421,59.64008221388421,261750
2016-08-24,70.09293365478516,72.12920359587578,60.63559380136543,61.22385094305888,1922052
2016-08-25,69.50469207763672,76.11125345573427,68.50917668088799,70.50020056971492,1178425
2016-08-26,67.73991394042969,73.0794677648646,65.52264492491165,70.04768936855652,663544
2016-08-29,73.75820922851562,75.47772714361103,64.79862169589721,68.41865650465871,899778
2016-08-30,72.8984603881836,76.83524722170633,72.44595599571733,74.66322475693441,595608
2016-08-31,70.22868347167969,74.43697589081786,69.59518005575325,72.85321044633237,307495
2016-09-01,68.59967803955078,72.2649599768888,67.87566815074153,70.81694710394032,188063
2016-09-02,74.84422302246094,76.33748888397686,67.60415281357788,69.00691917841658,1023242
2016-09-06,74.30123138427734,77.28776359955828,72.53646674185597,74.21073187268371,742426
2016-09-07,71.7219467163086,75.3872350832368,70.86219112637191,74.84422428467772,298619
2016-09-08,74.34648132324219,78.19276908653872,71.5409551591834,71.85770688816797,1197331
2016-09-09,72.4912109375,75.52298934766156,71.63145525114683,74.16547600836505,411614
2016-09-12,67.87565612792969,71.45043792213313,66.65389569856072,70.59068237304687,333865
2016-09-14,70.13818359375,71.04319241431452,67.9661610434613,68.23766645149838,275902
2016-09-15,70.27394104003906,72.85321497177026,69.36893215840216,69.68568388604112,318999
2016-09-16,68.14717102050781,72.31021046281083,67.37790795334779,70.9979434518147,256595
2016-09-19,69.64042663574219,71.49569749722139,68.32816659544577,68.96167001393312,341958
2016-09-20,68.23766326904297,70.36443251724783,67.83040517598096,70.36443251724783,135894
2016-09-21,67.33264923095703,70.90743086435297,66.74439219004329,68.5544096053665,218834
2016-09-22,69.45941925048828,70.40968116822559,67.55890231968225,68.59966372847344,319496
2016-09-23,67.69465637207031,70.22867669596117,67.15164560547275,69.9571782173311,162805
2016-09-26,67.19690704345703,69.50468237045368,66.92540162686817,67.42315925572456,185449
2016-09-27,67.10639953613281,69.32366819004734,66.51814247346097,67.69465659880466,256781
2016-09-28,67.4684066772461,68.23766275208791,67.19690128392828,67.42315347680346,147856
2016-09-29,57.60381317138672,69.54992691594437,56.11054722714967,68.05666097170732,414587
2016-09-30,61.993099212646484,62.445603586461424,57.468055474497106,58.64456960828346,325910
2016-10-03,66.56340026855469,68.14716567490007,62.581360151666765,63.07911085085949,399710
2016-10-04,65.7036361694336,67.37790103461796,64.75338109146524,67.28740153738322,167190
2016-10-05,66.6539077758789,68.78067733897912,64.75339044086743,66.2919028300029,393022
2016-10-06,64.25562286376953,67.33265407198243,63.441113587379505,67.33265407198243,133427
2016-10-07,64.0746078491211,65.56786642699703,63.66734986042717,65.02486268007239,109229
2016-10-10,64.8891372680664,66.51815609763158,63.66737659822761,64.61763873291899,100340
2016-10-13,62.98861312866211,66.02039132541712,62.44560921209948,65.29638840489008,80616
2016-10-14,63.66737365722656,65.52264463271538,62.44561304382483,63.8031263708645,133685
2016-10-17,63.531620025634766,66.33715305138277,62.9886160835986,64.39138259647261,195982
2016-10-18,64.48188018798828,65.5678880398129,63.803123554430506,64.25562797680236,105929
2016-10-19,65.88463592529297,67.10639628571401,64.25561750828597,65.25112569438207,303097
2016-10-20,66.6539077758789,68.14717386219864,66.15615011221564,66.47290185060588,194446
2016-10-21,65.83938598632812,67.10639960617404,65.6131338008081,67.06114640720253,48884
2016-10-24,66.06564331054688,66.69914671741043,65.61313890431025,66.06564331054688,59285
2016-10-25,70.7264404296875,72.21970635867567,63.441116690948796,66.56340125240938,797109
2016-10-26,67.6041488647461,70.90743208553442,67.24215089918185,70.90743208553442,208312
2016-10-27,66.15613555908203,68.55441003018046,65.0701278650258,67.64940131691075,159726
2016-10-28,68.41867065429688,70.00243621066797,66.29190114524683,66.65390608192276,214211
2016-11-01,68.59967803955078,71.35995106821225,68.3281726050798,69.50468694822733,124948
2016-11-02,65.65839385986328,69.50468141556944,65.02488353141588,67.9661622504853,178188
2016-11-03,64.119873046875,67.78516150292234,63.53161593724565,66.88015268954464,111555
2016-11-04,60.18308639526367,65.20588809688648,59.730581986276725,65.20588809688648,148852
2016-11-07,61.94784927368164,63.7126205672402,60.90709468286793,62.264607875757974,82241
2016-11-08,61.042842864990234,62.53610881648477,60.31883994327764,62.40035611095446,47441
2016-11-09,58.64457321166992,59.368576111458545,48.870475374835195,48.870475374835195,177218
2016-11-10,60.95234298706055,61.9931045168169,60.18308686669086,61.9931045168169,54784
2016-11-11,56.92505645751953,62.219356701355544,56.336799340500114,59.77583563640643,104943
2016-11-15,48.77997589111328,51.85700375170899,48.010716336713394,51.495002301698406,207172
2016-11-16,48.32747268676758,51.902254787409994,47.82971507062626,49.865984929018126,110680
2016-11-17,46.24594497680664,49.775480424182405,45.56718842556779,48.68946925173338,64766
2016-11-18,46.42695236206055,47.965468065964075,46.155450403097504,47.965468065964075,37580
2016-11-21,42.17340850830078,46.834205188152175,40.95164801476108,45.52194174362109,63818
2016-11-22,41.58515548706055,44.79793607032393,40.00139007043293,42.67116674892927,64080
2016-11-23,43.62142562866211,44.75268664884352,41.67565529301622,42.35441190512507,63595
2016-11-24,45.883949279785156,47.24146255165848,42.67116856015192,42.80691781593839,110216
2016-11-25,48.96097946166992,49.277734643882546,46.381705511708866,46.562707979782516,59024
2016-11-28,45.11468505859375,50.40898834707035,44.07392706168033,48.91572252029465,368980
2016-11-29,46.698455810546875,48.417974026050835,45.250443015000776,45.250443015000776,193302
2016-11-30,47.92021179199219,48.82522050023629,46.15544412044934,46.743701161741704,115140
2016-12-01,46.42695236206055,48.77997739518791,45.9744479463439,47.92021831485935,38796
2016-12-02,45.567195892333984,46.69845699643696,45.205194410421974,45.47669638493971,41342
2016-12-05,45.70295333862305,46.155457827124266,44.79794436162061,45.883955824490585,27510
2016-12-06,45.386192321777344,46.74370551043667,44.39068057869309,45.974445965462316,44057
2016-12-07,45.70295333862305,46.607962315625485,44.888443878386745,45.657703580239975,29172
2016-12-08,46.517459869384766,47.603467811527246,45.70295046044285,45.70295046044285,45241
2016-12-09,47.01520919799805,47.965467774767056,46.517455034198534,46.517455034198534,43124
2016-12-12,46.78895568847656,48.236968388719035,46.24594833663468,46.3817010376788,19700
2016-12-13,46.29119873046875,47.286706969955105,46.15544603765952,46.743703103386984,36588
2016-12-14,45.974449157714844,47.331962440633596,45.52194473007526,45.56719448237226,19382
2016-12-15,47.648719787597656,48.8252306627273,45.29569458500341,45.29569458500341,65126
2016-12-16,47.06045913696289,48.14647042289821,46.83420692957365,47.06045913696289,29320
2016-12-19,45.974449157714844,47.467715149859394,45.476694977778266,47.06046047451681,31695
2016-12-20,44.119178771972656,46.607952959109575,43.89292657314203,45.74819391308627,53750
2016-12-21,45.521942138671875,47.331959746192304,43.89292698237041,44.888435285572804,99915
2016-12-22,43.75717544555664,46.42695217817761,43.53092323859443,45.47669359940328,46895
2016-12-23,44.02867889404297,45.250439376268396,43.71192374700836,43.71192374700836,23710
2016-12-26,42.263912200927734,44.30018202744886,41.81140779503415,44.30018202744886,23831
2016-12-27,42.354408264160156,43.123667763155495,41.630401963949645,42.852162379783984,26528
2016-12-28,42.80691909790039,44.07393290386002,41.08740430676648,42.53541712586187,40889
2016-12-29,43.07841873168945,44.61693442617865,42.53541481708606,42.85216652521559,25001
2016-12-30,43.30466842651367,44.4359293932704,42.897417240348844,44.4359293932704,34376
2017-01-02,44.61693572998047,44.978940651851076,42.987920486232305,43.57617762118835,50994
2017-01-03,46.20069885253906,46.87945545699067,44.75268614397615,45.70294469974147,79963
2017-01-04,50.816246032714844,50.816246032714844,46.33645173536785,47.01520834247089,539403
2017-01-05,52.85251998901367,53.667025909860534,50.40899532180328,50.40899532180328,175326
2017-01-06,51.17824172973633,54.300522461754035,50.770987120806325,53.305014264222244,46982
2017-01-09,50.408992767333984,52.49051239601954,50.04698785263444,51.63075331285917,21004
2017-01-10,50.72574234008789,51.54025163765864,50.318487691302515,50.68049259074164,17583
2017-01-11,51.58549880981445,52.2190056260159,50.00173349547804,51.08774468720418,29861
2017-01-12,51.087745666503906,52.6262612632465,48.101217421259165,52.53575831500606,29230
2017-01-13,50.0469856262207,52.400010562420505,49.0514773335857,52.35475736084517,19606
2017-01-16,50.906742095947266,51.585498657226566,49.775481160481775,50.27323528161971,34157
2017-01-17,50.906742095947266,51.8570005912714,50.40898797480933,50.906742095947266,10990
2017-01-18,50.36374282836914,51.54025361825558,49.77548570725856,51.54025361825558,13881
2017-01-19,50.408992767333984,51.58550356160541,50.04698785263444,50.04698785263444,19694
2017-01-20,48.77997589111328,50.22798859582483,48.19171878788599,50.04698614465224,18826
2017-01-23,49.63972854614258,50.22798561445281,48.689470049309,50.137486120405576,34953
2017-01-24,49.458736419677734,50.68049702048768,48.870479269755975,50.589997513885045,37872
2017-01-25,51.2234992980957,52.49051306331656,49.7302367737298,50.95199733478688,86212
2017-01-27,51.087745666503906,52.3095061229067,50.81624372645156,52.12850367876031,40316
2017-01-30,49.95648193359375,51.04249308586771,49.68498000860883,50.86149065176634,13627
2017-01-31,48.644222259521484,50.58999253083616,48.41797006296557,49.368228598033504,19888
2017-02-01,49.54923629760742,50.182743205578056,47.55821606641466,47.78446828695168,40474
2017-02-02,50.227989196777344,51.223497511635465,49.05147842858102,49.54923258601008,65515
2017-02-03,50.1827392578125,51.585502224322774,49.95648705507424,50.68049341336974,42376
2017-02-06,53.62177658081055,55.16029237992526,50.58999818882105,50.58999818882105,258596
2017-02-07,53.259769439697266,56.06529894599969,52.9430177231423,54.48153345855527,100812
2017-02-08,52.76201248168945,54.210028636717155,52.08325587998933,54.029026185796866,53391
2017-02-09,53.03351593017578,54.48153212611202,52.76201397229233,53.21451838620965,33906
2017-02-10,53.259769439697266,54.753035423078785,53.169269935634354,53.98377928153969,37981
2017-02-13,52.626258850097656,55.02452990497883,52.03800179667972,54.6625284856199,71793
2017-02-14,51.314002990722656,53.03351775125273,47.96546952228486,53.03351775125273,58806
2017-02-15,48.77997589111328,51.495002301698406,48.327471489349094,51.132997399353215,45926
2017-02-16,50.001739501953125,51.04250107161549,48.14647202990418,49.86598679205462,46682
2017-02-17,49.277732849121094,51.49500523451373,48.77997866929862,51.04250080697787,46302
2017-02-20,49.95648193359375,51.04249308586771,49.594477065391004,49.594477065391004,37155
2017-02-21,51.8117561340332,53.395521605379194,50.22799066268721,50.22799066268721,85041
2017-02-22,50.68049240112305,52.03800559043884,50.4089904537268,51.81175339221954,25757
2017-02-23,50.589996337890625,51.947509619383204,49.63973427897798,50.40899387655799,31123
2017-02-27,50.27323532104492,51.13299432313982,49.95648363979994,51.087744576152595,10492
2017-02-28,49.277732849121094,50.90674809778319,49.05148063535317,50.90674809778319,21204
2017-03-01,50.589996337890625,51.35925248313583,49.77548698806116,49.77548698806116,44723
2017-03-02,52.2190055847168,54.57202695465045,50.68049001868276,50.68049001868276,186747
2017-03-03,54.481529235839844,56.47254924191838,51.58550044993783,52.21900728628116,469242
2017-03-06,57.332305908203125,60.04733229916462,55.11503711745223,55.11503711745223,369651
2017-03-07,56.02004623413086,58.14681553825377,55.56754183305495,57.784810636459206,144757
2017-03-08,54.52677917480469,56.744051383583155,54.21002748169399,56.744051383583155,85430
2017-03-09,55.024532318115234,56.97030254721434,53.48601672444785,54.843529874330635,84069
2017-03-10,54.436279296875,55.61279001606269,53.938521707845844,55.61279001606269,50208
2017-03-14,58.05632400512695,61.993111453736795,54.48153805564884,55.205544506247364,365693
2017-03-15,59.459075927734375,61.3595999483977,57.920563715898524,57.920563715898524,242725
2017-03-16,59.18757629394531,60.81658797443774,58.101561602281244,59.6853269860392,126277
2017-03-17,58.14682388305664,59.73058951411266,57.37756767176347,58.91608009434981,51866
2017-03-20,59.09708023071289,60.45459349569401,56.78930491837716,58.73507531245068,136714
2017-03-21,57.06080627441406,59.549584019427975,56.608301857563305,59.549584019427975,54406
2017-03-22,55.4770393371582,58.282568718275755,55.29603688477407,57.0608047539338,67819
2017-03-23,55.88429641723633,57.4228121507689,55.65804420502079,56.110548629451856,49307
2017-03-24,55.250789642333984,57.01555759158819,54.93403792553685,55.43179210293297,44473
2017-03-27,54.70778274536133,56.02004619810446,54.21002859496486,55.2055368957578,32693
2017-03-28,55.612789154052734,57.19655448865445,54.75303013908778,55.56753940638815,103727
2017-03-29,57.60381317138672,57.92056487963836,55.522290109156955,56.02004772545911,137244
2017-03-30,56.51780700683594,58.64458001247981,56.29155477978882,58.14682235110815,63191
2017-03-31,56.02004623413086,57.3323062353833,55.74854083161763,57.3323062353833,49960
2017-04-03,56.65354537963867,57.739556551138875,56.3820434498472,56.74404832445872,45765
2017-04-05,57.015560150146484,57.69431681860061,55.83904928195966,57.37756508758933,87388
2017-04-06,56.246299743652344,57.10605536383741,55.97479433482055,57.015555862449936,44169
2017-04-07,57.19655990600586,59.27807956673731,55.567544669447976,56.110548597522346,183095
2017-04-10,57.19655990600586,58.82557514256375,57.06080719781988,58.82557514256375,67929
2017-04-11,57.332305908203125,58.508820106154104,57.10605370895633,57.73956055731426,66538
2017-04-12,56.51780700683594,57.60381838712908,55.6580478535899,57.060810970815005,52331
2017-04-13,56.51780700683594,58.10156914383072,56.11055230768413,56.92506170598774,73316
2017-04-17,55.748538970947266,56.51779849850216,55.56753997842563,56.110543860659504,47903
2017-04-18,57.64906311035156,60.18308714163779,55.70329274664292,56.11054741024877,578991
2017-04-19,59.459075927734375,61.088094544111726,58.01106321577077,58.37306811992898,359840
2017-04-20,58.8255729675293,60.273585690411544,58.41832176269874,59.73058178241436,110625
2017-04-21,60.7260856628418,62.445603666475606,59.36857253965754,59.7305774201071,376630
2017-04-24,63.124366760253906,64.57237952722546,61.04284366077199,61.31434907537207,895696
2017-04-25,65.0248794555664,66.97064971330572,62.898110203712804,63.35061459366757,472519
2017-04-26,62.581356048583984,66.33714371832104,60.99759074607657,65.65838716010357,174894
2017-04-27,61.1785888671875,62.58135516285064,60.952336684317224,62.58135516285064,52898
2017-04-28,59.05183029174805,62.03836240170442,57.920569175047895,61.495351541952424,113520
2017-05-02,58.59931945800781,61.40484534070061,58.101561859045106,59.91157944848164,86599
2017-05-03,57.332305908203125,59.006570801695545,57.015554210191446,59.006570801695545,75831
2017-05-04,60.13783264160156,60.997595153602454,57.55855891493741,58.37306822458642,275719
2017-05-05,58.64457321166992,61.08809421854399,58.4183210108605,60.680843018954725,107356
2017-05-08,61.76685333251953,62.35511045947742,59.14232631547857,59.14232631547857,130167
2017-05-09,69.32367706298828,71.72195191489341,63.48637269739793,64.52713426384766,1750861
2017-05-10,67.87565612792969,70.59068237304687,67.4231517537435,69.14266975658481,292541
2017-05-11,65.65839385986328,68.9616705898518,65.4321416507041,68.2376676633441,148439
2017-05-12,64.61763763427734,65.97515100094422,63.531622798141825,65.92989779352065,85322
2017-05-15,66.83490753173828,68.96167711823526,64.0746344614916,65.20589561438044,218231
2017-05-16,64.66287231445312,66.92539418556302,64.39137383272121,66.74439519774174,94603
2017-05-17,63.66737365722656,65.34163871297486,62.58136575746276,64.70813525555761,74933
2017-05-18,60.7260856628418,64.11986847080243,60.092582300556664,63.4411119092103,119410
2017-05-19,60.273590087890625,62.445612783016465,59.27808169981998,61.13335266756013,63337
2017-05-22,58.01106262207031,61.404845617565876,57.06080407379847,61.13334712072774,70331
2017-05-23,57.332305908203125,58.96132450464769,56.29154786306863,57.69431080793182,66079
2017-05-24,55.929542541503906,58.418320166782145,55.16028645080059,57.96581577170148,55105
2017-05-25,58.37307357788086,60.454596792913556,56.2010508545141,57.558564193534586,58978
2017-05-26,57.73956298828125,60.18308753349146,57.33230832202376,58.23731715711386,61377
2017-05-29,57.73956298828125,59.36857820097648,56.56305219313107,59.36857820097648,86406
2017-05-30,58.14682388305664,59.504337281104654,57.24181495102463,58.0110711623178,45654
2017-05-31,58.78031921386719,59.36857631896159,58.14681581125429,58.3730680128545,42814
2017-06-01,58.463565826416016,59.640080002673024,57.920561939170106,58.73507122237349,71785
2017-06-02,60.40934371948242,61.35960582075798,58.01106876766262,58.01106876766262,140291
2017-06-05,61.90260314941406,62.98861094488816,60.68084265333842,61.042840648717004,195131
2017-06-06,60.40934371948242,62.71711916276882,60.183091495813954,62.71711916276882,51211
2017-06-07,60.54508972167969,61.49534481292579,60.13783162142924,60.952340917261,32350
2017-06-08,59.73057556152344,61.54059300278172,59.36857069233806,61.40484031375363,28963
2017-06-09,58.870826721191406,60.18308675319021,58.01106419620135,59.95683454735115,44252
2017-06-12,57.73956298828125,59.73058311594641,57.468061028221165,59.68532991232412,48783
2017-06-13,59.278079986572266,59.73058441395068,57.87531695216614,58.599323345504644,61256
2017-06-14,58.2373161315918,59.866334767935776,57.603812720052105,59.73058206412889,42473
2017-06-15,58.73507308959961,59.68532819632192,57.73956132822145,58.82557258957279,44448
2017-06-16,60.7260856628418,62.17409827997124,58.55406328481323,59.232819846405356,168219
2017-06-19,59.64008331298828,61.359601471932834,59.323331603235985,61.22384876641916,49665
2017-06-20,58.282569885253906,60.092587540667566,58.01106447507409,59.73058262865096,56379
2017-06-21,59.00657653808594,60.04733813673381,58.05632135167079,58.59932530171799,51252
2017-06-22,58.73507308959961,59.73058139864314,58.011063280475625,59.594828696348735,34296
2017-06-23,57.377559661865234,59.006571369310954,56.74405280741326,58.73507287040462,48028
2017-06-27,56.51780700683594,58.327821370877835,55.56754834370506,57.332312952804536,33640
2017-06-28,56.69880294799805,58.554066853280816,56.110545844500884,56.15579559423114,47444
2017-06-29,57.332305908203125,58.508820106154104,57.015554210191446,57.015554210191446,34945
2017-06-30,56.789302825927734,59.09707805323154,56.0652964684147,59.09707805323154,35373
2017-07-03,57.151309967041016,58.37307052737781,56.7440552961505,57.8300666010803,24527
2017-07-04,62.309844970703125,63.350606312484715,57.01554568123624,57.965807537790766,297195
2017-07-05,61.812103271484375,63.89361935082226,60.27358418188424,62.76235836052913,195947
2017-07-06,62.08359909057617,63.35061272603055,61.58584841910152,61.631094713961666,113772
2017-07-07,61.08809280395508,62.17410058082444,60.861840608384874,62.128854284511824,52303
2017-07-10,60.45459747314453,61.31435316899679,59.821087098338154,60.99760143392859,14094
2017-07-11,60.54508972167969,62.5361063073403,60.18308482301345,62.5361063073403,44941
2017-07-12,61.54060745239258,62.445616385516,60.183094052707446,61.54060745239258,62375
2017-07-13,65.07013702392578,66.69914879430051,61.2238494511481,62.26461099883361,504329
2017-07-14,63.124366760253906,65.56788787297657,62.89811454964367,65.52264157365623,106998
2017-07-17,62.038352966308594,63.75786407843694,61.5858485884498,63.395866099884984,60270
2017-07-18,62.355106353759766,63.53161362553996,60.86184048508775,61.540597070423296,56605
2017-07-19,61.58585739135742,63.26012244781589,61.31435196396639,63.16962294024216,51759
2017-07-20,61.49534606933594,63.26011739713894,60.99759536508582,62.53610758501423,37755
2017-07-21,62.943363189697266,64.93437973683362,61.81210221867229,62.445605600578666,127643
2017-07-24,62.89811325073242,64.61763139679424,62.53610834029793,62.58136154335326,91676
2017-07-25,64.97964477539062,67.15166071171645,61.133356773197434,62.7623687254418,434271
2017-07-26,66.11089324951172,67.55890589705474,64.25562251365824,64.39137520976172,334513
2017-07-27,63.80311584472656,67.558903477513,63.35061147703347,66.65389474212681,130980
2017-07-28,63.71261978149414,64.52712906811693,62.62660509777406,63.89361877644629,61575
2017-07-31,65.88463592529297,68.01140498301382,63.35060881098616,64.2103643115536,355459
2017-08-01,60.45459747314453,64.61763704538228,59.86634030534931,63.35062320043949,221492
2017-08-02,59.23282241821289,61.04283999438036,58.87082442671467,59.77583321479841,71649
2017-08-03,58.8255729675293,60.228339392468875,57.55855924575634,59.68532857980239,137117
2017-08-04,60.04732894897461,61.31434257500063,58.32781094970135,58.870821721333066,158756
2017-08-07,60.77134323120117,63.35061696974999,59.27807730740892,60.68084373074968,291664
2017-08-08,59.504337310791016,61.993111875120675,59.006579636057005,61.26910196726579,80367
2017-08-09,57.920562744140625,59.50432813167572,57.64906079674438,59.50432813167572,44238
2017-08-10,54.843536376953125,57.69431571064854,54.07428021507843,57.42281373894775,75892
2017-08-11,53.259769439697266,57.55856147704643,51.58550444818993,57.55856147704643,65129
2017-08-14,55.748538970947266,56.879799935879916,53.576519989677266,53.848021930794204,55737
2017-08-16,56.33679962158203,57.42281090716381,55.34129129032731,56.97030649253262,61207
2017-08-17,56.69880294799805,57.0608043981747,56.110545844500884,56.15579559423114,28745
2017-08-18,55.4770393371582,57.01555500392142,55.16028763473694,57.01555500392142,21140
2017-08-21,57.5133056640625,58.82556904869253,55.8842905962579,56.38204472081841,167781
2017-08-22,56.970306396484375,60.77134416344494,56.33679952660184,56.51780198261609,380561
2017-08-23,56.60830307006836,58.59932323732473,56.29155135242215,57.69431438423864,82183
2017-08-24,56.970306396484375,57.92056497514084,56.33679952660184,56.970306396484375,30633
2017-08-28,56.970306396484375,57.875315224220955,56.74405418955023,56.970306396484375,52076
2017-08-29,56.02004623413086,57.01555453556401,55.884293532874246,56.97030478592334,35056
2017-08-30,56.87980270385742,57.649062268847274,56.42729829586386,56.47255149853093,19659
2017-08-31,59.459075927734375,61.404846245999195,56.92505540796537,56.92505540796537,275016
2017-09-01,62.71712875366211,64.97965133633865,58.82558714959008,59.91159522740643,586764
2017-09-04,60.86184310913086,62.85285975008971,59.866334788651436,62.67186074806412,93076
2017-09-05,65.52263641357422,66.74439687371867,61.088092053912,61.088092053912,808911
2017-09-06,66.88016510009766,69.68569156123941,64.25563767335063,65.16064665466543,611520
2017-09-07,73.89396667480469,75.97548268112648,66.69914288612125,67.83040383673165,1528922
2017-09-08,71.35994720458984,75.8397452027923,69.23317776528305,74.39172550357354,446089
2017-09-11,78.37377166748047,81.4508033990451,70.04769230411281,72.31021462075296,2355351
2017-09-12,75.7492446899414,79.09778187422135,75.25149392117248,79.09778187422135,477928
2017-09-13,73.5319595336914,77.87600421262619,72.85320298414965,75.74922816699372,565392
2017-09-14,74.79898834228516,75.88499628040044,71.04319995724217,74.12023165479559,418107
2017-09-15,74.16546630859375,76.92574583269328,72.58170095321476,74.79897659354674,598193
2017-09-18,77.01624298095703,79.50501703495468,73.8487123667782,74.9799733004135,757132
2017-09-19,75.1847152709961,78.38991025685755,74.63525467077396,78.29833465461563,287001
2017-09-20,76.10047149658203,78.25252920032021,74.86418362309578,75.73416216712738,378676
2017-09-21,73.67369842529297,78.2983400162849,72.39162593257183,76.64995111597047,440675
2017-09-22,71.15531921386719,75.91732693803458,70.3311318842649,72.16267170430544,510466
2017-09-25,66.57646942138672,71.43005272153212,64.14968475808394,70.65164969820275,219182
2017-09-26,67.49223327636719,69.094830469371,66.43910356752296,66.80540590793697,114943
2017-09-27,64.83649444580078,69.50691829450054,64.14966720373411,67.5380121365558,142225
2017-09-28,64.92808532714844,67.12593441747143,64.56177598096633,67.12593441747143,109126
2017-09-29,65.01966094970703,67.44645250926834,64.37862483364314,66.2101645787053,160928
2017-10-03,63.92074203491211,66.80541164043377,63.325490200507524,65.98122431701039,107977
2017-10-04,66.75962829589844,67.76697380647857,62.95918174588382,64.14968543178671,295397
2017-10-05,66.0270004272461,68.45379176683554,65.61490681666841,66.85119463517049,246421
2017-10-06,76.60416412353516,77.8404522621086,66.30175132413842,66.62226943609883,1924665
2017-10-09,76.14627075195312,80.49617790089293,73.71947905045374,75.36786771212843,1144983
2017-10-10,75.23050689697266,77.74887439695989,74.68104629432958,76.92467999960995,219051
2017-10-11,78.3441162109375,84.20503786715433,75.32207280520029,76.00890021679787,1458490
2017-10-12,84.43399047851562,87.7307680395547,79.58041371235578,79.58041371235578,2512105
2017-10-13,84.02188873291016,91.21068108545639,83.06032753853401,85.53291047259985,1702115
2017-10-16,82.96875,87.27287264203495,81.73246205534039,84.800289765946,587376
2017-10-17,84.8918685913086,86.3571060493074,83.33506252564736,83.42663812007979,410228
2017-10-18,82.46508026123047,85.395541074439,81.96140403391196,84.66292237775201,220698
2017-10-19,81.0456314086914,83.06032227612057,80.58774648547846,83.06032227612057,64060
2017-10-23,82.28192138671875,84.8918641177411,81.50351839490783,81.50351839490783,305794
2017-10-24,80.45037841796875,83.10611233056947,80.22143595975781,82.5566518282171,151544
2017-10-25,78.52726745605469,82.14455569868109,78.16095810555296,81.50351957538037,154940
2017-10-26,76.64994812011719,79.48884078045329,75.55102688737281,77.84045194456593,212062
2017-10-27,76.97047424316406,78.93937422916888,76.46679792916181,76.51258922562417,170578
2017-10-30,77.70307159423828,79.5346113229735,77.01624419596257,77.65728729308165,170053
2017-10-31,78.71043395996094,80.95407480180765,77.38257016602167,77.56572138354049,201821
2017-11-01,82.23613739013672,84.61713766258362,77.97780608333129,77.97780608333129,560126
2017-11-02,85.44132995605469,86.95234462190407,81.137207461117,82.73980470154955,769913
2017-11-03,83.10613250732422,86.26553640297689,82.83139869606266,85.99080957848638,237038
2017-11-06,80.1756591796875,82.60244387491107,79.71777422032153,82.60244387491107,159080
2017-11-07,77.70307159423828,80.99984170860778,77.42834482698976,80.77089924251587,190514
2017-11-08,77.84044647216797,81.7782600884093,77.38256149291992,77.84044647216797,115489
2017-11-09,77.47413635253906,80.08407931200766,76.92467578003571,78.75621567956037,71296
2017-11-10,76.10047149658203,78.61883852977485,75.59680228200506,77.24518378439694,90586
2017-11-13,76.19205474853516,77.51992532806956,75.82575236899328,76.10047915364969,77575
2017-11-14,75.91732788085938,77.10782458660866,73.67368738138374,77.10782458660866,101087
2017-11-15,72.11688232421875,76.92467447916667,71.47584616493374,75.91732894881733,142781
2017-11-16,77.70307159423828,80.08407184424016,72.30002799711542,72.30002799711542,501378
2017-11-17,76.5125732421875,80.54195496538608,75.91732144637925,79.12251589959504,144144
2017-11-20,77.38256072998047,79.16830933673346,76.19205700096498,76.69573326788004,64981
2017-11-21,77.29098510742188,78.71042433657543,76.10048137879093,78.16096376442663,77909
2017-11-22,85.48711395263672,89.51650268303784,77.7030702410682,77.7030702410682,2258871
2017-11-23,82.87718200683594,88.37180180839412,81.64089394883942,86.40289498214835,456412
2017-11-24,82.60245513916016,84.891880248192,81.96141890333963,83.70138338355801,172530
2017-11-27,91.1648941040039,93.72904556905941,82.6024401595714,83.01454079652707,2381167
2017-11-28,89.51651000976562,94.18693522161678,86.99814272048833,91.027531780686,1146301
2017-11-29,86.49446868896484,90.56964914468335,85.99079941023798,90.24913106062623,303895
2017-11-30,83.93031311035156,86.95234960190001,83.60979504126202,86.3571047536351,303845
2017-12-01,84.11346435546875,88.18864462374256,83.47242821684,84.43398242478311,384909
2017-12-04,83.884521484375,85.85342816770843,83.38085223118637,84.29662213164193,151572
2017-12-05,82.19034576416016,84.2508279699469,81.50351836223125,83.42663369027828,116227
2017-12-06,80.86248779296875,85.80763983651538,79.94671786093862,82.37350259140239,302568
2017-12-07,83.15190124511719,84.11345535011439,81.13720347826604,81.22877906158446,165464
2017-12-08,83.51822662353516,84.98346430800893,82.69403915948251,83.79296043606676,115129
2017-12-11,83.884521484375,85.89921945743914,83.5182121268388,84.98344955698359,123926
2017-12-12,82.87718200683594,86.40289498214835,82.46508831642723,84.61714634135011,191723
2017-12-13,80.35880279541016,83.74714838067983,79.39724167665477,83.1976878785779,133046
2017-12-14,80.35880279541016,81.91560871582718,78.38989625833969,80.63353653984579,108316
2017-12-15,83.65557861328125,86.31131270938555,81.41194516249323,82.87717559893254,353819
2017-12-18,82.19034576416016,85.12080655101568,77.84043888527702,81.96140329685052,293602
2017-12-19,86.21974182128906,88.7838934782659,82.96875571797801,83.19769820449935,854576
2017-12-20,84.7545166015625,87.684977817464,84.38820720288214,86.99815031497734,291589
2017-12-21,91.48541259765625,92.30960688870661,84.5713471947173,85.16659901529644,1237642
2017-12-22,91.2564697265625,95.97268599491919,90.70700919719766,92.35539078529216,1423411
2017-12-26,89.60808563232422,91.94330173235343,88.96704948047348,91.43962547963497,257394
2017-12-27,88.18864440917969,92.4469688665685,87.5018169822757,89.92860163458721,364957
2017-12-28,87.08971405029297,89.9285992763639,86.54025352053242,88.82967821684281,137742
2017-12-29,87.59339141845703,90.1575429196423,87.18129077569472,87.18129077569472,171596
2018-01-01,87.50181579589844,90.52385224124032,86.3571034332455,87.59339138755671,202774
2018-01-02,85.02923583984375,88.32600616089482,83.97609903244367,88.28022185686788,169532
2018-01-03,85.76185607910156,87.272877873945,85.25817981856369,85.62448919106667,144041
2018-01-04,90.02017211914062,91.02751747923217,86.3570930011576,86.63181974294496,490987
2018-01-05,87.59339141845703,90.79858603501596,87.18129077569472,89.51650679103842,230506
2018-01-08,87.86812591552734,89.65388155089296,87.08972283759533,88.28022659450575,165186
2018-01-09,87.63917541503906,90.06596701360336,87.13550616911387,88.00548476729269,215495
2018-01-10,86.67762756347656,89.2875705356254,85.89922449975082,87.95970689672679,154210
2018-01-11,86.90657043457031,89.01283714646594,86.12816736741823,86.9981460330405,123322
2018-01-12,86.12815856933594,88.3717919431325,85.16659741669764,87.50181336637945,108933
2018-01-15,86.21974182128906,87.50182114316259,85.6702812509919,86.31131741854355,73583
2018-01-16,82.60245513916016,88.23444230473265,81.82405199944353,87.68498167591922,173027
2018-01-17,82.41929626464844,84.15926058314508,78.20675585292047,83.15191502615345,204095
2018-01-18,79.76355743408203,83.93031330207397,79.21409688770626,83.93031330207397,89947
2018-01-19,79.39724731445312,81.2287871093588,77.79464999391065,81.2287871093588,114116
2018-01-22,80.45037841796875,82.23613378407566,79.351457413264,80.35880283203825,152463
2018-01-23,80.54196166992188,82.78560216600144,80.17565929133502,80.77090414992367,108729
2018-01-24,78.802001953125,80.90826851137525,78.29832571812504,80.90826851137525,71208
2018-01-25,83.10613250732422,84.70873010388419,81.32038369443724,83.3350750211185,349030
2018-01-29,86.31131744384766,89.65387914539315,85.16660501090537,86.31131744384766,620186
2018-01-30,83.24349212646484,86.35711143887917,82.60244895189017,86.35711143887917,112342
2018-01-31,80.3130111694336,83.93030618428149,79.99249312679373,82.41928456981435,81076
2018-02-01,80.08407592773438,83.19769502270191,78.80200364166241,79.71777355272522,137294
2018-02-02,75.4594497680664,79.99250849562786,73.30739165484803,78.75622038690844,234209
2018-02-05,73.44474792480469,74.63525166633784,70.60586244896062,70.60586244896062,134456
2018-02-06,70.23954772949219,72.02530320606762,68.27064805649563,69.64430289073682,112338
2018-02-07,75.4594497680664,75.82575916722011,71.56742724894593,71.56742724894593,143154
2018-02-08,76.87887573242188,78.93935788472731,76.00889717393403,77.19940076775163,196950
2018-02-09,75.82575225830078,76.3752128135815,72.89528431885354,75.64259408202719,76209
2018-02-12,77.51992797851562,78.9851585070902,76.64994233043333,77.1536185996794,65639
2018-02-14,77.4283447265625,79.3056687540194,76.74151732917763,78.2983233018755,45406
2018-02-15,76.87887573242188,80.08407019156367,76.37520650947555,77.8404368648722,69642
2018-02-16,73.76526641845703,77.56570582020899,73.07843901041468,77.51992151840132,63994
2018-02-19,72.11688232421875,73.76527100062323,71.01796119779586,73.30738603348533,54917
2018-02-20,71.29269409179688,72.84950730545927,71.109542883964,72.16267979592988,39683
2018-02-21,71.84215545654297,72.43740736840718,70.60586732376088,71.43006174120588,34082
2018-02-22,71.20111083984375,72.1626720446075,69.69008908383069,69.69008908383069,23623
2018-02-23,72.84950256347656,73.17002064970603,71.38426504910711,71.47584763383291,45737
2018-02-26,73.53632354736328,75.50522318357905,72.80370485474603,72.84949614307322,35050
2018-02-27,72.07107543945312,73.85683061698587,71.7047731344123,73.67367247769684,42655
2018-02-28,70.74321746826172,72.11687217638331,70.51427501690813,70.51427501690813,30498
2018-03-01,70.97216796875,72.25424723908786,70.60585860768633,71.65899540070565,23768
2018-03-05,70.28533172607422,71.8421375819767,69.59850438021681,71.01795035636307,22533
2018-03-06,67.76697540283203,72.11688260774355,67.12593924102681,71.65899763880549,35970
2018-03-07,63.50864791870117,67.67540420134094,61.53974102704973,66.48490041008083,111839
2018-03-08,65.84385681152344,68.49959090291206,63.233914009567485,63.233914009567485,72302
2018-03-09,65.79806518554688,68.4995905525504,65.2486046490144,66.75962636455606,37356
2018-03-12,65.24861145019531,67.0801514207271,64.28705017095791,67.0801514207271,28035
2018-03-13,67.3548812866211,67.90434184841253,64.24126212077618,65.0196651655449,64218
2018-03-14,66.62225341796875,68.31642616251516,65.6606923265069,66.85119586957688,36579
2018-03-15,68.36222076416016,69.41535749000471,66.6680479374204,66.75962352515265,97036
2018-03-16,68.45379638671875,69.64429998815208,67.90433587327624,68.0874870488339,53165
2018-03-19,65.20281982421875,69.0032666410749,62.821819272005285,69.0032666410749,31170
2018-03-20,65.24861145019531,67.2175183158711,63.27970458451953,64.28705017095791,24679
2018-03-21,65.66070556640625,66.85120934953078,64.65335997356195,65.93543935844131,33839
2018-03-22,64.28704833984375,67.21751640128723,63.92074594558735,64.79072461210178,91779
2018-03-23,62.45549774169922,62.913382642992524,60.94448315684661,62.5012890265362,43742
2018-03-26,61.081851959228516,62.18078007489965,59.52504586215708,60.76133387886323,119674
2018-03-27,61.768680572509766,62.59287492806243,60.89870191134157,61.493953778505734,96435
2018-03-28,60.761329650878906,62.592869396115766,60.44081159281639,61.76867511340525,29039
2018-04-02,64.47019958496094,64.97386881623989,60.99027131989933,60.99027131989933,38656
2018-04-03,66.98857116699219,67.76697420305162,63.37127578436188,64.05810322560902,64038
2018-04-04,72.71212768554688,77.24518566069493,66.34752301863705,68.27064529829453,366977
2018-04-05,74.54367065429688,76.46678603138493,73.49053388046276,76.0089010850892,74925
2018-04-06,74.36051177978516,75.82574918347667,73.12422383384397,75.82574918347667,57922
2018-04-09,74.36051177978516,75.4594398325538,73.53632447367086,73.53632447367086,32667
2018-04-10,72.80371856689453,75.2305105831452,72.30004224750951,75.18471928619348,35341
2018-04-11,71.97950744628906,72.80370169299762,70.97216202776498,72.57475923484354,31157
2018-04-12,72.11688232421875,74.08578908026574,69.41536381281321,72.5289759999348,34654
2018-04-13,71.24691009521484,73.17002573296435,70.56008258267784,72.02531321206932,27969
2018-04-16,73.07845306396484,74.17737433345577,70.33114290346649,70.51429411945796,39980
2018-04-17,73.2157974243164,74.08578298233277,72.98685495959151,73.12422183578036,29985
2018-04-18,72.02530670166016,75.04734329159693,71.70478862213551,73.21580342371884,38662
2018-04-19,72.94107055664062,73.53632236144634,71.06373955381558,71.97950941143374,43435
2018-04-20,71.38426208496094,72.89528384217964,70.97216841788764,72.02530521757159,30207
2018-04-23,71.93373107910156,74.17736462171705,70.46849359592315,70.78901866209975,24904
2018-04-24,72.34581756591797,73.62789674292104,71.93372393145279,72.84949377405935,49907
2018-04-25,71.70478820800781,73.4905367741674,71.43005443470476,73.21580300086434,29140
2018-04-26,72.07107543945312,74.17734862728089,71.10952140856806,72.98684517559239,35481
2018-04-27,72.34581756591797,75.09312709373764,71.38425643647331,72.02529951835956,38754
2018-04-30,71.4300537109375,74.13157217837393,71.0637443458351,71.56742059619715,40270
2018-05-02,70.65164947509766,73.30738359345561,69.9648220472518,72.16267121371251,29845
2018-05-03,70.42269897460938,71.38425307196428,69.0948285733539,70.69742572238117,15525
2018-05-04,69.00326538085938,71.43005718249036,68.72853858375817,70.78902100248385,20750
2018-05-07,68.17906188964844,70.46848649288404,67.2632920483542,68.77431368384359,31183
2018-05-08,67.21751403808594,68.63695323285134,66.66805347924868,68.63695323285134,27745
2018-05-09,75.1847152709961,80.63355093902294,66.11859091363385,66.85120970511042,943941
2018-05-10,72.89529418945312,75.59682001444388,72.34583355977108,75.50523742052106,107404
2018-05-11,74.49787902832031,76.64993686883156,69.82745399456255,73.85684290111092,113488
2018-05-14,74.68104553222656,78.6188522999598,73.30739054625136,75.04734793907016,162190
2018-05-15,73.90264129638672,76.92468529928121,72.94108692220837,74.90999395519896,68810
2018-05-16,73.3531723022461,74.7726185330888,72.345826744924,73.39896359489404,66756
2018-05-17,74.90999603271484,76.60416929905632,72.94108894511959,73.90264334596519,158560
2018-05-18,69.0490493774414,74.177359235903,68.04170392097443,74.177359235903,238208
2018-05-21,67.21751403808594,70.19376630078865,66.85120466993774,67.49224082411953,79726
2018-05-22,68.22486877441406,70.78902771097964,67.12594750832653,67.76698374908243,138084
2018-05-23,66.25595092773438,69.09483622295502,65.38597231665332,67.446454593522,58005
2018-05-24,66.34752655029297,67.7669726919264,65.47754793882078,66.85120279068416,35537
2018-05-25,66.30174255371094,68.77431850378424,65.24860576506123,65.93543319416715,118704
2018-05-28,67.53803253173828,69.50693928425484,65.75228395781053,66.16437763278768,145713
2018-05-29,67.17172241210938,70.5142840262942,66.66805314684072,68.2248592202457,188671
2018-05-30,66.75962829589844,67.81276509700176,66.164376452947,66.85120389017482,44414
2018-05-31,67.12593841552734,68.13328393744892,66.39331967952796,66.85120464283506,53151
2018-06-01,66.4391098022461,68.72853457852239,66.11858474415146,66.48489410570966,67044
2018-06-04,62.77602767944336,67.72117941136347,62.31814274228264,66.34752459988128,61038
2018-06-05,60.623958587646484,63.4628505862053,60.25765625330138,61.72288655098934,94122
2018-06-06,61.63132095336914,62.043414639662466,60.25766601669765,62.043414639662466,41451
2018-06-07,63.737586975097656,64.10389635160372,61.86026277400568,61.86026277400568,38215
2018-06-08,63.0965461730957,63.60021541538305,62.40971876261956,63.46285552270359,21394
2018-06-11,65.24861145019531,67.30909391704358,64.6075752552174,64.88230205873485,67471
2018-06-12,65.01966094970703,66.66804951497085,63.783373019144,66.66804951497085,23116
2018-06-13,65.52334594726562,66.16438214915823,65.11124525738845,65.79807275374648,20944
2018-06-14,64.4244155883789,65.29440124648869,64.19547309731375,65.06545875542353,15455
2018-06-15,63.00497055053711,65.29439525096696,62.272351851691674,64.607567840838,37541
2018-06-18,67.08015441894531,68.22486695169182,61.81447676831138,63.69180811672398,190630
2018-06-19,69.00326538085938,76.00890700188077,65.20281863341127,67.21751674600526,1345009
2018-06-20,68.22486877441406,70.05640887574062,67.6754081413703,69.23221443278946,187198
2018-06-21,65.56913757324219,68.27066355250138,65.20282813694602,67.85856281662893,389749
2018-06-22,64.69914245605469,66.30173972219377,64.14968193358949,65.11123610121118,189392
2018-06-25,62.59286880493164,65.61491215073738,61.448156474970304,64.14968176574081,52474
2018-06-26,62.7302360534668,64.01231526797187,61.81446618407312,62.59286917570382,40677
2018-06-27,61.35658645629883,63.691802616134716,60.34924091183304,63.09655075315986,53464
2018-06-28,60.120296478271484,62.226563096355875,59.79977840451625,60.99027510514569,35375
2018-06-29,61.127647399902344,62.40972679515704,60.440819901027034,60.440819901027034,45584
2018-07-02,60.07450485229492,61.539735314688464,59.708195490004044,61.310792836602914,24696
2018-07-03,59.112945556640625,60.852902651155,58.60926935342687,60.02871539028792,53747
2018-07-04,59.29610061645508,59.982928036722896,58.517697604172184,59.25030932706263,31412
2018-07-05,59.25031280517578,59.98293155784226,58.74664352614154,59.15873720778503,34632
2018-07-06,59.753990173339844,59.98293266442544,58.56348991837179,59.0213714071578,21900
2018-07-09,60.57818603515625,61.90604972154877,59.34189795010624,59.66241604819024,31367
2018-07-10,62.134986877441406,63.371274856225575,60.25766275758987,61.49395073637404,41920
2018-07-11,63.64601135253906,65.29440005278055,61.21921959426086,61.585528970622335,90069
2018-07-12,62.867610931396484,65.20282020345373,62.31815033719304,63.646014022082234,26467
2018-07-13,61.90604019165039,63.46285312189708,61.40237096841691,63.05075249913938,17535
2018-07-16,59.61661911010742,62.82181376104621,58.83821609223341,62.684446878652004,31577
2018-07-17,59.479251861572266,59.98292809832722,57.23561841443437,58.88400701947801,28700
2018-07-18,58.746646881103516,60.99028058577463,57.51035528541431,59.93714368871182,55431
2018-07-19,58.746646881103516,60.39502868858516,58.19718278522432,58.65507127848297,29884
2018-07-20,58.746646881103516,60.80712938053354,58.15139498391405,59.845568086091276,65432
2018-07-23,61.63132095336914,63.60022077318204,58.7924284948318,59.1129535694714,76185
2018-07-24,63.05074691772461,64.92807773052816,60.94448065045867,62.13497715279972,69610
2018-07-25,64.10389709472656,65.79807012059028,63.279702734726015,63.69180340811145,91666
2018-07-26,64.01232147216797,65.34018511678002,63.18812711247725,64.88230013770409,30636
2018-07-27,63.69179916381836,65.20281390522969,62.455504212816585,64.88229583846879,29403
2018-07-30,63.829158782958984,64.74492867646927,62.776028994838015,64.5159862030917,27294
2018-07-31,63.966529846191406,65.38597606863746,62.95918429482821,63.233918075550115,18417
2018-08-01,70.056396484375,73.99420980042686,63.92074102489582,63.96652532726818,856713
2018-08-02,72.39161682128906,75.09313535964124,70.14797626787181,70.74322812844251,411079
2018-08-03,72.71212768554688,75.04733661735031,72.34581834719452,72.48318522242285,163129
2018-08-06,73.76526641845703,75.04733865738702,73.30738147976213,73.44474137195485,135283
2018-08-07,77.29098510742188,80.95406490410755,73.81105650586238,74.177365882885,815036
2018-08-08,75.55101013183594,78.71041321536865,75.13891650764272,77.56570094064386,301977
2018-08-09,73.62789916992188,76.19205062168085,73.26158982345069,76.0088994418301,115355
2018-08-10,73.26158905029297,75.36786253019673,72.5289703650822,74.17735891342163,113460
2018-08-13,69.1864242553711,73.17002224059654,67.99592049575409,73.17002224059654,102030
2018-08-14,70.01061248779297,71.3384831567634,69.46115189470233,70.10219507561683,59248
2018-08-16,71.70478820800781,73.9026304473519,70.33113331503272,71.20111195254225,88770
2018-08-17,70.8805923461914,73.03265023475173,70.60585857881351,71.93372913878005,40471
2018-08-20,71.01797485351562,72.3458387188363,70.51429849810627,70.65166541201532,43677
2018-08-21,70.28533172607422,71.9337201508396,70.14796485954892,71.9337201508396,41611
2018-08-23,73.53632354736328,79.80934577585853,70.97216510997254,71.7047838025898,282863
2018-08-24,73.07845306396484,76.19206565644615,72.34583422645686,73.9942231174643,106762
2018-08-27,72.62055969238281,75.41365384253892,72.20845902359994,74.40630829679786,60004
2018-08-28,72.11688232421875,73.99421348419219,71.7047886485027,72.3458248077877,46803
2018-08-29,72.02530670166016,74.7268252120723,71.43005484724574,73.81105527813325,29176
2018-08-30,73.44474792480469,74.36051788390085,71.43005680950124,71.52163240805679,74414
2018-08-31,73.3073959350586,75.09314475338805,72.89529521691028,74.6810510220108,60524
2018-09-03,72.34581756591797,74.08578166422431,72.11687510526633,74.08578166422431,41269
2018-09-04,70.46849060058594,73.0784403898275,70.05639694268982,73.03264910038578,38658
2018-09-05,68.82011413574219,70.88059655305919,67.95012847859057,70.88059655305919,47297
2018-09-06,69.23220825195312,70.42271200623931,68.72853896111695,70.42271200623931,28078
2018-09-07,70.056396484375,70.51428142871731,68.9116841235192,70.1479720758895,41841
2018-09-10,69.32379150390625,71.65900797710174,69.14064028461574,71.65900797710174,28101
2018-09-11,68.27064514160156,70.42270289267422,67.72117764194941,69.64429991719298,36633
2018-09-12,68.36347961425781,69.61657657627794,67.11038265223769,69.19887994952602,35016
2018-09-14,69.19886779785156,70.35914387037246,68.22423306422876,69.10604004663938,31532
2018-09-17,68.54911804199219,70.12709795901525,66.50703471615539,70.12709795901525,37654
2018-09-18,67.80653381347656,69.66297545566059,67.71370606595707,69.5237409161442,20835
2018-09-19,68.17782592773438,70.26632306471177,67.71371545285051,67.99218457048636,59388
2018-09-21,63.53671646118164,69.15245562300335,56.15736329116379,68.27064861890527,91549
2018-09-24,61.63386917114258,64.92904911680596,60.65923439351958,64.92904911680596,47825
2018-09-25,59.8702507019043,62.70132740500993,58.942029760789495,61.30899599333773,50944
2018-09-26,59.68460464477539,62.144384279551225,58.199449131454635,60.93770140021582,47410
2018-09-27,58.988433837890625,61.448216946203225,58.70996829329242,60.98410652491237,22575
2018-09-28,55.8788948059082,59.96306434300757,55.41478438981409,58.9420228439531,47583
2018-10-01,54.625797271728516,55.8788975819654,51.42343807429143,55.8788975819654,44544
2018-10-03,55.18273162841797,56.807118156768226,53.790400318403464,53.97604520124839,59129
2018-10-04,54.5329704284668,55.22913600840467,53.69757031618885,54.5329704284668,19825
2018-10-05,52.90858840942383,55.229140532644166,52.02677789442379,53.976043802457795,28742
2018-10-08,45.25076675415039,52.44447839198968,42.46610418466421,52.21242317786584,196825
2018-10-09,45.20436096191406,47.29285809889373,44.1833157926393,45.94693701355267,70959
2018-10-10,50.12392807006836,51.51625940534804,45.297178732922475,45.52923395546909,122343
2018-10-11,49.102882385253906,49.65981345626129,46.41104061332831,48.08183736723185,61303
2018-10-12,51.423439025878906,53.27988081683653,49.28852813357227,49.28852813357227,51642
2018-10-15,53.233463287353516,53.65116336983962,50.58803533307729,50.58803533307729,28842
2018-10-16,56.29659652709961,58.47791412987733,52.90858897465091,53.79039949907141,70742
2018-10-17,53.55834197998047,58.709966818745485,52.90858669831609,57.50328046187246,51890
2018-10-19,51.237789154052734,53.41910662987065,49.84545794628435,53.372696297787975,36340
2018-10-22,55.32196044921875,56.15736061857494,50.54162526489374,50.588035598550974,60903
2018-10-23,53.326290130615234,56.62147353818578,51.794724266098534,54.30092134399784,20595
2018-10-24,53.92963409423828,55.600434584758936,52.722947605103656,55.600434584758936,21271
2018-10-25,52.583717346191406,53.88322452972538,52.21242755610635,53.14064849043713,17457
2018-10-26,50.72727584838867,53.55834901061869,49.938285923910215,53.55834901061869,38212
2018-10-29,52.21242141723633,52.67653182983398,49.65981414794922,51.74831100463867,20221
2018-10-30,53.140647888183594,54.02245847398047,51.33061637857565,51.33061637857565,17169
2018-10-31,54.30091857910156,55.69324982471955,52.58371145919196,53.27987708200096,30427
2018-11-01,55.507606506347656,56.621472242240166,53.651164793487325,54.532975315272296,27979
2018-11-02,57.2712287902832,59.22049121465056,54.811442051117204,55.32196282503421,70054
2018-11-05,56.3430061340332,57.596102861418764,56.11095092222984,56.62147168002094,15322
2018-11-06,56.064544677734375,58.47791764018286,55.693254895412245,58.47791764018286,17064
2018-11-07,56.946346282958984,57.503280903324644,55.786070249965675,57.317636029869426,6049
2018-11-09,56.899940490722656,58.7099719548183,56.250185152216304,56.34300936679249,15993
2018-11-12,55.786067962646484,57.54968887683757,55.693247300165396,57.54968887683757,15546
2018-11-13,55.646846771240234,56.25018826540985,54.39374636172131,55.73966745007189,17626
2018-11-14,54.81144332885742,56.110954002650374,54.20810186957491,54.99708821666809,19183
2018-11-15,55.36837387084961,56.5750602404746,53.83680808651849,54.8578495821516,24821
2018-11-16,54.393741607666016,56.34300756070078,54.0688657192677,55.414786689983735,14294
2018-11-19,53.37269592285156,55.69324791949728,48.22107119847433,55.69324791949728,30982
2018-11-20,52.490882873535156,54.76502442654238,52.02677249703903,54.76502442654238,17063
2018-11-21,52.90858840942383,53.743988590135764,52.02677789442379,53.651164380678026,12844
2018-11-22,51.887550354003906,53.83681285123022,51.33061568273798,53.04782649303904,21999
2018-11-26,51.887550354003906,53.55834728603814,51.0521501175459,53.55834728603814,7699
2018-11-27,51.0057373046875,52.86217903704459,50.541626871598226,51.14496831008532,15793
2018-11-28,50.40238952636719,51.00573447223086,50.12392399015373,50.58803439746996,15937
2018-11-29,51.191383361816406,51.794724814160496,50.21674859723913,50.4488038191134,13824
2018-11-30,50.91291046142578,53.69757291599889,50.54162425867822,50.54162425867822,38941
2018-12-03,50.68086242675781,51.841138613642215,49.28853100249653,51.14497290151157,18437
2018-12-04,50.44880294799805,51.701903249010435,49.84546150607205,51.701903249010435,16829
2018-12-05,50.17033386230469,51.28419953781819,49.65981312711807,50.44879939596272,19099
2018-12-06,49.79905319213867,50.773684438567635,49.4277634121268,50.12392909398774,6376
2018-12-07,48.778011322021484,50.170342778639885,48.31390083648202,50.170342778639885,14557
2018-12-10,48.731597900390625,49.984694715762245,46.45745595686271,48.3138977816395,16723
2018-12-11,50.44880294799805,51.37702381946725,46.68950912672414,47.385674780326035,14500
2018-12-12,52.25883483886719,53.372700603108385,49.474172198705006,51.46984850717389,29717
2018-12-13,52.21242141723633,53.836807861328126,51.42343513217289,53.558342321945815,37969
2018-12-14,51.4698486328125,53.465521405271204,51.33061408411186,53.18705584875158,19880
2018-12-17,52.305240631103516,53.14064076693628,50.86649910017496,51.56266469974181,25343
2018-12-18,53.140647888183594,54.532979273900196,51.14497148563707,51.19138536453308,38645
2018-12-19,55.8788948059082,56.946346638395795,53.001408101595786,53.047821975910374,76697
2018-12-20,56.1109504699707,57.920981815624245,55.22913996404908,55.69325038391504,48426
2018-12-21,54.20810317993164,56.57506581930881,53.65116850303702,55.646844898699584,20115
2018-12-24,52.398067474365234,55.55401622680784,52.073188053677484,55.55401622680784,10029
2018-12-26,51.423439025878906,53.69757738709663,50.773683690867394,52.073190820008705,27163
2018-12-27,52.676544189453125,53.65117557641193,52.073199095159346,52.676544189453125,17561
2018-12-28,52.630126953125,53.37270298209077,52.212426830306185,53.37270298209077,7477
2018-12-31,52.676544189453125,54.300931014678554,52.073199095159346,53.55835488846624,21529
2019-01-01,53.04782485961914,54.300921634839696,50.86650366087009,54.300921634839696,19323
2019-01-02,52.583717346191406,53.69757963468285,52.166017217566186,52.86218291831427,14310
2019-01-03,52.07319259643555,53.55834820439533,51.841137364649505,52.444482383645955,11580
2019-01-04,53.18705749511719,54.579388861695556,51.3306156730127,52.16601590931243,48342
2019-01-07,52.95500183105469,53.83681239746538,52.44448104235852,53.83681239746538,20139
2019-01-08,52.53730010986328,53.69757620364014,52.39806910313904,53.094234759405154,13672
2019-01-09,52.21242141723633,53.18705257551512,52.026776544020976,52.769352496000934,15510
2019-01-10,53.00141143798828,53.60475643324327,51.980369874660134,52.72294587897894,15920
2019-01-11,52.44447708129883,54.25450841440491,52.119601205997355,53.65116345640906,12032
2019-01-14,52.305240631103516,53.372695966791895,51.51625436794696,52.1195993039241,13894
2019-01-15,53.326290130615234,55.043497337961654,52.02677948551733,53.04782457548901,62571
2019-01-16,52.351661682128906,54.02245864200923,51.052150968398756,53.23346872978669,24878
2019-01-17,51.9339599609375,52.955001532574755,51.74831507312662,52.02678063440208,8800
2019-01-18,51.14496612548828,53.0942319857316,51.05214545918779,53.0942319857316,19391
2019-01-21,50.91291046142578,51.70190028141701,50.26315872139719,51.51625540960252,8476
2019-01-22,49.845462799072266,52.444480598428676,49.38135235129856,50.40239392004803,12028
2019-01-23,49.28852844238281,51.93396013560105,48.91724220639407,49.61340788236491,8991
2019-01-24,48.82441329956055,50.21674451769495,48.63877196984774,49.42775824377134,8493
2019-01-25,48.45313262939453,50.40239514090691,47.896197954046855,50.35598480318172,10641
2019-01-28,44.9723014831543,50.077516225411856,43.8584357403036,47.617729524153305,44718
2019-01-29,44.9723014831543,45.900522345382946,42.88380454313984,45.43641191426862,35125
2019-01-30,45.39000701904297,46.318227992513116,43.765620315470215,44.60101706706414,11838
2019-01-31,45.761287689208984,49.42776079433605,43.904845969233925,44.92589103974915,38730
2019-02-01,46.08616638183594,47.61772865193034,45.15794553660969,45.43641108200126,8341
2019-02-04,44.27613067626953,48.22106888097386,43.5335547812073,46.45744803193004,20011
2019-02-05,44.554603576660156,45.85411426399878,42.46610653400421,43.951258570206846,17745
2019-02-06,43.7656135559082,45.90052075697852,43.02303405911725,44.229723970961814,11024
2019-02-07,43.951255798339844,44.786655979068875,43.2550901613595,44.786655979068875,25193
2019-02-08,43.02303695678711,44.322547622813914,42.74457139717614,43.626381953345636,10937
2019-02-11,41.86276626586914,43.62638760675021,41.5843006701727,42.65175625137158,23068
2019-02-12,42.93021774291992,43.81202832905897,41.44506568059867,41.76994158770587,24589
2019-02-14,42.698158264160156,43.99766884507414,41.677116765500216,42.651747930744975,22092
2019-02-15,42.18764114379883,42.69816193704364,41.30583056953135,42.2804618186136,21792
2019-02-18,40.563255310058594,42.141231597713215,40.23837586034279,41.44506590088458,19226
2019-02-19,40.748897552490234,42.048404644147894,40.14555257147952,40.609663005831884,17126
2019-02-20,41.16659927368164,42.23405482292149,40.42402319376273,40.47043353484228,16647
2019-02-21,41.76993942260742,42.698160298665364,40.84171854654948,40.84171854654948,25034
2019-02-22,42.32687759399414,43.67279879701715,41.90918096278203,42.65175707934851,10545
2019-02-25,45.20436096191406,45.900526674240616,42.28046355378976,42.60534301073797,45440
2019-02-26,45.29718017578125,45.94693552778487,43.6263832284018,45.20435950015865,22969
2019-02-27,46.225399017333984,47.710554546698646,44.69383669312619,45.714878242598054,84599
2019-02-28,46.1325798034668,47.24644560046304,45.76129002417413,46.41104536749542,6553
2019-03-01,46.875160217285156,47.339270714486,45.71488397428305,45.71488397428305,41215
2019-03-05,54.30091857910156,55.22913940951356,46.45745185394394,46.875151935805626,120437
2019-03-06,58.24585723876953,63.02619594244743,52.02677695290789,55.646839615972844,490604
2019-03-07,55.92530822753906,59.174081319595274,54.254511345515056,58.4779156570118,73322
2019-03-08,58.19944381713867,58.84919907358086,55.32195726457508,55.32195726457508,55737
2019-03-11,57.41046142578125,60.891289811520984,56.85353030041559,59.35972744632454,45775
2019-03-12,56.760711669921875,58.942029453828944,56.15736664498663,57.503287710770124,42351
2019-03-13,56.203773498535156,57.31763926117976,55.2755526198116,56.62147360213709,20687
2019-03-14,56.5750617980957,57.31763777362629,55.925306491675855,56.62147213265107,13116
2019-03-15,56.3430061340332,58.013802950841125,56.157361256414205,56.62147168002094,27138
2019-03-18,56.43582534790039,58.43150153432805,56.11094947610121,57.59610137701381,26307
2019-03-19,55.83248519897461,57.78174755558137,55.41478511087844,57.22481646537416,26905
2019-03-20,54.625797271728516,58.013804893884,54.02245582536111,55.64684236238986,37613
2019-03-22,54.625797271728516,56.29659768537769,53.9296316130019,55.69325269812864,13214
2019-03-25,53.69757843017578,54.579389006186226,52.35166093829233,54.30092344030971,20556
2019-03-26,53.00141143798828,54.34733243756207,52.16601476096026,54.34733243756207,16645
2019-03-27,52.53730010986328,54.486566071937375,52.25883455553316,54.440155736362634,21942
2019-03-28,54.022457122802734,55.089909033957895,53.51193633565185,53.51193633565185,22780
2019-04-01,57.2712287902832,58.385094550299534,53.46552107196754,53.883221174583866,92973
2019-04-02,56.8535270690918,59.59177574420404,56.435826978367054,56.899937403420864,71580
2019-04-03,56.48223876953125,57.78174940955255,56.15736287996673,57.22481830147578,16569
2019-04-04,55.600433349609375,57.50328548722896,55.089909021690445,57.50328548722896,12430
2019-04-05,55.92530822753906,57.22481888071421,54.161687132641596,55.7860736786697,16593
2019-04-08,55.646846771240234,56.43583316395509,55.368381193863335,55.600436431824406,11738
2019-04-09,54.997093200683594,56.343014333180534,54.11528255933167,55.4612036918286,19957
2019-04-10,54.950679779052734,56.34301117442967,54.625800328935675,54.625800328935675,9461
2019-04-11,54.486572265625,55.69325883214507,53.14065113567175,54.486572265625,17356
2019-04-12,54.25450897216797,55.60042990246211,53.929629552645096,54.34732964009935,13932
2019-04-15,55.92530822753906,56.575063554126636,53.92963191178043,55.22914256495559,27095
2019-04-16,55.92530822753906,57.08558433184485,55.27555290095149,55.69325300667791,16265
2019-04-18,56.29659652709961,57.27122772108792,54.76503069305972,55.50760667224692,59160
2019-04-22,54.950679779052734,57.54969767557998,54.857855561498496,57.45687699890758,13951
2019-04-23,55.69325637817383,55.878901274277446,54.71862509973216,55.69325637817383,19205
2019-04-24,55.8788948059082,56.43582588886856,54.950673973719965,55.27554984863326,22851
2019-04-25,55.786067962646484,56.62146808850149,55.22913690599735,55.368371440600285,15599
2019-04-26,55.41478729248047,56.34300817328958,54.76503196773776,55.55401830007285,14733
2019-04-30,55.18273162841797,56.6214732739233,54.81144186272812,56.6214732739233,15426
2019-05-02,55.22914505004883,56.38942120656246,54.76503458744338,55.73966585073846,23989
2019-05-03,54.81144332885742,56.435829900657744,54.71862265539295,55.368377992289425,27168
2019-05-06,54.440155029296875,55.554017232150564,53.929630721960415,53.976044597813974,10638
2019-05-07,54.5329704284668,55.693246395029924,54.20809457418162,55.64683606454364,21767
2019-05-08,53.836814880371094,55.08991174140628,52.95500427329208,53.92963555863966,20746
2019-05-09,53.55834197998047,54.57938346482347,52.90858669831609,53.4191074407376,16169
2019-05-10,54.11527633666992,54.765031657734625,53.37270034440239,53.55834522768968,18460
2019-05-13,52.53730010986328,54.76503162626749,52.02677933677779,53.65116586806539,10605
2019-05-14,52.351661682128906,53.32629294698561,50.170340379859134,52.073192571414,26710
2019-05-15,51.0057373046875,53.5583446866785,50.4023923253188,52.908589372177204,14553
2019-05-16,50.35598373413086,52.0731909796794,48.82441783554193,51.88754963271978,20787
2019-05-17,52.25883483886719,52.862179827254984,50.26316207127995,50.30957240710632,23544
2019-05-20,55.043495178222656,62.469265449141126,54.11527433696804,54.11527433696804,35985
2019-05-21,52.398067474365234,56.15736119316971,51.841132842135465,56.110950859037615,16659
2019-05-22,52.490882873535156,53.279872638107264,52.11959669686696,52.53729320300853,11325
2019-05-23,52.166015625,54.30092300060825,51.51626028262834,52.490891525744956,14198
2019-05-24,53.69757843017578,53.7904026460558,52.16601604741406,52.76935751666621,10058
2019-05-27,57.0855827331543,59.35972454208228,53.929630401472814,54.765030589530134,56445
2019-05-28,57.31764221191406,58.8027942779753,56.250186730076294,58.709973601677156,30373
2019-05-29,55.971717834472656,58.24585967746639,55.182731510174364,56.62147315259681,17062
2019-05-30,55.646846771240234,56.760712621629736,54.532980920850726,54.99709139677286,19133
2019-05-31,54.579383850097656,56.528649708850594,53.604752691161906,55.739659882373886,20043
2019-06-03,55.22914505004883,55.87890040587283,53.23346864449265,53.88322400031665,19068
2019-06-04,55.275550842285156,56.62147178132913,54.11527478119235,54.11527478119235,14642
2019-06-06,53.88322448730469,56.110956144297475,53.14064844860104,54.811445420904704,14532
2019-06-07,53.37269592285156,54.71861678908235,51.98036472486413,53.37269592285156,30373
2019-06-10,54.022457122802734,55.50760914740197,53.001412007619244,54.579388246807014,9013
2019-06-11,53.41911315917969,53.65116838883805,51.70190587606049,53.55834771332743,17222
2019-06-12,53.18705749511719,53.7439921662776,52.44448147445175,53.279881710751475,12052
2019-06-13,52.21242141723633,53.79039752824465,51.51625579833984,52.90858703613281,31117
2019-06-14,51.60908126831055,52.49089184250183,51.144970812513215,52.21242627719979,16847
2019-06-17,50.35598373413086,51.748315081618344,50.17033884628952,51.33061496919576,22773
2019-06-18,50.077518463134766,54.8578539926935,47.94261109278647,50.216749474161674,23507
2019-06-19,48.31389617919922,51.28420370850142,45.482823198489946,49.42776194529775,40379
2019-06-20,49.52058410644531,49.93828422390487,48.267487294948396,48.267487294948396,10652
2019-06-21,49.56699752807617,50.12392865230464,47.94261095138111,49.2885284250802,26881
2019-06-24,49.56699752807617,50.495218429044776,48.40672140186541,49.242118088208116,17136
2019-06-25,48.638771057128906,49.42775731624699,48.267481322907855,49.42775731624699,25149
2019-06-26,49.98469161987305,50.12392616446028,48.453129333821245,49.70622607158013,14253
2019-06-27,50.077518463134766,50.495218577978974,49.24211823344634,49.70622868529952,15155
2019-06-28,49.56699752807617,50.58803910278894,49.19570775133604,50.58803910278894,8390
2019-07-01,49.65981674194336,50.495216944609076,49.4741718590308,49.61340640643563,10285
2019-07-02,50.91291046142578,53.372697045984594,48.9172378268439,49.2421136968582,42117
2019-07-03,51.748313903808594,52.02677945879177,50.263161916643874,50.263161916643874,13193
2019-07-04,52.81576919555664,53.79040040597722,51.19138266456179,52.212424210548754,16675
2019-07-05,50.3095703125,53.37269838097071,49.93828055958412,53.14064317061867,9962
2019-07-08,48.82441329956055,50.123923852838544,48.54594776410995,50.123923852838544,6849
2019-07-09,48.54595184326172,51.42343872705379,48.406720834278005,51.42343872705379,9119
2019-07-10,47.7105598449707,49.056477434862266,47.432090717934614,48.36031169903613,12639
2019-07-11,47.98902130126953,49.01006287625924,47.47850051377467,48.9172422024899,10425
2019-07-12,47.75696563720703,48.59236231610129,47.38567586377734,48.545951979643,5477
2019-07-15,47.61772918701172,49.38135022911205,47.43208430770407,48.49953970806188,5602
2019-07-16,47.75696563720703,48.638776193441274,47.33926552731905,47.38567586377734,8952
2019-07-17,48.17466354370117,49.38134994083417,47.66413924336508,47.803373787253385,11993
2019-07-18,47.7105598449707,48.22108067640013,47.432090717934614,47.75697018584937,5492
2019-07-19,46.82874298095703,47.89619484282448,44.60101150603803,47.89619484282448,27192
2019-07-22,45.06512451171875,47.292856114018896,44.55460371894881,47.292856114018896,18100
2019-07-23,46.50386047363281,47.29285027493781,45.01870861605368,45.15794315183731,13910
2019-07-24,45.482818603515625,46.318218728912306,44.60100814690386,45.99333932864413,8607
2019-07-25,45.34358596801758,46.41104133507692,45.065120428183405,45.71487571505077,6257
2019-07-26,45.34358596801758,46.41104133507692,44.879475554666804,44.879475554666804,14664
2019-07-29,44.9723014831543,45.900522345382946,44.69383593266202,45.065122153024525,6459
2019-07-30,43.99767303466797,45.94693555077225,43.06945211445035,45.01871463055463,15607
2019-07-31,42.558921813964844,45.34358418454177,42.001990756201984,43.626377139038524,10634
2019-08-01,42.93021774291992,43.162272973962736,41.677120911641474,42.97662808095212,16018
2019-08-02,41.67711639404297,42.23404747182434,39.959905745934435,40.841716236489475,19289
2019-08-05,40.42401885986328,40.656074081264194,38.89245652314624,39.9134980809576,19377
2019-08-06,39.402976989746094,41.305829081975375,38.93886655062278,40.47042887520074,29497
2019-08-07,40.238372802734375,41.120183326553885,38.56757596548147,40.05273146372527,15852
2019-08-08,39.95991134643555,40.84172196057898,39.449390530104694,39.95991134643555,22496
2019-08-09,42.60533905029297,43.53355991377751,40.47042823157326,41.53788364093311,13789
2019-08-13,40.006324768066406,43.533567496382226,39.263748656114416,41.76994613222432,8697
2019-08-14,39.3565673828125,41.21300917368325,37.26807036808291,41.21300917368325,29387
2019-08-16,39.867088317871094,40.4240194408855,37.73218095847356,39.124512306891305,8390
2019-08-19,40.60966110229492,41.07377151489258,39.44938507080078,39.959905816481914,6529
2019-08-20,40.84172058105469,41.30583104220303,39.217333967035465,40.748899905177744,21716
2019-08-21,39.402976989746094,40.377608203728734,38.10346634384814,40.377608203728734,11789
2019-08-22,38.4283447265625,40.331196766838616,38.05705496904844,40.05273121914384,19152
2019-08-23,38.660396575927734,38.985272429823766,37.22165154640781,38.474751713323755,18022
2019-08-26,38.98527908325195,39.72785511951848,38.05705815269834,39.72785511951848,5529
2019-08-27,39.21733474731445,40.74890071592919,38.56757938060269,39.72785555655874,8697
2019-08-28,39.26374435424805,40.6560757394404,38.28911309278976,40.284789494584864,11612
2019-08-29,38.98527908325195,39.774265457869795,38.52116861797515,39.774265457869795,19253
2019-08-30,39.31015396118164,40.331199082529764,38.335522717848875,38.985278060364635,8849
2019-09-03,40.59355545043945,41.30655699713389,38.97741788596271,39.975619326032245,13669
2019-09-04,40.45096206665039,41.25903282947217,39.262625909424976,40.593563856123104,25807
2019-09-05,41.211490631103516,41.44915782880657,39.9280892141125,39.97562192835038,24885
2019-09-06,43.87336730957031,44.34870171757643,40.11822476101922,41.021360861533594,26880
2019-09-09,46.67783737182617,47.29577355226019,42.78009668043635,42.827629395889645,27961
2019-09-11,50.48051071166992,51.28858134968606,45.67963410327225,47.485906233883775,40227
2019-09-12,53.189918518066406,56.65985735991676,49.197108950411454,49.62491062310905,94782
2019-09-13,52.14418029785156,55.04372293165663,51.573780489585985,54.99618659220655,15918
2019-09-16,50.765716552734375,53.1899213238816,49.62491324086693,52.144183443622374,13852
2019-09-17,49.71997833251953,52.001584940654155,47.62850621281508,50.38544722876827,24603
2019-09-18,50.14777755737305,51.33611351844824,47.62850386928822,47.62850386928822,7899
2019-09-19,48.769309997558594,51.76391824693629,47.866173888499155,51.76391824693629,14141
2019-09-20,50.337913513183594,51.7639167083077,48.67424311887214,51.7639167083077,17771
2019-09-23,53.80784606933594,55.89931789965397,49.67243874411536,49.91010591513984,74829
2019-09-24,53.66524887084961,54.520848525428654,53.23744723030344,53.855383336260495,13124
2019-09-25,55.138790130615234,56.08945892597067,53.42758702427818,54.235654049724836,58119
2019-09-26,55.233856201171875,56.56479398073584,54.473321881355474,54.7109890829552,28942
2019-09-27,54.37825393676758,56.08945698385363,54.18811945897723,56.041924271034425,5843
2019-09-30,53.38005065917969,55.61412072487263,51.71638038108521,55.61412072487263,24841
2019-10-01,49.624908447265625,56.08945508804241,46.96303672771206,53.380050657276236,28532
2019-10-03,50.57558059692383,54.04551952123024,49.38724460369965,49.38724460369965,13085
2019-10-04,50.00517272949219,52.52444626331536,49.672440131370635,51.573777552667124,4023
2019-10-07,47.72357177734375,52.762115406141014,46.96303750580117,52.381846457112985,17770
2019-10-09,47.67604064941406,49.434776437448626,46.63030281809834,49.434776437448626,27266
2019-10-10,46.963043212890625,48.103842945581164,46.67783965320408,47.771110294632074,9883
2019-10-11,47.485904693603516,48.48410615382066,46.297568758460855,46.34510147056387,16881
2019-10-14,47.86616897583008,49.62490829749592,46.96303658597598,47.3433019010426,2645
2019-10-15,49.10204315185547,49.86257743838238,47.533438239351455,47.5809709522881,10703
2019-10-16,48.769309997558594,50.670647647572686,46.67783785724035,49.102046262219325,7740
2019-10-17,47.485904693603516,49.4823076140378,47.10563574375248,48.43657344171765,12351
2019-10-18,49.76750946044922,50.38544562150711,47.485906551609894,47.485906551609894,23891
2019-10-22,51.38364791870117,55.04372497489457,47.676041774320474,48.48410880377797,18448
2019-10-23,51.47871398925781,54.37825293603065,50.48050890585711,54.14058574979495,17163
2019-10-24,49.10204315185547,52.14418029796313,47.91370719587168,52.14418029796313,9909
2019-10-25,49.48231506347656,50.43298395471152,47.58097728100665,50.33791851619363,10391
2019-10-27,50.43297576904297,52.23924781982283,49.577376081710476,52.19171510827882,2486
2019-10-29,50.95584487915039,52.95225148215718,49.76750891063929,49.95764339090378,25538
2019-10-30,51.098445892333984,52.71458351097562,50.76571327666373,52.71458351097562,17261
2019-10-31,51.763916015625,52.667052085754285,50.76571451769837,52.38184854933501,16547
2019-11-01,52.429386138916016,53.23745317398713,51.288582845599265,51.288582845599265,30806
2019-11-04,53.99798583984375,57.04012665332373,53.570184164641105,56.564792264546035,28861
2019-11-05,53.66524887084961,54.99618287569922,52.61951112434639,53.38004898598992,23620
2019-11-06,52.52444839477539,54.85358755568351,52.38184663178599,52.857181006399344,15379
2019-11-07,51.858985900878906,54.4257925636829,51.52625324847506,52.429389396231976,15780
2019-11-08,51.14598083496094,52.8571839536819,50.48051194809344,52.80965123887286,12932
2019-11-11,51.5262451171875,53.047313611730054,50.48050735399031,51.5737778276707,13724
2019-11-13,50.337913513183594,52.66705279052236,50.052713599461505,50.76571519702356,18726
2019-11-14,52.571983337402344,53.80785203852849,49.9576441661105,51.76391631688123,72650
2019-11-15,53.42758560180664,54.093054466140536,52.571982258161114,53.57018374140519,36647
2019-11-18,52.99978256225586,53.950451307767175,52.85718079982377,53.71278412138935,13930
2019-11-19,51.47871398925781,53.284982428741046,51.14597775261976,53.04731524250535,12851
2019-11-20,51.81144714355469,52.9997830872142,50.90831110107076,51.66884537971015,16194
2019-11-21,51.5262451171875,52.66704830135109,51.431176069707746,51.81144500660006,8604
2019-11-22,51.241050720214844,52.76211937779812,50.43298004933131,52.28678496898913,16903
2019-11-25,53.28498458862305,54.56838962222613,52.00158318153358,52.00158318153358,34730
2019-11-26,50.337913513183594,53.14238718889707,48.008774235844825,49.672444630156285,87822
2019-11-27,49.529842376708984,51.241049095370286,49.24464246576998,50.33791302196874,16682
2019-11-28,49.24464416503906,50.52804924832108,48.48410983412032,49.86258034882452,26251
2019-11-29,49.434776306152344,49.8625779802583,48.00877314347487,49.8150452668051,16517
2019-12-02,49.434776306152344,50.86077946882981,49.149576398919564,49.57737807302552,9236
2019-12-03,48.769309997558594,49.8150478809746,47.91371023096052,49.00697720381036,6483
2019-12-04,48.626708984375,50.29037933010515,48.008772833926955,50.29037933010515,5358
2019-12-05,48.626708984375,50.385444756398584,48.24644002617412,48.29397273932084,8005
2019-12-06,48.34150314331055,50.24284059046555,47.53343617887502,48.95943926424127,13033
2019-12-09,47.961238861083984,49.91010906102117,47.7711043869774,49.91010906102117,10053
2019-12-10,48.484107971191406,49.102044131233605,47.580971901327274,48.0563062932017,14018
2019-12-11,48.531639099121094,49.91010951581291,47.91370658578579,49.91010951581291,19209
2019-12-12,47.7711067199707,48.29397382941393,46.772905215303894,47.96124120336287,10863
2019-12-13,48.43657302856445,49.43477448026716,46.91550086864817,47.48590428855932,14129
2019-12-16,49.33971405029297,51.050917230181675,47.58097452738233,48.484110647091704,55122
2019-12-17,49.197113037109375,50.14778188806801,48.76931132887522,49.29217847159969,8600
2019-12-18,48.959442138671875,50.05271268557775,48.81684037115769,49.48230924203459,3728
2019-12-19,48.531639099121094,49.43477513947184,47.81863753460948,47.81863753460948,6244
2019-12-20,48.721771240234375,50.14777430092416,48.43657135339908,50.05270888081684,15612
2019-12-23,48.721771240234375,49.48230548063293,47.72356982305419,47.72356982305419,7758
2019-12-24,48.38904571533203,49.19711278388204,47.86617494878501,49.19711278388204,8777
2019-12-26,48.293975830078125,48.76931024499329,47.86617413135172,48.48411032134695,4655
2019-12-27,48.15137481689453,50.147777790162884,47.77110585697981,50.147777790162884,15072
2019-12-30,47.7711067199707,49.67244430086506,46.677836160351,49.67244430086506,11318
2019-12-31,48.0087776184082,50.38544977773534,47.34330868849382,47.771110402475486,6216
2020-01-01,48.05630874633789,49.244644786685086,47.81864153826845,49.244644786685086,4897
2020-01-02,49.24464416503906,49.434778654397185,47.390839240196414,47.96124270827079,11526
2020-01-03,50.48051071166992,52.28678284228144,48.95944211595444,49.197109310692085,32336
2020-01-06,49.57737731933594,51.763914743564975,48.19890689106757,50.480509740757796,44522
2020-01-07,50.43297576904297,52.7145821882898,48.626707344776534,52.14417877022138,44574
2020-01-08,49.86257553100586,51.09844415265102,48.816837753834264,50.90830968166405,31738
2020-01-09,50.9083137512207,51.81144984071947,48.674243511446534,48.674243511446534,19176
2020-01-10,50.43297576904297,51.24104637134488,50.00517411212001,50.62311024173244,12589
2020-01-13,50.00517272949219,51.38364308523481,48.57916966351983,51.050910487113256,35092
2020-01-14,49.957645416259766,50.860781514245375,49.48231100958458,49.57738006682785,20556
2020-01-15,50.29037857055664,51.33611275004474,49.67244242944144,50.67064389650072,17035
2020-01-16,54.996185302734375,60.319932436614835,50.05271074297078,51.05091219728791,321123
2020-01-17,55.28139114379883,56.992594226711894,54.61592227085663,55.233854803470834,58484
2020-01-20,55.37645721435547,57.04012760276959,53.760319540307606,55.28139178562298,92670
2020-01-21,55.47151565551758,56.84998595757905,54.663448733540086,56.80245324920035,21831
2020-01-22,54.71098709106445,55.994392108885634,53.807851032563676,55.28139053004506,22433
2020-01-23,54.425785064697266,55.56658827170539,54.18811788100863,54.71098495982094,21422
2020-01-24,55.04372787475586,56.04192944211902,54.378258954342456,55.281395087295365,31674
2020-01-27,54.6634521484375,55.899320776056015,53.57018165486338,55.899320776056015,29845
2020-01-28,54.94865417480469,55.99439199760068,54.663454269137986,55.75672480512617,15590
2020-01-29,54.996185302734375,55.804255909763256,54.18811832221895,54.23565103404101,15188
2020-01-30,55.56658935546875,56.46972539640289,54.663453314534614,54.9961859275829,26925
2020-01-31,56.4697265625,57.94326243523494,55.13878882979605,56.32712479595544,70015
2020-02-03,55.28139114379883,56.84999245875513,53.380053579114616,55.18632208965645,46995
2020-02-04,55.233856201171875,56.84999389735278,54.806058139503314,56.84999389735278,18398
2020-02-05,55.9943962097168,56.75493055754288,55.1863255186091,56.70739784077509,16374
2020-02-06,56.27959442138672,56.65985977045203,55.28139289363392,56.27959442138672,18800
2020-02-07,56.04191970825195,56.707388513080716,55.99438699930273,56.136985126150385,11350
2020-02-10,55.709190368652344,56.42219197043465,53.90292182004537,55.85179213961428,18587
2020-02-11,56.27959442138672,59.36926806179673,54.90112391805489,55.661658242699225,52646
2020-02-12,55.28139114379883,57.943263009054,55.138789375842066,55.6616564808275,25433
2020-02-13,54.140586853027344,56.80245866780592,51.336113272996144,56.80245866780592,30807
2020-02-14,51.098445892333984,53.90291946196013,50.38544432174328,52.286781843318494,81223
2020-02-17,51.81144714355469,52.524448709750395,50.48050943605063,51.336112766090885,36396
2020-02-18,51.5262451171875,52.09664489601262,50.76571086991623,52.09664489601262,7956
2020-02-19,52.90472412109375,54.18812564632212,51.716388032358616,54.18812564632212,20120
2020-02-20,53.28498458862305,54.18812065822959,52.049115895404746,52.3818485190165,13808
2020-02-24,52.28678512573242,53.284986661920925,51.573783510381524,53.284986661920925,8715
2020-02-25,52.23925018310547,53.23745167674166,51.81144850682893,52.334315610494215,12982
2020-02-26,52.28678512573242,52.76211953596635,51.336116305264554,52.76211953596635,15830
2020-02-27,51.28857421875,52.76210989594679,50.62310544070571,52.76210989594679,21867
2020-02-28,49.24464416503906,52.286785115227794,48.769309754900625,52.2392523995167,19719
2020-03-02,49.29217529296875,52.571983342578726,48.67424275560165,50.00517688520946,23329
2020-03-03,48.769309997558594,50.71818036352028,48.57917550725443,49.38724618441868,10081
2020-03-04,47.390838623046875,50.19531233164499,46.34510438496594,50.19531233164499,15051
2020-03-05,46.86796951293945,49.33971048437353,46.154967937306964,47.390836609767234,15383
2020-03-06,44.776493072509766,47.34329921633492,41.63928717517377,45.964828914418334,29597
2020-03-09,41.68682098388672,46.2500336384739,40.87875404066494,42.87515685716186,39713
2020-03-11,42.922698974609375,43.7307660266706,41.35409396000372,43.7307660266706,15923
2020-03-12,37.69401931762695,43.730764738536905,36.12541434922614,41.829427141209216,33893
2020-03-13,38.31195068359375,41.354091471141345,30.61153510164182,35.17474446970643,16152
2020-03-16,35.45994186401367,38.311947970393,34.4142077422799,38.311947970393,9333
2020-03-17,36.22047805786133,38.97741889362561,33.320939084979685,34.794474927606736,17488
2020-03-18,34.509281158447266,39.88056202071099,34.22408120702488,35.84021910043722,18043
2020-03-19,33.22587585449219,35.03214442952701,31.847405345575,33.463543058563644,22338
2020-03-20,32.607940673828125,35.60254898761915,31.609739111402398,35.174747281861315,32948
2020-03-23,26.14339256286621,32.46534166958299,26.095859847145565,32.46534166958299,28128
2020-03-24,26.23845672607422,28.04472691018026,23.956852187558344,27.521859845632104,12007
2020-03-25,28.80526351928711,28.852798046588706,25.95325715843663,27.85459473233695,11291
2020-03-26,29.898534774780273,31.609737906045403,26.523659414150636,28.52006427613119,17952
2020-03-27,30.46893310546875,32.32273791719905,30.041133250401053,31.657269058306948,13161
2020-03-30,31.324539184570312,32.75054245282225,28.47253264806644,32.75054245282225,16694
2020-03-31,30.659069061279297,31.894937786508745,30.183734657228456,30.611536346176955,9527
2020-04-01,31.89493751525879,32.32273920056905,30.42140160053558,30.706601515237868,4852
2020-04-03,31.990007400512695,32.798074450870665,30.088667937929976,31.562205704111626,11523
2020-04-07,33.463539123535156,35.17474206632393,31.419599958265064,31.419599958265064,11319
2020-04-08,33.368473052978516,34.9370780058892,33.27340762465638,33.463542107814284,8436
2020-04-09,34.69941329956055,36.077883868270526,32.98821008132335,33.65367900689168,7118
2020-04-13,34.17654037475586,35.887743303667826,31.609734168131265,34.27160579382914,17856
2020-04-15,34.31914138793945,36.07788080072594,33.84380699959395,36.030348087194106,9226
2020-04-16,34.69941329956055,36.12541658584386,34.17654615322611,36.12541658584386,32113
2020-04-17,36.98101806640625,39.92808991937358,34.22407707374878,34.794476907705786,34457
2020-04-20,38.2644157409668,40.78368928383454,35.60254406689786,40.3083549268039,20558
2020-04-21,37.59895324707031,38.02675496573765,35.98281543572367,35.98281543572367,13217
2020-04-22,36.172950744628906,38.359488478743785,35.65008357746227,37.1236196400279,9400
2020-04-23,36.50568389892578,37.979219834948466,35.697613231322954,36.172947638202125,10521
2020-04-24,36.41061782836914,37.97922295034704,35.65008344027932,37.97922295034704,14795
2020-04-27,35.79268264770508,37.979220215983446,35.22227917781914,36.41061520693931,10202
2020-04-28,35.079681396484375,36.69581551175014,34.41421248792646,36.03035022970602,4094
2020-04-29,35.555015563964844,36.07788269327031,34.556810394865394,35.60254827999011,7604
2020-04-30,37.02854919433594,40.11822268661727,34.98460989499056,36.077880427480146,60817
2020-05-04,34.271610260009766,37.076084006302025,33.32094143933536,36.17294790135858,33743
2020-05-05,34.55680847167969,35.22227733853947,33.98640865809334,34.69941023833306,8952
2020-05-06,34.17654037475586,36.07787776832766,33.46353885216643,35.1747417810784,29566
2020-05-07,33.74873733520508,35.317342070404365,33.17833759141249,34.224071663869935,6285
2020-05-08,33.32094192504883,35.03214510190392,33.27340920862498,34.081476267371784,12826
2020-05-11,32.89313507080078,35.07967594886784,32.370268019029055,35.07967594886784,11134
2020-05-12,33.178340911865234,33.60613894926668,32.08507039591747,33.273406336507,9238
2020-05-13,34.12900924682617,34.31914009378378,32.89313698252107,34.22407467030497,24576
2020-05-14,33.416011810302734,34.41421338592974,33.03574281648583,34.41421338592974,7608
2020-05-15,33.416011810302734,34.033944392112836,32.893141037176015,33.368475466190205,6193
2020-05-18,32.607940673828125,33.98641122504167,31.419604617008485,33.463544085343806,9983
2020-05-19,32.2276725769043,32.75053967223476,31.419601950926733,32.32273800277764,2277
2020-05-20,31.752336502075195,32.51287074806522,31.08686767689142,31.6572674547556,6819
2020-05-21,32.798072814941406,34.461743175119594,31.752338610577695,31.84740403769673,8059
2020-05-22,32.41780471801758,33.27340809096207,31.94247031671812,32.560406489012884,5799
2020-05-26,32.41780471801758,33.5110752916118,32.32273928836316,33.46354257678459,8905
2020-05-27,32.89313507080078,33.273403995641985,31.847400967257325,32.46533706349597,5684
2020-05-28,33.273406982421875,33.463541461909855,32.41780363798274,32.94067436320308,16483
2020-05-29,33.178340911865234,33.60613894926668,32.70300653562942,32.75053924795031,10557
2020-06-01,34.84201431274414,35.50747959716739,33.51107649087002,33.74874370002513,34473
2020-06-02,39.02495193481445,39.642888080403445,34.699409795232064,35.50747679191288,52380
2020-06-03,41.73435974121094,45.8697673695152,39.59535504522318,40.783690987438604,155286
2020-06-04,41.972023010253906,44.158560214446,39.73794947160141,42.68502450900218,31172
2020-06-05,42.58995819091797,44.68143011299934,40.35588813587336,40.97382063174085,26396
2020-06-08,41.49669647216797,44.68143564750136,40.87876027324592,43.49309959304654,37269
2020-06-09,40.78369140625,43.445563218844846,40.498487875978725,43.445563218844846,20667
2020-06-10,40.688621520996094,42.49489358533904,40.49848704687892,42.49489358533904,25771
2020-06-11,40.78369140625,41.82942559553291,40.40342245023065,40.45095516310469,17873
2020-06-12,39.880558013916016,40.40342514341034,38.59715292168766,39.500289032549,16748
2020-06-15,40.0706901550293,40.68862268037562,38.97741961758906,40.023153815260414,17440
2020-06-16,40.1657600402832,43.25543388953575,39.45275838276338,41.829430574496115,38094
2020-06-17,39.59535598754883,40.78369195804533,38.264418249987315,40.260821229816,24195
2020-06-18,40.023155212402344,40.8787585869201,39.215088179312886,40.45095689966122,15257
2020-06-19,41.16395950317383,41.781895691620214,38.31195302083134,40.40342516651859,39165
2020-06-22,42.82762908935547,44.49129950390934,39.88055723417981,41.1639586748016,28416
2020-06-23,46.01237106323242,46.4401691191637,42.30476131739463,43.493097309456275,58581
2020-06-24,50.00517272949219,53.80784757208516,46.39263235433154,47.4383701119526,342928
2020-06-25,48.10383987426758,48.864377816187975,46.82043844367584,46.963040214414335,48487
2020-06-26,47.818641662597656,49.91011382434934,47.3433072452229,49.67244661566196,17750
2020-06-29,46.3451042175293,47.913709195497304,45.63210261418269,47.913709195497304,12812
2020-06-30,44.20609664916992,46.392634037697135,43.44556237835786,45.25183081822232,18221
2020-07-01,46.67783737182617,51.09844881274342,41.92449329622213,43.77829821101045,39270
2020-07-02,46.53523635864258,49.33970991578088,45.77470207870173,47.628503252772084,13532
2020-07-03,48.57917404174805,50.29038077634912,46.05990390738742,46.05990390738742,63833
2020-07-06,48.34150314331055,50.147775168713146,46.725369214439496,50.147775168713146,51816
2020-07-07,48.24644088745117,49.91011126288052,47.48590658398619,47.53343929798145,53529
2020-07-08,49.054508209228516,49.529842605157135,47.72357407653655,48.19890847246518,62654
2020-07-09,49.81504440307617,50.38544420765173,49.2446409719871,49.43477544901679,103538
2020-07-10,52.90472412109375,56.517265105545775,49.00697957413415,51.193517252104,289999
2020-07-13,52.80965042114258,54.99618790712382,50.43297845235566,54.6634552820991,82477
2020-07-14,52.429386138916016,53.61772214726394,51.763917248938434,52.28678436730878,71351
2020-07-15,52.71458435058594,53.475118646026715,52.33431538960876,53.189918738550624,36064
2020-07-16,53.0948486328125,54.18811915407019,52.524448829164534,53.52265029880523,53946
2020-07-17,56.802459716796875,63.12440856684498,56.08945813039357,59.70199877620094,397137
2020-07-20,55.51905822753906,57.8481938383742,54.66345487454937,56.327125240296525,106681
2020-07-21,53.61772155761719,56.517260660796474,53.18991987401383,55.51905915006441,83905
2020-07-22,51.621315002441406,54.18812148216235,50.62311348991483,54.18812148216235,57509
2020-07-23,51.81144714355469,52.76211589848229,50.90831110107076,51.621312667266466,26463
2020-07-24,52.04911804199219,52.476919737503096,51.003383787644424,51.954052610329214,23377
2020-07-27,50.14777755737305,52.76211667173846,49.76750859922356,52.76211667173846,33682
2020-07-28,49.57737731933594,50.4329770280272,48.484106793964656,50.00517536042481,30693
2020-07-29,50.52804946899414,52.28678534358184,49.624913360484065,49.624913360484065,45199
2020-07-30,48.57917404174805,51.3361150017043,48.15137598461144,50.528047975431086,27191
2020-07-31,48.38904571533203,49.67244720691472,48.008776726300354,48.48411114933303,13008
2020-08-03,48.959442138671875,50.86077969745525,48.246440554128114,48.62670951649022,10969
2020-08-04,49.434776306152344,50.33791236781746,48.674242011360406,49.05450734549959,10469
2020-08-05,49.10204315185547,50.6231117249093,47.91370719587168,50.6231117249093,16519
2020-08-06,49.48231506347656,52.04912179511374,48.00877900736519,51.14598562313773,10140
2020-08-07,49.86257553100586,50.860776970545665,48.6267069093607,49.482306589031936,17882
2020-08-10,50.57558059692383,51.76391659014801,49.102044690628574,49.767509945623196,31514
2020-08-11,50.14777755737305,51.811447902878314,49.387243267587635,51.811447902878314,28429
2020-08-12,50.29037857055664,51.33611275004474,49.577377004583795,50.10024409432785,18060
2020-08-13,49.624908447265625,50.86077707136049,49.38724126468917,50.813244360147884,27669
2020-08-14,49.33971405029297,51.050917230181675,49.19711227425482,49.62491397585545,52521
2020-08-17,49.38724136352539,50.38544280704146,48.959439708728965,49.10204146916558,51300
2020-08-18,52.90472412109375,54.235658364568735,49.19711407363456,49.19711407363456,75978
2020-08-19,52.952247619628906,54.18811621142901,51.62130998137445,53.99798174503362,49283
2020-08-20,51.95405197143555,52.95225349767666,51.621315711679365,52.95225349767666,24664
2020-08-21,53.42758560180664,54.568388851162815,51.76391525422867,53.1899184092955,121273
2020-08-24,54.093055725097656,55.09125723157378,53.47511955958148,53.47511955958148,46219
2020-08-25,56.23206329345703,58.846402601450976,54.093058405098354,54.18812383841988,151238
2020-08-26,58.561195373535156,59.701998634373076,56.2795924783729,56.56479238695398,132075
2020-08-27,58.7513313293457,60.5576035065504,58.22846421273814,59.89213461881637,84585
2020-08-28,57.8006591796875,59.89213115155234,57.32532480546883,59.89213115155234,60261
2020-08-31,53.90291976928711,59.844599558086095,52.85718195055036,58.08586016469347,87492
2020-09-01,53.38005065917969,58.656261387262354,51.906511225942424,52.90471629400984,60209
2020-09-02,52.71458435058594,54.90112180992076,52.429384443109846,54.14058751447999,29430
2020-09-03,52.80965042114258,53.90292097739001,52.38184874145821,52.38184874145821,13007
2020-09-04,52.191715240478516,54.3307199039979,51.52624639763646,52.61951327197164,53858
2020-09-07,54.996185302734375,56.37465570465492,52.904716970455986,53.855385712951055,106556
2020-09-08,53.33251953125,55.851793363351355,52.99978689373341,54.33072469682729,31047
2020-09-09,52.33431625366211,53.1899196167302,51.66884737422177,51.66884737422177,44708
2020-09-10,52.90472412109375,54.758525518309405,51.90651890534509,54.615927363569554,21700
2020-09-11,53.66524887084961,54.140583221120174,52.19171311031351,53.7603142902984,21328
2020-09-14,53.95045852661133,54.615927462815044,52.85718787238279,53.09485509056169,28135
2020-09-15,53.38005065917969,54.66345199453292,52.90471629400984,54.66345199453292,15187
2020-09-16,54.093055725097656,55.138789945879566,53.33251779015047,54.80605731922541,35635
2020-09-17,54.1881217956543,55.13879059908683,52.714585875636615,52.714585875636615,34476
2020-09-18,55.9943962097168,58.46613374678001,53.57018776290754,54.80606015795298,98692
2020-09-21,52.952247619628906,58.27599091962012,52.762113153233514,57.37285492412697,90580
2020-09-22,53.71278762817383,54.663456435752124,52.04911721491181,52.999786022490106,45995
2020-09-23,53.85538864135742,55.138790062905805,53.1423870457164,55.091257348499134,28191
2020-09-24,51.431182861328125,54.66345837220305,51.336117427808084,54.66345837220305,15712
2020-09-25,53.237449645996094,56.13698858891283,52.524448088237214,53.617718594072876,14983
2020-09-28,53.52265167236328,55.994392680135235,53.23745176322018,55.994392680135235,15424
2020-09-29,53.28498458862305,55.23385486944964,52.80965019688419,54.18812065822959,19819
2020-09-30,52.571983337402344,55.13878979451888,51.52624911949106,55.13878979451888,9110
2020-10-01,53.42758560180664,54.18811989253957,52.28678235245046,52.61951497136063,21436
2020-10-05,53.189918518066406,54.14058729005503,52.52444965237165,54.14058729005503,15160
2020-10-06,53.5701789855957,54.473314962262876,52.809644762380856,53.2374463962246,27037
2020-10-07,52.99978256225586,54.14058578217213,52.5244481895002,54.14058578217213,15658
2020-10-08,51.47871398925781,54.04551669939259,50.86077785443961,53.04731524250535,53670
2020-10-09,51.763916015625,52.28678312153766,51.28858162361102,52.28678312153766,13853
2020-10-12,50.95584487915039,54.14058745066827,49.24464180979712,51.85898094052154,57480
2020-10-13,51.241050720214844,52.191719537832824,49.434778516135175,51.383648866949294,19829
2020-10-14,50.24284362792969,51.85898128101878,48.76930774260366,51.33611417674355,17210
2020-10-15,49.91011047363281,51.28858091677871,49.48230880141325,50.10024495312079,19682
2020-10-16,50.195308685302734,51.050912000861615,49.67244160424495,49.95764150059343,8059
2020-10-19,50.195308685302734,51.193510135779135,49.910108788954254,51.193510135779135,4808
2020-10-20,51.28857421875,51.716375835100834,49.910103955625345,50.81323989536309,20439
2020-10-21,51.05091094970703,51.81144519981448,50.1953076517653,51.81144519981448,4895
2020-10-22,50.95584487915039,51.24104841280391,49.91011067746606,50.8132467388372,12410
2020-10-23,50.623111724853516,51.28858058550641,49.862577438327435,50.14777734246052,22833
2020-10-26,50.765716552734375,53.09485226575962,50.005178593813575,52.809652344421195,23155
2020-10-27,50.14777755737305,51.19351175251379,49.71997588608327,50.81324642087786,5523
2020-10-28,50.10024642944336,51.05091522838341,49.910111944352614,50.38544634382264,3818
2020-10-29,49.149574279785156,51.003379036639885,48.29397096846346,49.95764125318966,7706
2020-10-30,50.38544845581055,51.193515518175566,49.05451063090059,51.193515518175566,18844
2020-11-02,50.05271530151367,51.19351499519514,49.67244631927733,51.14598227904404,5210
2020-11-03,53.90291976928711,54.09305424783139,49.672443034359524,50.10024470445576,156504
2020-11-04,51.71638488769531,54.6634567579534,51.3361159118171,54.188122351362495,63416
2020-11-05,51.90650939941406,53.04731256098088,51.526244096567304,51.526244096567304,20355
2020-11-06,51.95405197143555,52.71458629492812,51.4311812241778,51.858982914427905,12121
2020-11-09,54.47332000732422,55.61412326105891,53.33251675358952,54.80605625402502,90652
2020-11-10,54.47332000732422,55.994392221141666,54.18812010051894,55.994392221141666,32987
2020-11-11,53.85538864135742,55.99439342828049,53.42758695867008,54.853590149952126,40486
2020-11-12,52.52444839477539,54.901120267842145,51.050912558776695,53.71278433130877,38589
2020-11-13,54.0455207824707,54.33072432871111,51.95405228679923,53.712788147208535,18994
2020-11-14,56.897525787353516,57.89573092080933,54.710988289643616,56.089458764236916,90442
2020-11-17,58.608734130859375,60.65266991541416,56.32712751508584,56.32712751508584,151433
2020-11-18,59.70199966430664,60.129801347815174,58.46613095479262,59.65446694980873,113730
2020-11-19,59.55940246582031,61.2706019739781,58.3235301101835,60.55760399216921,93139
2020-11-20,62.45893478393555,65.59614460083866,58.988995977335534,60.60513359860093,302672
2020-11-23,64.12259674072266,66.3091375096343,62.45892662399348,62.45892662399348,159313
2020-11-24,64.0750732421875,66.0714761055632,63.88493514618279,64.1701386636765,75017
2020-11-25,61.79347229003906,65.54861116645357,61.41320331764873,65.54861116645357,93905
2020-11-26,64.88314056396484,65.45354034908665,60.652664007019034,62.26880156688201,99064
2020-11-27,66.59434509277344,67.78268096342944,62.50646679650614,65.54860372417491,159773
2020-12-01,67.64009094238281,68.4481580240051,66.54682030111606,66.54682030111606,139918
2020-12-02,70.4078369140625,71.23330662362278,66.13480808846653,68.5141118504107,172729
2020-12-03,69.5338134765625,71.6217716924949,69.04824214305405,70.11649759492651,99011
2020-12-04,68.07709503173828,70.50495154078195,67.68863650844528,69.82515468194174,58467
2020-12-07,66.6689453125,69.5338132053326,64.33820143890489,69.48526051770949,53962
2020-12-08,64.48387145996094,68.02854350536299,62.39591334478738,68.02854350536299,85887
2020-12-09,65.64923858642578,66.03769711009589,64.14397199489547,64.9208816330056,22760
2020-12-10,65.16366577148438,66.37759399900544,64.09541041311184,65.30933864063289,33311
2020-12-11,63.65840148925781,66.47470915034265,62.73581155784195,64.62954410597125,36080
2020-12-14,68.36843872070312,69.92226535792209,64.1439700038413,64.2410827794369,128357
2020-12-15,68.90257263183594,69.82516265617296,66.76606162357393,69.82516265617296,62208
2020-12-16,67.15450286865234,69.6794717932519,66.96026993031145,69.63091170635943,51506
2020-12-17,67.64009094238281,68.51412085946923,66.57183544782424,67.88287661883844,31946
2020-12-18,67.00884246826172,67.97998511272928,65.0665571793266,67.78575954752792,38303
2020-12-21,60.647857666015625,67.83431086751693,58.31711388440621,67.83431086751693,102231
2020-12-22,60.84209060668945,62.104575354390434,58.462790291051846,59.239703696974345,54026
2020-12-23,65.45501708984375,65.74635544374755,61.27910066748106,62.15313054765355,46786
2020-12-24,65.89202880859375,67.9314269378003,64.09541634736965,66.03770169122934,95451
2020-12-28,65.79491424560547,66.66894410857398,65.26078282678293,66.18337278572818,35020
2020-12-29,65.45501708984375,67.73720087029429,64.58098720967126,67.73720087029429,49321
2020-12-30,65.89202880859375,66.91173157781232,64.09541634736965,66.86317148052359,18028
2020-12-31,66.52326202392578,66.91172051029093,65.2607737955464,66.91172051029093,41698
2021-01-01,68.95111846923828,69.38812963668958,65.21222127352686,65.21222127352686,93431
2021-01-04,82.74134826660156,82.74134826660156,70.50495273551685,70.50495273551685,1044728
2021-01-05,84.34373474121094,89.92780478476394,83.42115221944643,85.46055023176757,1077151
2021-01-06,83.85816192626953,86.91726259439885,81.67309107892432,85.02353749039167,229349
2021-01-07,82.54711151123047,85.46053897633271,81.77019455684486,84.00382524378159,99886
2021-01-08,80.31349182128906,84.00383674608064,79.3423491999471,82.64423559435583,94196
2021-01-11,76.86593627929688,80.89617944666932,68.17420578906932,80.16782251555009,100300
2021-01-12,77.20584106445312,79.58513760526296,76.76882983344086,79.58513760526296,52558
2021-01-13,76.23469543457031,77.69140936007165,75.2149927230273,77.69140936007165,55329
2021-01-14,77.10872650146484,78.5654404501982,74.87509548304826,75.74912533413432,53538
2021-01-15,76.52604675292969,79.24524183289715,75.74912963909286,77.01161809677002,78360
2021-01-18,74.8265380859375,77.06016155449649,73.90394819762047,76.28325194295721,41094
2021-01-19,75.99190521240234,78.27408874332502,74.29240573480868,75.70055948112297,53396
2021-01-20,75.06932067871094,78.6625450830084,74.29240368950794,75.70055739705516,48766
2021-01-21,78.95389556884766,84.00383407559613,74.82653955935305,74.87509224333853,283552
2021-01-22,77.7399673461914,82.54712020627672,76.72026466230425,79.14812113895944,145861
2021-01-25,75.26355743408203,80.31349638854753,74.72942599827694,77.93419979464623,109499
2021-01-27,73.32127380371094,76.76883335022674,72.83570245401748,76.76883335022674,48646
2021-01-28,73.12704467773438,74.24385280043168,72.15590202548947,73.56405590755242,39846
2021-01-29,75.94335174560547,78.56544132816548,73.6126153289704,73.80684089394653,72344
2021-02-01,75.02075958251953,78.27408553888,73.70971866389421,77.49717596932359,55957
2021-02-02,77.35150909423828,78.66255011429723,75.74912233228622,77.3029490008461,35814
2021-02-03,77.40007019042969,78.90534433842426,76.23470191466221,77.64285586531715,48151
2021-02-04,76.52604675292969,77.93420068637438,76.08902809793496,77.35151655561212,35626
2021-02-05,76.96305084228516,77.64284769675845,76.23469389425091,76.72026519294042,30581
2021-02-08,81.1875228881836,81.67309420618616,76.91449380791491,77.06016668516175,117969
2021-02-09,82.74134826660156,84.78075369614083,81.1875215563294,81.1875215563294,156859
2021-02-10,84.73219299316406,85.75189570061339,83.03269342023526,84.9749786464396,86158
2021-02-11,87.16004943847656,88.3739777036364,83.6153774223638,86.04323395268348,180262
2021-02-12,91.23884582519531,92.20998844136228,84.4894076065269,88.32541797669438,349704
2021-02-15,85.55765533447266,93.76381415115556,84.82929843762545,93.22968279644248,152448
2021-02-16,85.36343383789062,89.34511691417643,84.58651681407541,85.60621948167915,120219
2021-02-17,85.02354431152344,87.35428080829422,84.00384153726326,85.4605555523603,51829
2021-02-18,84.63507843017578,86.3831306513847,83.17836454122002,85.12064972649438,83000
2021-02-19,84.39229583740234,86.33458109299627,83.76105164748826,84.87786715130082,59566
2021-02-22,82.83846282958984,86.0432288126272,82.59567719106141,85.46054476200493,63681
2021-02-23,83.32404327392578,85.02354293060303,81.818769185748,81.818769185748,24594
2021-02-24,84.39229583740234,97.98829262655985,70.1164947632488,84.00383730443751,63427
2021-02-25,87.06293487548828,89.73357700412761,83.03269163587747,87.06293487548828,193817
2021-02-26,87.16004943847656,87.98551917693922,85.46054986725278,85.7518956145832,89552
2021-03-01,91.14173126220703,94.0066063693855,89.24800616142484,89.24800616142484,303491
2021-03-02,90.60760498046875,93.71525824886348,89.7335751833484,92.25854439007286,102937
2021-03-03,90.55905151367188,93.71526510530119,90.3162658527773,90.80183717456643,85452
2021-03-04,89.1509017944336,92.25855543486301,87.83985323718518,90.60761582761565,81929
2021-03-05,87.98551940917969,90.75327437920367,87.11148957411154,90.75327437920367,49481
2021-03-08,86.57736206054688,89.05377118175812,85.89755781237194,88.37397434281304,26836
2021-03-09,85.31488800048828,88.13120342085209,84.87787673234178,87.79130494460135,30182
2021-03-10,86.33457946777344,87.40283485639446,84.97497833260573,86.28601937360563,47324
2021-03-12,84.92642211914062,88.08263574428878,84.48941088858152,87.2571659703269,41825
2021-03-15,84.73219299316406,86.14034681847015,83.32403916785798,86.09179413335312,39846
2021-03-16,83.32404327392578,85.94612549482135,83.03269751194604,85.8490127105716,41903
2021-03-17,80.79906463623047,84.48940962972677,79.82792199680833,84.44084953406352,38667
2021-03-18,81.43031311035156,85.36344397026808,77.49718965966578,81.91588445556442,165802
2021-03-19,79.97359466552734,83.1298082353994,78.07986948729624,83.0812555490934,64606
2021-03-22,81.77020263671875,82.2557739288827,77.93419239231544,80.60483449921722,39533
2021-03-23,80.21637725830078,83.32403802306968,79.9250389239109,82.54712097956994,35334
2021-03-24,80.89617919921875,82.0615473217529,79.1481196061877,80.26493504566699,32311
2021-03-25,77.98274993896484,80.2163733644498,77.78851698290332,79.82791486155642,31398
2021-03-26,78.95389556884766,79.97359084330246,77.98275297837833,78.17697853278021,38148
2021-03-30,74.8265380859375,80.11926213608383,69.04823534088811,79.14811956473737,41993
2021-03-31,79.14812469482422,82.352898351681,73.95251308320636,73.95251308320636,105211
2021-04-01,80.16783142089844,81.09041400577486,78.80823018326686,80.50772987799867,19996
2021-04-05,78.17698669433594,80.55628332568865,77.49718977372966,80.55628332568865,18050
2021-04-06,79.2452392578125,81.0904117862928,76.81738261750434,76.81738261750434,31880
2021-04-07,80.6048355102539,82.9355792237217,78.66255031723574,78.66255031723574,27631
2021-04-08,81.72164916992188,82.98413007191218,79.82791670309165,82.45000610118815,31854
2021-04-09,85.21776580810547,87.20861116389577,80.84762397179237,82.35289801243677,98067
2021-04-12,78.71110534667969,85.80044139954803,77.93418835576529,85.80044139954803,45134
2021-04-13,79.34234619140625,81.77020265270056,77.88563231462966,78.90533499206525,30559
2021-04-15,78.51688385009766,81.28463899405288,77.44862838865203,78.03131251223778,20183
2021-04-16,78.71110534667969,80.31348460044264,78.46831971317263,80.31348460044264,14057
2021-04-19,77.25440216064453,78.95390182871073,75.45778229844724,78.95390182871073,29157
2021-04-20,77.78852081298828,82.11010983046154,76.38036700604971,77.73996812850456,35080
2021-04-22,80.21637725830078,81.09040707993047,77.78852075890167,77.78852075890167,46184
2021-04-23,79.19668579101562,81.09041098812396,78.46832880609236,80.94473810929324,46651
2021-04-26,83.85816192626953,89.34511909144909,78.75966328246402,81.81876395059334,394007
2021-04-27,85.36343383789062,87.79129027577585,84.63507690652506,84.68362958974485,79120
2021-04-28,85.65477752685547,86.86870582178953,84.4894093274109,85.46055196335814,68834
2021-04-29,86.52880859375,87.40283846019807,85.46055316108256,87.20861289397868,52643
2021-04-30,84.10095977783203,86.5288166271299,83.46971551516836,85.46056109528506,39596
2021-05-03,86.38313293457031,86.96582443293768,82.40144968136434,83.51826517426154,51972
2021-05-04,86.67448425292969,89.3451266248687,85.5576686882727,87.74273971985916,121583
2021-05-05,86.14035034179688,88.76243994995994,85.65477901538488,88.71387985362657,36019
2021-05-06,90.2677001953125,92.2099853628005,84.5865175622561,87.35427244408051,308783
2021-05-07,93.27824401855469,98.08539663239092,90.26769621433526,90.31625630507283,400332
2021-05-10,98.32818603515625,99.0079828761518,94.20083007812501,95.94888968244196,267849
2021-05-11,95.7546615600586,100.75604757198384,95.17197746558473,97.06570262493233,174193
2021-05-12,92.59845733642578,97.01715969836818,92.20999876462353,97.01715969836818,96909
2021-05-14,93.95804595947266,96.92003383454855,93.22968901405038,93.22968901405038,77952
2021-05-17,96.67724609375,97.8426142175123,94.4921753047733,95.7546562039775,114989
2021-05-18,94.8806381225586,97.98829918504693,94.39506677616018,96.96859639391795,90269
2021-05-19,113.81791687011719,113.81791687011719,94.39506365615654,96.1916835058323,1152344
2021-05-20,127.7538070678711,133.0465310701068,110.22468085005198,117.50825006921842,1897852
2021-05-21,135.03738403320312,137.90225179338776,129.21052832362335,129.21052832362335,873787
2021-05-24,132.17251586914062,141.1070249661698,127.80237410030959,136.93110875670584,373451
2021-05-25,131.44415283203125,134.50324600143085,127.51102245818917,131.5898182902085,208110
2021-05-26,133.48355102539062,135.37727618304237,130.18167202325222,131.1042545545738,128663
2021-05-27,124.01490020751953,134.84314849059984,120.17889011305724,134.0176713988032,324882
2021-05-28,122.60675811767578,128.09370809813205,120.42168718092513,125.76297169298229,115209
2021-05-31,122.9466552734375,128.04516148176126,121.78128708305108,123.77212502573039,85691
2021-06-01,116.77989959716797,126.19998001054476,110.85593112023875,126.19998001054476,126677
2021-06-02,118.77074432373047,121.29571363122295,116.48855325982886,116.77989900690613,118030
2021-06-03,121.97551727294922,125.27740381662896,119.74189358842362,119.74189358842362,122351
2021-06-04,122.36396789550781,126.24853830488902,120.37312259700794,123.18943762565532,84096
2021-06-07,129.55043029785156,132.07540724611786,125.27740834374416,125.27740834374416,216738
2021-06-08,128.045166015625,132.07540213879955,125.13173802726912,131.05569937918278,152095
2021-06-09,130.27877807617188,134.891705575366,127.21968471461683,129.69610138840264,242900
2021-06-10,131.92974853515625,136.3484361935653,131.10427127014447,131.10427127014447,161412
2021-06-11,128.72494506835938,135.81428848745725,127.85090790195996,134.4546800569889,116386
2021-06-14,129.30763244628906,131.10425220011925,121.39282611122151,131.0556921059827,146537
2021-06-15,127.7538070678711,131.39559167745432,125.52017621030149,131.29847149381496,101720
2021-06-16,126.34566497802734,129.93888982745875,125.7144133630237,129.8903297311568,64397
2021-06-17,124.50048065185547,129.1619681814963,123.38367256864774,127.21968294568431,88208
2021-06-18,123.62645721435547,126.83123079098695,118.33372554441743,125.66584780424078,105347
2021-06-21,124.11203002929688,127.26824355013581,121.34426762979241,122.80098156248731,68324
2021-06-22,128.045166015625,131.54127071057542,124.50048640538206,129.16197415044365,150371
2021-06-23,146.25408935546875,150.47855100165762,129.16197274857387,129.16197274857387,1015271
2021-06-24,151.01268005371094,162.61783160218502,149.41030063004297,151.83815722254636,1116311
2021-06-25,157.7135467529297,159.41304624301927,148.73047801959902,151.88669135833683,439058
2021-06-28,154.1688995361328,159.12173310215843,151.98382851908525,158.73326714138435,226386
2021-06-29,158.00489807128906,163.10339672177247,153.68331646457133,154.16888776461738,399039
2021-06-30,189.56704711914062,189.56704711914062,163.15196933358567,163.15196933358567,1728830
2021-07-01,201.80343627929688,217.48738342239895,194.71409229922412,198.11309141666695,2409660
2021-07-02,187.38197326660156,201.12365079545302,181.40945183551844,200.92941040870153,692144
2021-07-05,189.6156005859375,196.89917039077505,188.40167228513124,190.34395756642127,263727
2021-07-06,191.65499877929688,202.6288983470097,189.27568754531828,193.69438935611547,450286
2021-07-07,202.96881103515625,207.82452421781548,189.95550563301373,193.16026447880031,467445
2021-07-08,197.38473510742188,208.74710065913862,194.2770817250192,202.9688051043108,261010
2021-07-09,217.0989227294922,217.0989227294922,197.96741721907867,197.96741721907867,532736
2021-07-12,238.80397033691406,238.80397033691406,224.23683067052744,225.6935446371661,720627
2021-07-13,237.83282470703125,247.6413712199916,226.90747009438456,242.7856580588153,623747
2021-07-14,234.04537963867188,244.24237750674678,233.0742369845695,237.92995025508137,231116
2021-07-15,229.14109802246094,241.08615520157866,228.21851549796975,237.68715603458764,141658
2021-07-16,225.25653076171875,232.54010050925305,223.36280559105197,229.6752327055817,116274
2021-07-19,226.6646728515625,231.1319346589085,216.56479591990168,223.36279399810488,182265
2021-07-20,219.67245483398438,229.04398988663246,218.50708666877628,228.89830960444382,133810
2021-07-22,241.37750244140625,241.6202880976904,221.420518531156,227.9757312508284,451499
2021-07-23,232.20022583007812,250.5548169589917,229.2867977259038,242.78567534786018,323262
2021-07-26,237.34725952148438,240.84337901521872,230.16080978470498,232.10309509934385,191487
2021-07-27,245.11639404296875,257.2556769258111,237.9299445037103,248.61251344061156,535897
2021-07-28,237.83282470703125,249.29232554956002,235.11363719154096,248.56395375692298,136636
2021-07-29,234.82229614257812,246.33032767404006,232.58866507999662,241.57173460813846,123719
2021-07-30,223.84837341308594,237.92994137182671,219.57535182195565,236.9587987539825,197885
2021-08-02,224.23683166503906,231.5204015305357,219.23545295144902,221.2262983450436,185436
2021-08-03,222.63446044921875,230.1608162550266,221.4205320934433,226.27624551654512,104834
2021-08-04,215.73931884765625,227.8300558586215,213.65136822196192,224.72238773880693,147359
2021-08-05,209.3297882080078,218.45852262530752,200.3467192518031,216.56479753877258,179639
2021-08-06,211.17494201660156,215.6422036207355,205.4937670578968,209.76678829957862,144490
2021-08-09,207.921630859375,218.45851888801943,207.33893938804346,213.40858047083162,62928
2021-08-10,196.51071166992188,210.6408246906365,193.25737802206586,208.7956596720812,167786
2021-08-11,186.9449462890625,196.17080078125002,176.89361467808484,196.17080078125002,262641
2021-08-12,205.6394500732422,205.6394500732422,192.23767893476503,192.28623902952515,117409
2021-08-13,212.77734375,222.78010040081395,207.82451069849316,208.7956532718506,219234
2021-08-16,206.7077178955078,215.10809584655559,204.42552675259572,215.10809584655559,58367
2021-08-17,199.32701110839844,212.0975298878377,197.1419403410713,212.0975298878377,73382
2021-08-18,197.4818572998047,205.83367492361813,194.5684294457734,200.05537931014817,87426
2021-08-20,190.5381622314453,201.0265045636768,189.37279415418828,193.7914956481445,73910
2021-08-23,179.4671630859375,199.03568138183917,178.01044912390628,194.2285282708283,98688
2021-08-24,187.57618713378906,188.74157010775676,176.31094187260206,176.31094187260206,59725
2021-08-25,188.69300842285156,195.19966081982025,186.5564976860281,192.2862330463901,50381
2021-08-26,185.39111328125,191.9463257205286,184.3228653303694,187.43051863418728,35408
2021-08-27,184.90554809570312,187.23629926438124,181.26376328695008,185.48823959248773,35162
2021-08-30,191.16943359375,193.25738433125113,185.48824325260787,185.48824325260787,35339
2021-08-31,191.8977813720703,200.05537318626207,190.39250739653994,194.08285219570666,38466
2021-09-01,196.41358947753906,198.98711142217226,190.73239937985295,195.10254104931613,98165
2021-09-02,203.98851013183594,208.79566313330602,192.82037001075213,198.01597413252793,168539
2021-09-03,199.4241485595703,207.14472964226667,198.11310005827096,207.14472964226667,59018
2021-09-06,196.2193603515625,203.06591847281192,194.22851510801343,201.56064451703287,42821
2021-09-07,190.68386840820312,197.72465273713584,189.56704545115784,197.72465273713584,42224
2021-09-08,196.55926513671875,200.6380760945962,190.73240927513467,191.99489767550335,82603
2021-09-09,198.11309814453125,202.24045435587567,193.45161051861487,196.60782409199587,55741
2021-09-13,194.0828399658203,198.4044212476679,193.45158843213807,195.19964794458735,31839
2021-09-14,195.2967987060547,200.6380834414236,194.27709592924654,198.9385837528971,36935
2021-09-15,197.4818572998047,203.50293856777725,194.2285236020856,198.1130940741273,75680
2021-09-16,197.62753295898438,201.80344939552,196.26793915102445,198.5986756270875,62433
2021-09-17,191.4607696533203,201.5121021201939,189.37281885994128,196.65638881609286,74926
2021-09-20,188.69300842285156,194.22851822867685,188.40166268181656,193.25737563753347,51148
2021-09-21,186.31370544433594,191.5093092319973,183.0603719517617,191.5093092319973,51498
2021-09-22,190.13101196289062,194.29089253350728,187.87977949056915,188.2713066230611,37604
2021-09-23,193.75254821777344,199.67426342906427,189.88630933940428,193.89937649025794,69020
2021-09-24,192.96951293945312,197.7166767463168,192.62694350028988,196.39529694248336,32305
2021-09-27,190.91404724121094,195.7101387644027,189.4947968872242,192.82269529900225,31964
2021-09-28,189.29901123046875,193.80147573166053,187.92870373979204,192.82268039968247,31083
2021-09-29,190.03311157226562,194.73133224781324,188.02659304932033,194.73133224781324,42128
2021-09-30,190.52252197265625,193.65467925569786,189.88631092560686,193.65467925569786,37871
2021-10-01,191.25660705566406,192.72480009325176,189.05431749928252,190.52251053687021,37895
2021-10-04,193.85043334960938,195.6122680693124,190.91404712851528,191.84389977814854,54711
2021-10-05,192.7248077392578,195.31862450304018,191.06085855102398,195.31862450304018,39745
2021-10-06,190.13101196289062,194.73134748923187,188.90751767741514,194.73134748923187,37230
2021-10-07,199.4295654296875,202.5127650070227,188.41811703172928,191.84390097776074,150996
2021-10-08,195.8080291748047,204.86188692155181,193.45891117667102,200.70200633520855,69858
2021-10-11,198.74441528320312,200.261551188541,194.73134804137172,197.961375951232,65460
2021-10-12,198.79336547851562,201.48505301488765,198.40183833026683,198.69547995764503,44864
2021-10-13,198.89122009277344,202.8553444059679,196.73787322364078,198.79334951499564,56778
2021-10-14,197.5698699951172,202.4149045453708,196.3463756675161,200.65306972657854,47597
2021-10-18,193.55679321289062,198.98911075028633,192.96950999011113,197.71667372441925,56766
2021-10-19,193.55679321289062,200.6041172100808,190.57146421168824,195.51438404184526,72203
2021-10-20,192.48011779785156,196.93364004837315,189.39691812800064,195.4654468845902,64941
2021-10-21,191.79495239257812,194.43769694074467,189.39690669026464,193.80148591561965,32179
2021-10-22,187.87979125976562,195.71015517731965,185.9711430419086,195.56334182795908,31574
2021-10-25,183.27944946289062,191.94179523803382,181.22397302753117,188.85858058499468,34675
2021-10-26,184.25823974609375,186.80311383885808,181.32185345531934,185.67749013292143,18741
2021-10-27,182.88792419433594,185.97112369197842,179.41319758041303,185.97112369197842,21971
2021-10-28,181.4197235107422,184.50292287919302,180.19622932719315,184.50292287919302,20977
2021-10-29,177.60243225097656,183.81778936180976,177.1619772834511,181.07715910186994,24879
2021-11-01,175.98741149902344,180.0494063331881,173.54042306031408,179.56000864544623,32403
2021-11-02,177.4066619873047,180.09834927262932,176.18316776670258,179.11955389614764,23688
2021-11-03,181.2239532470703,186.9499120239921,177.65135619033805,182.54533294489283,41507
2021-11-04,184.30718994140625,185.67749762496604,182.05595737392923,184.01354831343386,15750
2021-11-08,196.24847412109375,199.52744462538948,182.4963960148385,184.30717344590906,115845
2021-11-09,210.24526977539062,214.3562077590657,197.32517256874024,198.30396803795972,225668
2021-11-10,216.70529174804688,219.93531949788945,205.5470303597532,211.5176881681056,203824
2021-11-11,209.56011962890625,220.9630810722745,206.57479040810338,218.22245072309096,120864
2021-11-12,199.4295654296875,211.32192372538927,196.9825768968079,208.48342300134203,78234
2021-11-15,203.5894317626953,218.07560585593345,200.65304572765646,203.98094392660784,178065
2021-11-16,198.05926513671875,204.91083328170703,196.73788530609198,203.5405106915694,75781
2021-11-17,195.71014404296875,201.53397388827318,194.43770699171097,199.13592806199878,57345
2021-11-18,192.7737579345703,200.35942255575605,189.54373001205107,196.73788243333334,80788
2021-11-22,194.92710876464844,204.5682499643336,190.86511360308637,204.42143662027073,105366
2021-11-23,198.74441528320312,200.65306338691005,192.8226999376648,194.78029079997611,37659
2021-11-24,196.88467407226562,202.5616899564975,195.90587874516467,200.457285977323,32492
2021-11-25,195.954833984375,200.65305484086616,193.55678826722576,195.8080206500478,33710
2021-11-26,190.91404724121094,198.20607004085255,189.8863090761748,198.20607004085255,45379
2021-11-29,184.20928955078125,190.86510119487997,179.90259580560513,190.86510119487997,37503
2021-11-30,183.27944946289062,188.85858058499468,182.1048979006424,184.0135460561999,24357
2021-12-01,185.09022521972656,188.02661156418398,183.62203204749784,185.9711351489705,15734
2021-12-02,188.02659606933594,189.78841578263618,184.5518695276924,188.271294911209,21099
2021-12-03,189.49478149414062,190.81614622593597,186.94990766698956,190.81614622593597,22429
2021-12-06,187.1456756591797,189.49479355730105,186.06900969086908,189.49479355730105,19534
2021-12-07,187.53720092773438,189.6905477783602,185.5796101662141,185.5796101662141,20318
2021-12-08,206.2811279296875,206.2811279296875,188.07552774685345,188.8096242875285,104391
2021-12-09,202.5127716064453,213.86680474310143,200.6530662349464,211.41981613048014,191681
2021-12-10,201.58291625976562,207.5046316111881,199.67426815416215,207.25993275315605,67940
2021-12-13,199.5763702392578,203.58943723578682,197.17832456655577,203.4915517245614,39732
2021-12-14,193.31210327148438,201.1914097083308,192.0396661869545,197.7166828396954,47914
2021-12-15,194.4376983642578,199.47850358687475,192.8716347004722,199.47850358687475,25677
2021-12-16,192.1864776611328,198.64651816846546,190.86509793212525,198.64651816846546,27568
2021-12-17,184.40504455566406,195.61226366184206,182.8389809008395,191.0608561605574,46629
2021-12-20,178.825927734375,187.68402964330932,176.47682460211146,184.40505887492603,49332
2021-12-21,182.10487365722656,184.7476180542678,179.95152692390522,182.05593090380827,20826
2021-12-22,182.10487365722656,185.92216946014932,179.2663582465122,183.91563605185138,21890
2021-12-23,183.62203979492188,185.28598913994017,182.05596103770824,185.28598913994017,17890
2021-12-24,180.4898681640625,185.82431511253583,178.14076514720347,184.89444752209775,31494
2021-12-27,181.07716369628906,184.01355013460727,178.58123223667184,183.32839628604643,22835
2021-12-28,180.78350830078125,184.69868992044184,179.11955909947204,182.05594531421747,32692
2021-12-29,184.64974975585938,188.61387418847343,179.1195616145312,179.31531771121635,28517
2021-12-30,183.23049926757812,187.34143703624432,182.34958936544712,184.99233400707303,27841
2021-12-31,189.44586181640625,192.62694702020588,183.52414637305566,184.20930019913507,66778
2022-01-03,191.452392578125,192.7737574509087,189.73950057118708,191.4034498194516,36376
2022-01-04,189.25009155273438,193.8014840681201,187.9287118236316,191.45238114441756,28076
2022-01-05,191.20770263671875,193.7036191578929,188.9075272889003,189.83738000612533,29295
2022-01-06,197.32516479492188,199.23381289766007,183.03474553320913,183.03474553320913,71089
2022-01-07,193.99725341796875,204.56824716775083,192.82270187582256,200.65306540377475,69833
2022-01-10,195.2207489013672,200.65306661882596,193.89938400916364,197.71668027806265,59260
2022-01-11,192.7248077392578,200.65305643086296,191.84389785584946,197.22727254057995,51825
2022-01-12,196.44422912597656,200.65305223303298,194.33982504006448,200.65305223303298,67151
2022-01-13,195.02499389648438,198.20607911687873,194.584538929938,197.7166813906642,31283
2022-01-14,195.41650390625,199.67427005053858,194.33983788182329,196.54212762502775,33495
2022-01-17,195.2207489013672,198.54866238203888,194.29089621383878,198.54866238203888,37380
2022-01-18,208.1897735595703,214.69877177334246,193.018445226366,196.44422904354116,540572
2022-01-19,222.28443908691406,226.78688892066222,200.31047062889618,210.19631004393804,519275
2022-01-20,215.4818115234375,228.9891916690848,212.39861184176328,225.80810646868972,185635
2022-01-21,207.40673828125,221.06094599329646,205.54703300435125,219.1522830243558,96353
2022-01-24,187.39036560058594,206.72157364240226,186.75415460115047,205.30232338080893,149067
2022-01-25,196.7378692626953,198.69546000162762,182.05593872070312,186.8520300569944,69846
2022-01-27,193.4589080810547,195.71014052586418,190.86510620163838,192.82269703447568,44101
2022-01-28,194.53558349609375,201.2403378825049,193.26314650378978,199.2827471051857,50213
2022-01-31,194.09512329101562,200.16365154897483,192.23540314189086,200.16365154897483,53190
2022-02-01,196.63998413085938,202.07230142891865,193.85042628364067,193.8993690392548,56396
2022-02-02,199.52745056152344,200.35941769996347,194.2908891371348,198.6954684878507,42380
2022-02-03,200.16366577148438,201.72974443621024,198.69547262401628,200.6041207286782,32701
2022-02-04,198.94017028808594,201.53397219228762,196.24848286721394,201.53397219228762,20165
2022-02-07,197.7166748046875,205.25339655029487,194.38877635137501,202.41489580689498,96908
2022-02-08,195.36756896972656,199.38062117232494,192.87163769791619,197.5698586327535,31711
2022-02-09,199.82107543945312,200.65305750564272,194.82922784801326,200.60411474847288,38259
2022-02-10,205.30233764648438,209.46221814706868,198.05925757250125,203.44263233796332,102919
2022-02-11,193.65467834472656,203.10004810162468,189.88631003236236,203.10004810162468,134833
2022-02-14,181.0281982421875,190.6203957252949,179.11955028358906,186.02006053565896,80664
2022-02-15,178.04287719726562,182.79004085899518,166.44416067417976,179.1195581108226,75459
2022-02-16,178.92379760742188,185.09021145939371,177.16196294468247,182.74109359733043,32021
2022-02-17,177.99395751953125,182.74110646323254,176.4278788345625,178.23865638060553,26525
2022-02-18,179.5600128173828,183.96459210939662,175.79165949535496,178.14076247700265,51938
2022-02-21,171.6317901611328,178.6791144974205,168.54857549603395,178.6301717372951,51080
2022-02-22,163.7035369873047,167.9613031162247,154.943320805225,166.39522444150552,61691
2022-02-23,166.44415283203125,171.28918684429496,164.48656212523932,171.28918684429496,35444
2022-02-24,150.14720153808594,163.4098815902563,149.80463212484918,160.52243827899156,84503
2022-02-25,160.52244567871094,164.43762728063072,155.5305831621702,160.52244567871094,40248
2022-02-28,158.90744018554688,163.26307675649832,154.64967419408504,163.26307675649832,28274
2022-03-02,159.34788513183594,161.941686821648,156.70514068773406,161.941686821648,23696
2022-03-03,159.2989501953125,164.33974049468102,158.46696813725015,164.33974049468102,19541
2022-03-04,156.55831909179688,159.8862323672099,155.62846646161984,158.56485262127305,25388
2022-03-07,151.0770721435547,156.60726003961057,149.7556924128776,156.60726003961057,32416
2022-03-08,153.03466796875,156.60726523277972,148.82584472857252,155.8242259195693,25388
2022-03-09,156.7540740966797,158.9074358803678,153.03466360172507,153.03466360172507,42552
2022-03-10,161.2075958251953,163.50777093838212,157.97756808963402,161.5012374257431,45055
2022-03-11,160.1798553466797,164.38867839898316,154.7475530245916,161.40334955169627,26562
2022-03-14,158.12440490722656,161.50124615802966,156.60726900172574,160.52245072676888,53518
2022-03-15,158.07545471191406,161.5012385601599,157.58605701930753,159.5436477897337,44158
2022-03-16,160.7182159423828,161.35444196993075,159.39685099636887,160.42457430930176,25433
2022-03-17,162.28428649902344,165.1717300521477,161.15866278493561,164.3397479563103,45097
2022-03-21,164.2908172607422,167.37401686039314,162.48003975921205,164.04611840568313,50565
2022-03-22,165.4164276123047,166.3952230419633,162.48004132332886,166.10158142601912,27215
2022-03-23,170.65298461914062,173.24678646500385,166.10157703053062,167.32507128522698,42928
2022-03-24,166.3952178955078,174.861792126098,165.8079346817836,174.861792126098,30399
2022-03-25,166.44415283203125,171.53388568264393,165.41641472391913,166.39521007731508,33979
2022-03-28,161.50125122070312,170.16359703299787,156.8030300163269,166.54204187561956,47595
2022-03-29,157.7328643798828,165.41641383693369,156.60725570360586,163.70352197767548,48226
2022-03-30,155.72634887695312,161.50123556864833,154.16027031552795,161.50123556864833,68674
2022-03-31,156.21575927734375,160.4245677502347,153.27937293705708,157.39031082641176,46677
2022-04-01,171.82754516601562,171.82754516601562,158.46697823994865,159.00531872741362,98874
2022-04-04,180.4898681640625,189.00540020445018,173.5893724513268,180.0983559729969,278113
2022-04-05,181.56654357910156,186.4605204949803,178.04287422557596,181.8112424248955,65553
2022-04-06,182.0559539794922,185.48173805975145,179.21745314422785,180.4898752829946,35326
2022-04-07,187.6350860595703,193.409988215155,183.71990423282818,184.99234131356604,99524
2022-04-08,186.2647705078125,192.0886002414625,184.06248082351547,187.92871972667925,35130
2022-04-11,187.87979125976562,190.37572274553276,185.1391609015749,188.7607161616308,25744
2022-04-12,184.89443969726562,190.86509743734726,180.09834835113793,189.15220553726851,41867
2022-04-13,184.55186462402344,187.8797628109794,182.4963884328125,185.87322937388905,27204
2022-04-18,178.5812225341797,184.1114256536912,176.13423396852846,184.1114256536912,47344
2022-04-19,177.6513671875,184.01353736225894,173.2467878357438,178.63016259900138,30736
2022-04-20,176.6236114501953,181.0771331165957,175.49800281302248,177.6513495170925,29551
2022-04-21,178.7769775390625,181.8112493160069,177.5045554408918,177.70031153790015,30773
2022-04-22,179.1195526123047,185.2370236714681,176.4278653462728,179.21743812334415,51959
2022-04-25,172.80633544921875,181.51760876661993,171.19131403516147,181.51760876661993,36775
2022-04-26,174.0298309326172,178.58122372088002,171.48495683333564,177.1130305717329,19400
2022-04-27,171.6807098388672,176.67257243009882,170.31040223178502,176.67257243009882,13562
2022-04-28,167.7165985107422,175.93847393325171,166.05263437514844,175.93847393325171,38465
2022-04-29,168.15704345703125,174.56815596141405,167.7165885383064,171.82752600512464,22902
2022-05-02,168.40174865722656,170.3103966673138,165.07383539339256,168.25492038861537,17677
2022-05-04,165.02490234375,169.918879104416,164.43761915837737,169.33159591904337,16769
2022-05-05,161.35443115234375,169.33160786070582,158.71167156702506,169.33160786070582,27695
2022-05-06,160.8160858154297,162.43109223736127,158.07545573209913,160.4735014543012,24500
2022-05-09,157.83074951171875,161.15864771337704,156.50936982078377,160.81607830348287,18471
2022-05-10,157.83074951171875,171.289185516594,155.67740273798506,161.4522893041661,30807
2022-05-11,150.24508666992188,159.83728411537368,144.86171222898005,158.07544949310997,53879
2022-05-12,139.96774291992188,153.4751224964434,137.12924221941512,153.4751224964434,60750
2022-05-13,145.64476013183594,150.19615281851753,143.44247045726755,143.44247045726755,33288
2022-05-16,148.43431091308594,151.71328135517774,146.6724912068243,151.4196397590568,10869
2022-05-17,154.25814819335938,156.50936547806972,149.16840058819346,151.95797322043896,21957
2022-05-18,151.6154022216797,160.47350362171358,148.7769015219978,158.0265151098386,20757
2022-05-19,151.95797729492188,155.67740259256857,145.30216596259072,148.77689242401368,22995
2022-05-20,156.0689239501953,162.2842807305065,153.32829383599747,155.53058349174407,23808
2022-05-23,153.67088317871094,159.54365578426678,152.69208774445164,159.54365578426678,21348
2022-05-24,150.58767700195312,155.77528063028757,147.35764922197887,155.77528063028757,25577
2022-05-25,146.91720581054688,154.1602863040734,145.69371147480027,148.7769112267883,18045
2022-05-26,147.3087158203125,150.587686565157,139.96774991564575,147.4066013398014,25193
2022-05-27,150.24508666992188,153.42617156684204,145.84050758187857,145.93839309126113,19683
2022-05-30,147.99386596679688,153.6219396869331,146.0852178661451,150.9302522555636,36936
2022-05-31,147.99386596679688,149.75570072710352,144.76383806210686,147.84705262645173,26794
2022-06-01,144.0297393798828,149.65781301756792,140.94653979593974,149.60888519499164,28739
2022-06-02,145.49794006347656,149.7557063151578,144.2744457308364,146.81931991682137,22826
2022-06-03,154.60072326660156,165.2696015925065,148.7768938939822,150.83237011266283,203851
2022-06-06,156.41151428222656,161.1586632045762,153.32829968541824,158.46697574486564,46411
2022-06-07,152.6431427001953,157.83076141114302,152.05587440957262,157.83076141114302,23812
2022-06-08,150.68553161621094,155.5305653052682,148.5811277208846,153.2304053393677,22795
2022-06-09,148.72796630859375,151.71329543155161,146.8682609193326,151.71329543155161,18901
2022-06-10,147.70021057128906,149.65780124783487,145.7915626487032,149.65780124783487,20751
2022-06-13,144.07867431640625,147.30870199843494,142.90412286891362,143.6382193905005,20534
2022-06-14,144.91065979003906,147.30870549713197,143.44246671199457,147.30870549713197,11096
2022-06-15,145.3511199951172,146.67249978734776,143.78504134767599,145.10642113990656,10890
2022-06-16,141.63168334960938,148.3853801872026,140.45713192335933,146.28096123557424,26138
2022-06-17,137.520751953125,143.34458152210055,135.70997451203363,142.02321671002488,27562
2022-06-20,129.93508911132812,139.9677419428996,127.43915785886628,139.9677419428996,20878
2022-06-21,135.41635131835938,136.3951467310393,129.7393349377693,136.3951467310393,14090
2022-06-22,131.7947998046875,137.03136137415007,130.2776788233745,137.03136137415007,9338
2022-06-23,136.6398468017578,136.83560289899157,132.52889408368475,136.0525635748237,8994
2022-06-24,138.84213256835938,144.86171826543128,138.0590932663646,144.86171826543128,10575
2022-06-27,141.8763885498047,142.36578624396424,139.08683065423472,139.96774052962894,12532
2022-06-28,142.5126190185547,143.44247167980646,140.01668771239153,142.41473350253543,9091
2022-06-29,139.96774291992188,142.90412913502513,138.98894751488746,140.99548108225454,7399
2022-06-30,138.54849243164062,142.70837289889266,137.3249981765665,142.70837289889266,10437
2022-07-01,137.9122772216797,140.11456705269808,137.17818061134022,138.54850324511415,6151
2022-07-04,137.7165069580078,139.4783416287863,137.22710926808224,139.2336427838235,5058
2022-07-05,138.15695190429688,141.04441001430433,137.81438250725324,140.40818410225557,4628
2022-07-06,138.3527374267578,141.09335263150734,137.81439696324176,140.89759653620132,8037
2022-07-07,143.4914093017578,145.84051224980948,138.9889445602211,140.8486498161593,20583
2022-07-08,143.19776916503906,145.59581489389197,139.08683149625801,144.07867904576628,6591
2022-07-11,144.91065979003906,151.71328473126547,141.92533087763545,144.76383152109523,6204
2022-07-12,143.63821411132812,150.04932648460405,142.12107836876186,148.53219074203778,17041
2022-07-13,142.90414428710938,146.47674192019343,141.92534877829357,144.86173530474102,8513
2022-07-14,142.4636688232422,144.76382897728715,141.09334634667408,142.70836766528305,7820
2022-07-15,139.86985778808594,142.80624401122475,139.13576123230123,142.75731618902523,11589
2022-07-18,140.65289306640625,143.34458036040064,138.98894390807436,141.24017626827975,21048
2022-07-19,140.50607299804688,142.90411857614828,139.62514823746596,142.75730525033387,12135
2022-07-20,143.73609924316406,145.74261770833678,140.31031561060192,142.02320742688298,24935
2022-07-21,142.26792907714844,145.64477049812052,140.99549196534096,143.7361222980262,10751
2022-07-22,143.34458923339844,144.81278239373074,140.99548615096,144.81278239373074,9358
2022-07-25,143.88291931152344,144.81277192546986,141.87638581707142,142.9041239420573,5901
2022-07-26,142.5126190185547,144.8127792926793,142.17003464772006,143.39352892179681,10270
2022-07-27,139.86985778808594,144.27443712279415,137.716510878164,141.14229480515928,14256
2022-07-28,139.86985778808594,141.92533411837618,137.76545363559617,139.72304445102208,17459
2022-07-29,141.09335327148438,143.2956429579398,137.86334034620265,140.94653993314714,21551
2022-08-01,143.88291931152344,145.84051005045575,140.946533203125,140.99547595864473,37040
2022-08-02,143.00201416015625,146.2320270375281,141.53382105762992,145.2532316358439,22024
2022-08-03,140.84864807128906,144.714901739275,140.45713589654136,143.88291969889605,12740
2022-08-04,142.61048889160156,144.76383581624358,141.04442518969498,144.76383581624358,20238
2022-08-05,142.61048889160156,144.76383581624358,140.94653967416147,143.7361125793057,17321
2022-08-08,154.79649353027344,156.11787335407203,143.393532579132,143.393532579132,195166
2022-08-10,151.2728271484375,159.54364502301357,149.26629365650044,156.06891847871748,61850
2022-08-11,153.1814727783203,161.15864893293883,151.76222250320333,151.76222250320333,64780
2022-08-12,152.5941925048828,155.5305786205783,148.7768965285715,148.7768965285715,21483
2022-08-16,142.17002868652344,144.51913162015967,137.1292384627809,141.9742725979258,160105
2022-08-17,142.3168487548828,154.99226145093874,140.5550289388865,142.1700354152941,56892
2022-08-18,144.12762451171875,145.44900429288023,142.9041302459147,145.0574771666833,23520
2022-08-19,142.90414428710938,147.01508243708898,141.38700826139802,145.84053081355682,30745
2022-08-22,140.65289306640625,143.34458036040064,138.6953023071376,138.6953023071376,21980
2022-08-23,140.70184326171875,144.56808222864632,139.18470735602403,142.85519022372105,32777
2022-08-24,142.3168487548828,143.88292740824946,139.86986019351804,140.01668846833968,13721
2022-08-25,142.80624389648438,145.8405156320496,141.1912374491487,143.88292481819659,34560
2022-08-26,143.68716430664062,144.86171577179795,141.33804644109378,144.07867648328235,20681
2022-08-29,141.2401885986328,144.81278607209512,139.91880874667632,141.7295863311747,23193
2022-08-30,143.54034423828125,145.30217900427277,140.21244574103403,143.9808141312039,24421
2022-09-01,143.00201416015625,145.59581600052638,141.53382105762992,144.56807784171144,41161
2022-09-02,143.0509490966797,145.0574827569736,141.97428306241872,143.44247623796548,27102
2022-09-05,143.4914093017578,145.84051224980948,142.07214404644296,143.05093943066987,24658
2022-09-06,140.7997283935547,145.20430782273493,139.5762341076713,142.61049097552234,49487
2022-09-07,143.39353942871094,143.88293717420143,141.0444362244502,141.9253461922395,23837
2022-09-08,142.3168487548828,144.86172283279535,140.9465411346117,144.568081218385,46450
2022-09-09,142.26792907714844,146.1341682384131,140.11456707167403,140.11456707167403,44323
2022-09-12,143.44247436523438,145.74263468242094,140.06563309261026,140.06563309261026,59103
2022-09-13,148.5811309814453,154.6496589138014,141.72956381437817,141.72956381437817,190585
2022-09-14,151.56646728515625,154.06238350192527,146.23202063147963,147.35764425524533,83841
2022-09-15,152.49632263183594,154.64966947289307,147.06400530571003,153.57298858474843,127138
2022-09-16,146.23202514648438,153.67087607717966,144.91066033243786,153.67087607717966,69832
2022-09-19,148.33644104003906,150.63660119420524,144.95960000674353,146.81930523225932,29303
2022-09-20,147.35765075683594,151.4196457010068,146.96612363489987,151.1260040933629,26032
2022-09-21,147.15992736816406,151.3122365418701,146.27013713309606,148.7417515323898,18811
2022-09-22,143.99624633789062,148.0002646114829,140.8820182837282,143.15590650822207,81845
2022-09-23,141.2774658203125,146.86332312900365,140.88201357081948,146.86332312900365,29935
2022-09-26,139.349609375,145.33091891904766,133.4671704358601,138.70699569970853,29568
2022-09-27,137.4217529296875,142.1178200262056,136.43310722515739,140.68428677174415,23395
2022-09-28,133.9615020751953,138.45984335386837,132.23137197459315,138.45984335386837,48847
2022-09-29,133.71434020996094,137.12516509469722,132.9234205779332,134.10979248320618,28752
2022-09-30,134.10980224609375,135.44448016514815,132.62683348516148,133.71434994406047,14414
2022-10-03,133.0717315673828,136.03766898639844,131.78648900203515,136.03766898639844,17353
2022-10-04,138.3609619140625,146.17127195113795,134.45581443829283,134.45581443829283,33422
2022-10-06,137.37232971191406,139.69565335615573,136.97687742952883,138.16324936222213,21082
2022-10-07,136.531982421875,138.5092738974385,135.98822424898768,136.4331118138821,8957
2022-10-10,134.10980224609375,136.13652923647552,133.4671884839051,135.6422063161648,21488
2022-10-11,133.8626251220703,136.3836747377635,131.5393167197935,133.46717286631068,20615
2022-10-12,132.37965393066406,136.08707532624504,131.48987882993913,136.08707532624504,12581
2022-10-13,132.0336456298828,134.06037247593963,130.550676974554,131.58875805039162,11858
2022-10-14,130.1057891845703,134.30753370120414,128.77111136271878,134.30753370120414,21937
2022-10-17,129.80918884277344,131.78648032526644,127.43643001245972,128.82054310152694,17099
2022-10-18,132.42909240722656,134.4063838655966,128.62281540118622,128.62281540118622,21477
2022-10-19,132.577392578125,134.40637804661128,131.48987628888972,133.31887684291198,11464
2022-10-20,128.42507934570312,132.4290977268496,127.93075646125386,131.48988726350345,65536
2022-10-21,129.9574737548828,132.92341084363116,128.52394051242834,129.36429538845482,15273
2022-10-24,130.79783630371094,134.9501454544322,129.809190549466,134.9501454544322,8100
2022-10-25,130.69895935058594,133.22000891865852,129.66087834190472,133.22000891865852,13074
2022-10-27,129.71031188964844,132.9728456932823,128.7216661967616,132.9728456932823,20284
2022-10-28,130.2046356201172,132.23136232140294,129.0676990997925,129.71031277031756,17238
2022-10-31,130.0069122314453,131.98420367222775,128.7711050809563,129.21599263802503,17905
2022-11-01,138.7564239501953,143.05702350546122,128.52393536927354,131.44043703939226,106107
2022-11-02,134.35694885253906,140.38769384782213,133.31888290307958,140.38769384782213,34629
2022-11-03,132.67625427246094,134.25809347853337,131.48988241067497,132.62681896873303,20735
2022-11-04,132.47853088378906,134.45582238951727,131.48988513092496,132.47853088378906,17900
2022-11-07,139.0530242919922,140.338266835755,132.47853582447044,134.95015029880756,49417
2022-11-09,139.10244750976562,144.73772500440802,137.47118813268418,140.28881933723724,57641
2022-11-10,140.0911102294922,150.07643908509527,136.63084984584293,147.0610663050933,106782
2022-11-11,136.72970581054688,143.35362910375082,135.9882215220792,141.96953113282575,46603
2022-11-14,134.60411071777344,138.26211200384773,134.10978785052413,136.72970809826754,21739
2022-11-15,133.9120635986328,137.12516228081188,130.35294795584892,137.12516228081188,29794
2022-11-16,133.0717315673828,136.23539513055857,132.28081190520442,136.23539513055857,30695
2022-11-17,133.4671630859375,135.44445439091436,132.03362990693637,135.44445439091436,11254
2022-11-18,134.35694885253906,135.14786845470454,131.24272083308725,133.81320576874091,26466
2022-11-21,132.0336456298828,135.74106726820483,131.48988743915478,135.64219665696803,64399
2022-11-22,131.78648376464844,134.60411514941381,131.4898870174265,134.55469492949118,13998
2022-11-23,133.02227783203125,134.45581103552342,130.50122835800804,132.47851969676574,22276
2022-11-24,133.1211395263672,134.455817276191,131.53931543326325,133.5166068637955,19732
2022-11-25,132.52796936035156,133.46717983094334,131.24272683376094,133.1705830808782,65983
2022-11-28,133.76377868652344,135.0984414545188,132.72569758772423,135.0984414545188,33472
2022-11-29,135.69163513183594,140.33826734328673,133.4671820968878,134.01094030031598,168216
2022-11-30,133.36830139160156,137.7183516043289,132.5279615821974,135.44446343466873,59144
2022-12-01,134.01092529296875,135.09842649250257,133.36829654795991,134.40637753179269,16059
2022-12-02,135.24673461914062,138.60812396100008,133.4671693441119,133.4671693441119,44408
2022-12-05,135.74105834960938,137.42175303144788,134.06036366777087,134.65354203960644,34784
2022-12-06,135.98822021484375,137.96551163175013,134.45581634963403,134.45581634963403,17524
2022-12-07,137.4217529296875,139.30017373408023,135.59275234209227,136.92743007742243,69861
2022-12-08,136.28482055664062,140.38769432125122,135.9387885152961,139.39904858659452,55483
2022-12-09,133.8626251220703,137.86664332516696,133.02228530719697,137.86664332516696,30903
2022-12-12,134.65354919433594,135.5927596471321,132.9234191181977,134.1592263154393,11077
2022-12-13,134.75242614746094,137.12517004364088,134.2581032452953,134.55470000370224,16377
2022-12-14,139.64620971679688,142.06838874433487,135.04901309484796,135.34559474617112,134574
2022-12-15,137.4217529296875,142.2661108476706,136.33423662048986,141.376335747808,72917
2022-12-16,134.9995880126953,138.60813917535967,134.15923304222056,138.01496074226384,38164
2022-12-19,133.02227783203125,137.42174804366,131.58874462853908,135.04900447136504,57238
2022-12-20,133.22000122070312,134.95013110668629,132.4785169838532,134.95013110668629,23298
2022-12-21,129.75975036621094,134.5546881282436,128.82053995209614,134.30752669897464,38221
2022-12-22,127.4364242553711,130.946119495349,125.90402795132785,129.0676987060552,52784
2022-12-23,119.9227294921875,128.42507367817544,119.1318098948653,128.42507367817544,55126
2022-12-26,124.27276611328125,126.54665432529627,120.12045703533983,122.19661157431054,36040
2022-12-27,125.36028289794922,126.64552537755732,124.86596002775663,126.54665476930408,28192
2022-12-28,132.52796936035156,133.46717983094334,125.7557397569369,126.99154697759379,46490
2022-12-29,136.23538208007812,139.99223880138925,130.30350781028258,132.52796066145592,88682
2022-12-30,136.72970581054688,139.89336909090167,133.6648980506659,137.22402866952532,66079
2023-01-02,156.40374755859375,161.989604844762,140.38769015012355,140.9808836075076,647972
2023-01-03,159.32025146484375,161.1492520778561,153.24008633170365,157.44183063434713,277968
2023-01-04,156.45318603515625,162.53335121178654,146.61616408512418,159.9134460738485,164722
2023-01-05,158.23275756835938,161.64358243754884,156.45319217579268,156.45319217579268,143026
2023-01-06,152.05372619628906,158.18332710448016,149.43380578979853,157.34297214502254,243298
2023-01-09,154.27816772460938,157.1946695834209,152.3008762833085,154.22873242146954,154491
2023-01-10,160.75381469726562,166.73510977773728,154.77250453125612,155.0196659836901,358716
2023-01-11,161.69300842285156,163.0771063786587,159.22139415495576,161.1986855692724,130941
2023-01-12,162.82994079589844,165.69702232480176,161.14924615373357,162.9782466995087,92321
2023-01-13,164.75779724121094,166.98225003070812,161.49527855171047,161.49527855171047,112178
2023-01-16,174.4959716796875,177.95623174132436,165.30156335594506,165.30156335594506,567754
2023-01-17,180.23011779785156,182.20740923812303,171.03570958348192,174.59484021018517,354973
2023-01-18,181.07046508789062,183.59151479547782,179.48864092165695,181.21877100335877,159233
2023-01-19,179.6863555908203,182.4051312600074,177.01701522363476,182.1085345335343,170047
2023-01-20,181.0210418701172,182.55343070581466,175.08916740252891,175.08916740252891,230222
2023-01-23,181.317626953125,182.89946620860346,178.99431846071639,182.89946620860346,169653
2023-01-24,181.9108123779297,182.65229666751364,178.1045203238508,181.9108123779297,220943
2023-01-25,182.55343627929688,184.28356638516553,178.15396559862407,178.45056234816616,150895
2023-01-27,182.40513610839844,183.34434652924764,177.21474605653344,183.2454910081531,230406
2023-01-30,181.9602508544922,185.2722050210742,179.439201208831,181.2682018559181,148267
2023-01-31,182.7511749267578,183.78924090721733,179.98296377927917,183.78924090721733,246398
2023-02-01,182.8500213623047,184.67902196316922,180.62556851097364,182.8994566649971,184513
2023-02-02,183.78924560546875,184.53072994505865,180.9716141663496,182.89947043217586,118438
2023-02-03,183.39378356933594,184.48129991043078,181.51536270984852,184.43186460664708,125161
2023-02-06,182.8500213623047,188.7324603298284,180.8727299388993,185.86539380010515,209701
2023-02-07,182.9488983154297,185.81596494463093,180.82330091019566,185.81596494463093,217272
2023-02-08,183.49264526367188,184.7284523705513,181.86137083126945,183.04774263676651,81772
2023-02-09,182.89947509765625,184.62960526749896,182.0591201238032,184.62960526749896,241040
2023-02-10,182.9488983154297,183.88810875702754,182.602866270113,183.88810875702754,98638
2023-02-13,183.3443603515625,184.18471531467145,182.30627924582134,182.9983433733406,120612
2023-02-14,182.9983367919922,184.1847086906564,182.65230474067724,184.1847086906564,124186
2023-02-15,179.53807067871094,183.78923525109292,178.99431250987192,183.78923525109292,206089
2023-02-16,167.0811309814453,179.43920279959954,165.84532379962988,179.43920279959954,145120
2023-02-17,162.97825622558594,172.3703907528412,160.25948044138048,169.55274436044988,134866
2023-02-20,161.8907470703125,167.72375115954694,160.16061694895038,163.8186033312942,57104
2023-02-21,159.56741333007812,162.63222109929464,159.27083168221682,160.21004210002945,39071
2023-02-22,152.59747314453125,161.7918662858587,151.60882742305202,159.56741341253047,49051
2023-02-23,150.5213165283203,153.932141373431,148.98891258760767,153.88270606846535,32240
2023-02-24,164.95553588867188,170.04705504924607,150.5213030886495,150.5213030886495,248997
2023-02-27,165.94419860839844,167.08113521022946,161.74245408388083,167.03169990459827,135000
2023-02-28,166.53736877441406,167.92148183587625,164.36235120415807,165.89475508963497,117246
2023-03-01,170.83798217773438,171.53003115954166,162.43449361948592,167.87204503952904,139480
2023-03-02,171.97491455078125,173.95220592839422,166.73508938299966,172.02434985232878,151666
2023-03-03,176.17666625976562,176.96758586172984,168.1192095857507,168.1192095857507,121944
2023-03-06,171.48060607910156,179.78523961245423,170.2942341702047,176.96759312897905,63646
2023-03-08,165.1532745361328,173.21073131472895,163.4725797886048,173.21073131472895,45071
2023-03-09,173.06243896484375,175.97894086659286,161.59414240224436,163.17598161278798,184215
2023-03-10,175.78121948242188,176.47326849864245,169.60218347056463,173.0130083320024,370068
2023-03-13,175.58348083496094,178.5988381254413,171.62889806917835,176.720417345909,150091
2023-03-14,176.423828125,177.46190916227664,173.01300336155106,175.58348830285163,172709
2023-03-15,176.17666625976562,179.9335230549432,174.10051927583828,176.6709891253012,67522
2023-03-16,176.76986694335938,177.8079480204364,173.35904204913814,176.47327019483203,88212
2023-03-17,176.27552795410156,177.16530303286137,175.33631757418044,176.47325407321085,62670
2023-03-20,175.73178100585938,178.9943149783498,174.4465385214799,174.4465385214799,106229
2023-03-21,176.8192901611328,178.35167893361364,174.74312814891144,178.35167893361364,111120
2023-03-22,175.97894287109375,176.52270104875788,175.48461999786034,176.127233698849,41999
2023-03-23,175.97894287109375,176.96758861756055,175.48461999786034,176.3743951354657,29983
2023-03-24,175.8800811767578,176.76987144499932,169.84935086896328,175.43519358540587,120334
2023-03-27,161.8907470703125,175.6823527349202,159.96289080933076,175.6823527349202,57940
2023-03-28,152.25144958496094,163.27484395900777,149.53267369951521,160.21005110310045,114460
2023-03-29,151.1639404296875,155.3656851809732,149.7304070022388,152.9929412379918,66091
2023-03-31,146.51730346679688,153.6355501574094,145.47922236731353,153.6355501574094,87680
2023-04-03,145.8746795654297,148.29685857165947,144.44114628301097,146.3690024273352,40352
2023-04-05,141.57406616210938,148.2474248699286,138.95416099992096,148.2474248699286,139362
2023-04-06,146.51730346679688,156.99695490404423,142.36499415440105,145.083770084433,188563
2023-04-10,150.37303161621094,151.55940355438543,145.52865816415343,148.0002726543243,53397
2023-04-11,153.7344207763672,154.92079271058853,150.1752898881655,151.8065644975653,40921
2023-04-12,156.00830078125,156.79922039031754,150.47187860331414,153.73441256225718,37174
2023-04-13,156.65090942382812,157.837281256384,154.37702127819986,157.73842573690052,37546
2023-04-17,160.70436096191406,161.8907327804498,156.30489063017853,157.59011796702953,39760
2023-04-18,163.2748260498047,164.60950373593192,160.1605982295554,161.5941314311696,41969
2023-04-19,168.76182556152344,169.9481974377632,162.4344988312201,164.0163229710275,67342
2023-04-20,168.81124877929688,169.75045915217703,167.0811188503729,167.0811188503729,28920
2023-04-21,169.2067108154297,171.97492187915697,166.88340239905278,167.13056383178673,36216
2023-04-24,169.89877319335938,171.6783234227856,167.42715889078235,169.2067091202086,33198
2023-04-25,169.89877319335938,171.97492015620216,167.3777235876235,167.3777235876235,16792
2023-04-26,170.04705810546875,171.03570379212843,166.38907208193504,166.38907208193504,45143
2023-04-27,169.9976348876953,171.53003882805044,169.30558587494892,169.30558587494892,16534
2023-04-28,170.73910522460938,171.08513724541666,169.25613671063962,169.25613671063962,16209
2023-05-02,169.75047302246094,173.70505604027267,166.43851879636583,173.55676521131954,43294
2023-05-03,170.1953582763672,172.27152036665058,166.7350981829194,166.7350981829194,32128
2023-05-04,171.87606811523438,172.81527855212167,170.64026093892565,172.4692465085405,41270
2023-05-05,172.5186767578125,173.95221002322,171.3323049204248,173.0129996138521,46304
2023-05-08,173.21072387695312,174.44653100376576,172.07378735449996,172.86470693276732,23118
2023-05-09,173.80392456054688,175.48461930580496,173.01300494938516,174.00165069195307,39242
2023-05-10,174.54541015625,175.53405590611771,173.6556199300469,173.6556199300469,32852
2023-05-11,174.7925567626953,178.6482688258102,174.0016372128027,174.24879862929816,28230
2023-05-12,174.89141845703125,175.6823380348677,174.29824008780608,174.59483681518677,34386
2023-05-15,173.01300048828125,176.67098662435475,171.08514435709054,174.6442598872419,21697
2023-05-16,173.80392456054688,176.96758791965684,169.651615458869,175.43518400156918,33637
2023-05-17,165.9936065673828,175.33632047669974,164.2140563804045,175.33632047669974,33214
2023-05-18,166.3890838623047,171.38174795052467,163.12654984823263,165.9936165083201,58847
2023-05-19,161.19869995117188,169.2067218422959,159.8640220932157,168.5146728026488,30680
2023-05-22,160.55606079101562,162.33562612515138,159.17196280087487,161.1986895679312,22269
2023-05-23,160.30889892578125,162.63222242318426,158.67763950711898,160.40776953289753,26786
2023-05-24,160.2594757080078,169.05841649733898,157.09579736594432,160.06173449747658,78011
2023-05-25,161.98960876464844,166.0430472030718,159.46855913806533,161.59414142164397,30039
2023-05-26,166.29022216796875,167.08114183280557,162.03904216931642,165.10385021348245,36397
2023-05-29,161.2481231689453,162.18733358701886,157.19466967763447,162.18733358701886,40706
2023-05-30,161.64358520507812,164.11519965775517,159.6662936429365,161.29755314748837,15941
2023-05-31,158.82594299316406,163.12655829142588,156.99695730000715,163.12655829142588,20495
2023-06-01,159.12252807617188,161.44585158829403,158.3316084708407,159.07309277230055,15380
2023-06-02,160.11117553710938,163.02767747051104,157.7384317810795,158.183319349643,17749
2023-06-05,161.79185485839844,164.36233958690406,159.51798192803054,164.0163075746122,20882
2023-06-06,160.90208435058594,162.87937570973293,159.76514785329078,162.87937570973293,8109
2023-06-07,157.9361572265625,162.6322244993398,155.810574916257,160.30890097227734,47226
2023-06-08,159.07308959960938,166.58680307209033,157.29353938002805,159.3202510284997,46452
2023-06-09,157.5406951904297,161.14924588931973,155.36566262533532,161.14924588931973,24976
2023-06-12,155.31625366210938,158.4799170511717,153.3389621582533,158.2821909178935,46462
2023-06-13,154.97021484375,156.50261870939195,153.33895545855663,153.33895545855663,71280
2023-06-14,154.57476806640625,155.95886607341356,154.228736021886,155.21738176561604,17359
2023-06-15,154.22872924804688,155.95885922358588,152.00427642235388,155.56340697767715,30650
2023-06-16,151.55938720703125,156.0082928094752,150.52130621602046,155.76113138711722,65763
2023-06-19,151.36166381835938,158.18331316435777,149.5820985281531,152.25143892069437,64318
2023-06-20,150.7684783935547,154.22873855340677,149.28550975361807,152.10315620371247,40813
2023-06-21,151.50994873046875,153.98156290225452,149.28549597586152,152.1031421659116,47935
2023-06-22,149.4832305908203,152.44916776558077,147.80253587556336,152.00428020647402,85133
2023-06-23,150.076416015625,151.70767534009025,147.30820511712227,150.86733557027375,16280
2023-06-26,148.09913635253906,150.37302459442276,147.7531043058583,150.07642785234455,23417
2023-06-27,153.83328247070312,155.81057394160914,148.24742501407158,148.29686031795157,65774
2023-06-28,155.11851501464844,157.9855967940887,153.8827078042528,155.11851501464844,26728
2023-06-30,155.9588623046875,157.54070149064538,153.24008657512877,155.1185074086093,12848
2023-07-03,157.24411010742188,159.46856305274227,154.77249572373256,157.8867238129663,31178
2023-07-04,155.61282348632812,159.1719539568446,155.26680655078692,158.77650172035868,30337
2023-07-05,155.46453857421875,156.65091041427561,153.24008571703595,153.33895632268087,13518
2023-07-06,156.20602416992188,157.44183132316493,154.97021701667882,156.99694376510473,20364
2023-07-07,156.7003631591797,158.2327672040269,154.1298779816593,156.1566049386806,29304
2023-07-10,154.3770294189453,157.59012813955223,153.3389634391789,157.3924020046223,15414
2023-07-11,159.61685180664062,162.63222433265125,156.20602701859514,156.40375314961256,64215
2023-07-12,161.8907470703125,163.02768368727834,159.96289080933076,162.53336079546057,35586
2023-07-13,159.9134521484375,166.09248816653786,158.72708025006966,163.1265508778497,62596
2023-07-14,168.0203399658203,169.94819613563092,159.9628832444548,162.03903024058286,91473
2023-07-17,166.88339233398438,170.54137830071872,164.7577950893496,169.75045874656476,53413
2023-07-18,173.70504760742188,176.4732586026093,163.12654156543715,163.12654156543715,84229
2023-07-19,171.67832946777344,178.40112362460744,169.35502099286663,176.47326741782265,50379
2023-07-20,171.5794677734375,173.01300105075072,169.5527410297357,173.01300105075072,21240
2023-07-21,169.0584259033203,171.62891092787808,168.06978013780383,169.84934553284094,28447
2023-07-24,167.57545471191406,171.92548997995547,166.33964752377312,168.16864819643652,33134
2023-07-25,170.44252014160156,172.8647142815551,166.3890816446589,168.02034108718485,26804
2023-07-26,169.2067108154297,171.62890492465147,167.9214834336426,171.4805990136891,20923
2023-07-27,166.9822540283203,171.43115971382304,166.0924789254343,169.20670687107167,17641
2023-07-28,165.9936065673828,168.0203332642594,164.46121780476662,166.98225226483126,17862
2023-07-31,167.72373962402344,172.91412963113072,165.99360962165434,165.99360962165434,32873
2023-08-01,168.3169403076172,169.94819977418103,167.0811331100576,169.5527475051768,13413
2023-08-02,165.9936065673828,171.03570565858445,165.35099289825575,169.1572848676468,37749
2023-08-03,167.13055419921875,169.05841024632406,165.3509889689924,165.3509889689924,21029
2023-08-04,168.66297912597656,173.0130146017483,165.2027188339416,165.2027188339416,19947
2023-08-07,170.9862823486328,172.66697713506258,168.56410323711313,168.56410323711313,45446
2023-08-08,173.11187744140625,175.4351859103976,169.40445586643784,171.62890881141888,47090
2023-08-09,173.70504760742188,175.33632207439803,172.3209496525963,175.33632207439803,31335
2023-08-10,174.54541015625,182.35570554599008,172.02436047697998,175.92950817185002,134479
2023-08-11,183.2454833984375,198.56949148662449,179.98294962707115,188.83132547378807,561243
2023-08-14,195.5541229248047,198.12459269936775,182.207405944249,187.34836057891135,245624
2023-08-16,202.07919311523438,205.63832398769802,195.55413996310108,197.53143153990587,445942
2023-08-17,195.15866088867188,201.68372873489793,192.0444328762447,201.68372873489793,169375
2023-08-18,191.50067138671875,200.8433703474956,189.86941199622336,195.15865750380948,126388
2023-08-21,217.30433654785156,229.76126381357852,195.45525967182863,195.75185641077047,3135730
2023-08-22,210.43325805664062,221.45665235153095,208.80198348576457,219.28163467590014,357404
2023-08-23,208.65367126464844,214.38781915659916,207.71446089708292,212.31165721942426,142535
2023-08-24,213.94293212890625,220.17140330880318,209.3457354715382,210.38381651577717,224216
2023-08-25,212.5093994140625,217.15603138847175,210.13665566537512,212.55883471831365,82865
2023-08-28,204.3036346435547,214.2395272750418,202.77124582618418,213.99236584184828,118225
2023-08-29,206.528076171875,211.57017516564443,204.69909071825987,204.69909071825987,84231
2023-08-30,204.00706481933594,210.53211798260898,202.5240961342006,207.61561591895028,70665
2023-08-31,209.88949584960938,213.89351415626757,204.25421808883047,204.3036383079262,95290
2023-09-01,211.61961364746094,215.5247611185102,206.62694987967262,215.5247611185102,98439
2023-09-04,214.04180908203125,218.3918444333172,211.61962996403025,214.53613196674726,147799
2023-09-05,210.9275665283203,217.40318380714416,208.5053724903082,215.42589240340283,74748
2023-09-06,208.01104736328125,214.4866796567839,206.62694943002185,212.2127915502554,102576
2023-09-07,207.6650390625,211.91621872800147,203.61158552632813,208.01105601744263,67707
2023-09-08,208.3076629638672,214.98102198319123,204.69911189874395,208.9997119932081,89585
2023-09-11,206.528076171875,210.72982030483757,206.18205923577608,208.55480282958766,71653
2023-09-12,194.12059020996094,208.55480845156455,190.26486290915912,208.0604855990671,137241
2023-09-13,198.3223419189453,202.5735065419632,191.79727398622998,193.77456547062408,81477
2023-09-14,197.5808563232422,201.63429478848263,196.7405014136426,201.0411163983565,36199
2023-09-15,198.61891174316406,200.6950737123336,195.75184529577368,197.58084584411523,47538
2023-09-18,200.29962158203125,202.4252037680923,195.45524867984935,201.53542868684255,45479
2023-09-20,198.66836547851562,201.8320289415574,196.69107392842233,198.2729132027119,34748
2023-09-21,196.19674682617188,200.49736188945326,195.85072986366114,199.8547330981556,27424
2023-09-22,194.6526641845703,201.2274278069496,191.21586214577525,198.68717753464713,54586
2023-09-25,196.94387817382812,198.23890926438511,194.7024834710901,195.25038299406773,39531
2023-09-26,200.38067626953125,201.72551914399668,196.64501850760539,198.23890523286587,52715
2023-09-27,197.39215087890625,203.02055105048316,195.79827934746365,202.07418745362185,29901
2023-09-28,197.29254150390625,199.0358484582697,196.29636610141284,198.23890509618892,24827
2023-09-29,196.64501953125,199.8327929983651,196.24655544807584,199.13545805216467,24698
2023-10-03,196.59523010253906,199.1354653263191,194.40363196373363,199.1354653263191,22215
2023-10-04,199.28489685058594,201.2274358896324,192.41127729647374,195.84809467374518,50510
2023-10-05,196.84426879882812,200.2312591419526,194.9515263831981,200.2312591419526,21228
2023-10-06,196.74464416503906,202.12398531773374,195.25038104479825,201.22743352576146,22033
2023-10-09,191.31549072265625,194.75229285052052,190.16987987974787,194.75229285052052,25802
2023-10-10,193.706298828125,195.25037370105093,192.3116593818609,193.75611063701226,18285
2023-10-11,194.80210876464844,198.68718686921554,193.85574514434936,193.85574514434936,14540
2023-10-12,194.0549774169922,197.09331552817466,192.3116704089861,193.75612174696212,25232
2023-10-13,192.0128173828125,194.45344418754024,191.61435328423977,194.00516827653817,27319
2023-10-16,192.85955810546875,196.94386801053994,190.16987244063984,194.8020970408442,55867
2023-10-17,193.85574340820312,197.89024171126317,193.25803207419315,197.6910096667367,45092
2023-10-18,198.1890869140625,200.87875737423389,194.75228492604185,194.75228492604185,62352
2023-10-19,196.64501953125,200.2312570815393,194.55306029393995,194.55306029393995,27141
2023-10-20,195.8480987548828,199.63355328916617,194.35383558595063,198.8864217047001,37814
2023-10-23,188.2771453857422,196.8940562769283,178.21576804421576,195.99750452193004,80861
2023-10-25,188.2273406982422,192.1622305280497,184.93995880482726,185.63729375224136,62029
2023-10-26,190.41893005371094,191.76377298337715,176.32305360030003,186.3346198532846,44637
2023-10-27,188.0779266357422,199.18527674249546,184.59131258603458,193.4074561343224,67025
2023-10-30,185.88633728027344,189.72160348220376,183.34608694886765,189.22351577802343,23889
2023-10-31,186.7828826904297,191.265671875,186.2847950032552,187.57982602999482,39809
2023-11-01,184.69091796875,188.07792353866503,183.4955104971926,186.78289244429843,18447
2023-11-02,183.84417724609375,187.1315591801372,181.40355050127215,187.1315591801372,36689
2023-11-03,184.84034729003906,187.28097396384354,183.79436008685707,184.3422595933267,28572
2023-11-06,185.33843994140625,187.2809789704283,184.59130837636465,186.5338474053867,15450
2023-11-07,185.2388153076172,186.83270205117378,184.2924517038188,185.18900349680032,24672
2023-11-08,190.66796875,193.20821910365424,183.8441762632224,184.49168420415577,52417
2023-11-09,187.33079528808594,193.3576597644944,186.28480803177854,193.10861590348932,32914
2023-11-10,183.84417724609375,189.77141796935493,181.10469483446263,189.77141796935493,33986
2023-11-13,186.7330780029297,187.23116570909937,184.64111875727528,187.23116570909937,22965
2023-11-15,192.75994873046875,195.35001096929344,186.78289605665577,186.78289605665577,57680
2023-11-16,187.629638671875,194.2541988605367,187.3307830181574,194.2043870515121,70842
2023-11-17,187.23117065429688,190.26950878226742,184.29245615036373,189.1737097195794,28526
2023-11-20,189.02427673339844,190.26949594771597,184.34225552765056,184.34225552765056,43666
2023-11-21,207.5033416748047,212.0857394567053,190.16988035942347,191.01663554108157,682549
2023-11-22,206.60678100585938,211.6374700381561,205.01290941571463,209.6949309624382,146910
2023-11-23,203.66806030273438,209.2466486999513,201.92475332865789,207.10486244011332,67426
2023-11-24,200.6297149658203,205.26193959185716,200.0818306684915,203.6680529075462,49573
2023-11-28,199.18527221679688,206.05889173601744,197.69100908658768,201.27724667926196,41556
2023-11-29,199.633544921875,201.87493958132913,196.54541028910754,201.725519350871,47659
2023-11-30,198.78680419921875,201.17761908011863,196.744641588217,199.33470370955047,33403
2023-12-01,196.94387817382812,205.16232541720086,193.0588001025878,201.32705915721866,74758
2023-12-04,202.82131958007812,204.41519111600772,199.73316972854195,202.17379644324353,70716
2023-12-05,201.22743225097656,208.20066010125794,200.13163322290305,204.21595847252573,59707
2023-12-06,202.87110900878906,204.36537207106966,200.23125034559865,202.32322471296345,43131
2023-12-07,200.4304962158203,208.10104409159138,195.59905443453243,208.10104409159138,78391
2023-12-08,205.56080627441406,213.18154224166577,201.22743706923592,201.27724888087386,288784
2023-12-11,210.4420623779297,212.18536940354568,204.7638653917238,207.2044921875,136358
2023-12-12,203.51864624023438,210.44206253564025,202.27342693528976,210.44206253564025,56663
2023-12-13,204.21595764160156,208.9976026167105,203.07036200817447,205.5608005159989,78695
2023-12-14,204.21595764160156,208.00142721358074,201.32705505269738,206.8558163797233,65128
2023-12-15,214.37693786621094,215.97082454791672,204.41518410662465,207.2542900082787,369593
2023-12-18,215.67198181152344,221.74865804897195,213.5800073165511,216.21988134120008,266448
2023-12-19,219.15858459472656,221.10112355445744,215.17388305664062,218.5110766749596,235858
2023-12-20,205.06271362304688,222.64520347744718,203.21978303981754,221.05131674598232,244918
2023-12-21,203.6182403564453,210.2926275222948,194.25419792143038,199.18526298242685,190789
2023-12-22,205.85964965820312,207.80220393657274,202.2734271759543,202.2734271759543,54838
2023-12-26,202.87110900878906,207.05505774351863,202.27341290413477,205.21212721986728,64124
2023-12-27,202.92092895507812,205.8098467782622,201.62589787574944,204.51481569893352,59081
2023-12-28,203.36920166015625,205.2121322287908,202.57227350116537,205.2121322287908,73620
2023-12-29,202.72169494628906,204.21595805400128,201.6258959204613,202.77150675663222,62655
2024-01-01,206.35772705078125,207.70256991457288,202.77150474805396,202.82131655790369,62505
2024-01-02,212.33477783203125,213.13172118236716,203.21977911372025,204.2159545015326,139716
2024-01-03,210.69110107421875,213.67962733059065,209.99378132115143,213.18153962119533,94191
2024-01-04,216.66815185546875,223.54175611002177,209.09721265299052,211.63746299069246,317409
2024-01-05,213.28115844726562,219.00916697650797,211.53785150358317,217.26586003282551,93524
2024-01-08,211.488037109375,214.97465095413483,209.7447301869951,210.09338245121305,41102
2024-01-09,210.98995971679688,214.8252260129942,210.59148042340013,212.43441105433692,48276
2024-01-10,210.7907257080078,211.93632136494335,209.74473847317108,211.93632136494335,44272
2024-01-11,216.9171905517578,223.59156260557205,210.04358646059976,212.03593723489834,244831
2024-01-12,218.46127319335938,220.8022763159655,216.21987849274439,219.10878113780922,142496
2024-01-15,220.15476989746094,230.36556804881374,219.25821809117298,221.44980099576745,262004
2024-01-16,215.4229278564453,222.1471117317332,212.03593761425012,221.69883584680002,80034
2024-01-17,211.488037109375,215.42292683694652,209.7447301869951,210.19300606980678,73018
2024-01-18,211.68727111816406,213.92866575353284,208.3002808604455,209.64510852140867,90218
2024-01-19,213.23135375976562,214.82522532697033,211.68727880369954,214.42676123527684,55934
2024-01-23,213.18153381347656,221.15093694669062,212.1853584218248,218.16241077173535,97834
2024-01-24,212.23516845703125,214.92483895191708,211.23899307370834,213.3807640676806,47497
2024-01-25,213.5800018310547,216.02064374598163,212.23517414776745,212.23517414776745,38105
2024-01-29,256.26611328125,256.26611328125,224.13945768039358,224.13945768039358,1570751
2024-01-30,276.986572265625,295.56526876593836,246.40400413003272,262.79107207475977,2010704
2024-01-31,280.8716735839844,292.87557530962977,271.6072238795915,275.8409694410402,689328
2024-02-01,266.1282653808594,280.92147689317227,260.9979678936565,276.5383109934512,223591
2024-02-02,269.9635314941406,278.9291100308464,268.9673561011733,274.89461184967297,135796
2024-02-05,263.3389892578125,277.9329536847421,260.05159199521745,274.94442730103515,97942
2024-02-06,265.9290466308594,272.95207134265223,261.5458503616017,268.96736957122664,77268
2024-02-07,265.82940673828125,275.94058078432175,263.4385919019104,266.975002347286,54568
2024-02-08,268.6186828613281,276.8869566858026,265.58036013841013,269.0669739388746,73873
2024-02-09,283.81036376953125,287.89468896652954,263.5381884143804,269.9635318682682,334376
2024-02-12,268.9175720214844,296.6610336875804,267.5229020856603,286.8985265419827,340790
2024-02-13,262.09375,276.2892492430922,247.05149559907767,272.65321516626165,206254
2024-02-14,297.40814208984375,308.81436214221446,273.9482244809967,281.91762737498937,2265330
2024-02-15,293.7223205566406,301.5423034678803,291.0326348365662,298.30473344227903,279009
2024-02-16,285.10540771484375,300.9943868855585,283.7107378533579,293.8219423448293,226275
2024-02-19,304.53082275390625,320.967716358073,286.8487099373026,288.79123366818834,845380
2024-02-20,300.5959167480469,315.0404595578122,299.0518570907951,308.81436351912026,242583
2024-02-21,296.6112365722656,304.9791041686912,294.1705945895799,302.6879128223484,138535
2024-02-22,295.91387939453125,301.69171473997295,290.6341621314082,296.81046154184526,149105
2024-02-23,291.6801452636719,298.25490899069683,288.94066291081657,298.25490899069683,97550
2024-02-26,285.30462646484375,296.81047049409926,282.3659272961149,291.87939013858113,130245
2024-02-27,279.77587890625,288.8908781184352,276.88697620523806,285.2050168234759,127733
2024-02-28,272.9520568847656,284.00960979494096,269.71448686697187,283.81036255657875,80154
2024-02-29,278.5804443359375,280.8218389843775,268.9673578128003,274.19727865916025,78683
2024-03-01,278.4310302734375,283.3122837579874,276.09001195304137,280.37358450545713,90697
2024-03-04,272.1551208496094,280.373567579794,270.9596982557842,280.373567579794,43114
2024-03-05,267.92138671875,274.1474829856771,265.67999206265625,272.8026401118487,50556
2024-03-06,256.8139953613281,270.06314587507194,252.08217760703343,270.06314587507194,114683
2024-03-07,257.6607666015625,262.7910639403384,253.27760082865285,253.27760082865285,47989
2024-03-11,254.27377319335938,261.7948853723289,253.02855393188358,257.90980735669655,67345
2024-03-12,248.0476837158203,255.6684197257123,245.90591260728175,251.83315341502342,73934
2024-03-13,231.4115447998047,253.02854759779828,229.91728172343971,249.14346967942143,142784
2024-03-14,240.7755889892578,242.46908411404513,228.0245409430667,231.41154639307146,60038
2024-03-15,237.7870635986328,243.51507211632295,229.61842840479554,237.38859952105256,67154
2024-03-18,241.323486328125,242.61851736501828,235.34643403516833,236.0935655717879,43214
2024-03-19,233.2544708251953,245.10896756097318,229.86748044379064,244.46144441129562,69098
2024-03-20,233.2046661376953,235.34643715758165,228.17397735096043,233.10504251798562,47585
2024-03-21,234.94798278808594,238.0361175211008,233.9518073515461,234.10122758685475,38518
2024-03-22,243.36566162109375,247.00169587584028,232.9556313735355,236.14338972296724,120272
2024-03-26,241.52272033691406,251.03619835431644,239.28132570875053,244.61087012700034,58681
2024-03-27,237.6874542236328,245.55723372742278,237.08974290923578,242.76793959428693,57288
2024-03-28,241.52272033691406,250.33887862119605,238.9326734424054,238.9326734424054,96969
2024-04-01,254.6722412109375,256.2661279704205,239.08210189660218,239.08210189660218,78366
2024-04-02,260.6492919921875,261.49604717750594,254.67223948527308,255.020906961682,46755
2024-04-03,254.0745391845703,263.2393498379924,252.0323765714743,260.64928771400275,95495
2024-04-04,259.8025207519531,261.9941186960662,255.41935526458622,255.41935526458622,63449
2024-04-05,258.20867919921875,264.58419576198173,254.97109390667273,261.1972054380946,80983
2024-04-08,260.5994873046875,272.055504254542,257.0630464405207,260.997951379293,135360
2024-04-09,256.5151672363281,261.99413197341477,254.02472871947057,260.64928909413953,29143
2024-04-10,260.1014099121094,261.4960494288912,255.22015640294237,255.22015640294237,33699
2024-04-12,263.04010009765625,266.9750050564064,259.30444237765056,259.30444237765056,68771
2024-04-15,252.63009643554688,261.29680448088067,243.26603822482892,259.1052367640561,48697
2024-04-16,250.83697509765625,257.66076763980595,249.09366810361038,256.01708426844925,35947
2024-04-18,247.7488250732422,256.36575161682305,244.06297904208057,252.72970219654997,35901
2024-04-19,243.96334838867188,247.05149819629767,240.078270424628,244.01316019855557,49473
2024-04-22,260.6492919921875,271.85626544265205,244.66068869653589,244.66068869653589,299055
2024-04-23,255.56878662109375,263.6876404489688,254.17414714174916,262.2431739591251,65404
2024-04-24,261.09759521484375,267.921403223946,255.36958629639904,255.56880314869696,70370
2024-04-25,262.2431640625,265.6301542133348,259.1550143599397,262.94049897628634,30241
2024-04-26,263.9864807128906,265.0324527214088,259.7527352674952,263.9864807128906,60895
2024-04-29,272.2547302246094,277.8333186588092,266.9252160463613,266.9750126570349,145957
2024-04-30,268.1704406738281,276.93677238762405,265.0822907289017,274.5459574112126,62146
2024-05-02,267.92138671875,275.59191907908775,263.88685809726485,268.1704305694271,55527
2024-05-03,263.8868713378906,271.35818723307926,261.99414405794863,271.35818723307926,44911
2024-05-06,253.6262664794922,266.676170482803,250.58792842676695,265.2815005825421,102308
2024-05-07,248.89442443847656,256.4653633964677,247.40016137048593,255.36956439976925,71441
2024-05-08,248.99403381347656,253.0285471526501,246.55340716646023,248.99403381347656,31516
2024-05-09,243.06680297851562,250.68753887697306,240.92503190129523,248.44614417737608,47744
2024-05-10,250.04002380371094,251.13582281688733,240.92502503207444,243.6645073645852,53771
2024-05-13,243.3158416748047,250.68753356144344,240.92502679276788,250.63773695174166,65472
2024-05-14,251.33505249023438,252.67988013873457,245.90589968607424,246.15494353214055,22245
2024-05-15,246.80245971679688,254.92128329027508,245.35800840132555,251.88296042686076,64103
2024-05-16,250.1396484375,253.6760589389181,244.36182809087273,247.05149862452137,30340
2024-05-17,254.97109985351562,255.7680432425562,248.3465392830044,248.3465392830044,22273
2024-05-21,262.09375,264.8332323100704,252.63008383793857,262.39259045529997,93778
2024-05-22,262.89068603515625,265.7795886595481,258.75656414155577,262.09375786320714,45663
2024-05-23,264.5841979980469,267.97118835055824,259.75274112419356,262.9405146329462,43793
2024-05-24,270.31219482421875,276.936755005878,262.9902997178122,266.42711693128666,101780
2024-05-27,289.4387512207031,298.9024175504913,270.9597096528821,270.9597096528821,341190
2024-05-28,285.0555725097656,296.4617925151374,278.4808090691409,290.8832044321571,150575
2024-05-29,267.7719421386719,289.5882082716692,261.49604912013325,286.89852246323187,191147
2024-05-30,256.26611328125,268.6685087665756,254.02471870444606,263.8370521541819,145828
2024-05-31,251.78334045410156,262.44242973752785,246.6530430591458,258.1090605278784,81571
2024-06-03,251.48448181152344,264.9826617965068,249.0438550719049,264.9826617965068,126107
2024-06-04,237.1893768310547,254.17415581435785,234.00160328304594,254.02473557948343,123525
2024-06-05,240.87521362304688,242.91737622349302,233.10504249963952,237.7870638174522,63117
2024-06-06,253.177978515625,254.22396575333298,242.96718039598338,243.96335582228988,52484
2024-06-07,257.7106018066406,260.9979686406242,251.6837220765211,254.52282819724994,59695
2024-06-10,260.7489013671875,263.2393397756611,258.0592157256922,261.5956565062404,41768
2024-06-11,260.1014099121094,262.99031256848485,257.0630566210854,260.7489178590944,35770
2024-06-12,260.4998779296875,265.3811315124424,258.955818155841,260.0515868207066,47849
2024-06-13,259.60333251953125,267.27386536720655,256.36576225503427,262.69148254430087,61424
2024-06-14,259.005615234375,264.9826678936298,258.25848365196816,259.005615234375,74893
2024-06-18,259.70294189453125,262.2431770330828,258.9059833249493,261.9941331802499,43769
2024-06-19,261.7450866699219,263.93668471294484,258.6071402362586,262.19337776081403,50021
2024-06-20,272.5535888671875,283.9099820698078,262.69145872809247,263.8868509383968,219271
2024-06-21,268.12060546875,281.220306027509,264.03628020837874,281.220306027509,86367
2024-06-24,302.8871154785156,308.3162835199049,269.61486349870444,273.94823252980245,907769
2024-06-25,290.4847412109375,306.2242997469795,288.8908545539164,304.68024009850063,264934
2024-06-26,285.00579833984375,291.97902639233484,283.06324407916225,291.82960615709663,101181
2024-06-27,285.25482177734375,295.76445971514966,282.51533952427155,286.8487084411213,161872
2024-06-28,291.5307312011719,303.8335037444386,285.9521427571673,285.9521427571673,266054
2024-07-01,301.8411560058594,305.42739364253697,293.32386821950405,293.32386821950405,236077
2024-07-02,299.3507080078125,308.1170393764824,296.86026950525167,304.8296727134463,172073
2024-07-03,297.7568359375,306.772242000901,294.96755683772614,301.2434500126484,110705
2024-07-04,296.1629333496094,304.6304242235906,293.672494857262,298.4541550030853,160768
2024-07-05,297.7568359375,298.35454728769787,292.42729119960075,297.85645956267666,90824
2024-07-08,294.17059326171875,301.99057649246066,291.2318939743147,299.15147042768666,84122
2024-07-09,323.4083251953125,328.53862222947527,293.87173179198487,296.3621701970017,663069
2024-07-10,311.8526916503906,335.86052447337914,305.12850781163496,329.63442832638316,559388
2024-07-11,313.8948669433594,325.64972421553085,310.45804973706817,313.2473590293674,201400
2024-07-12,310.9561462402344,319.67268102416375,309.4120865245683,316.0864434900321,91381
2024-07-15,311.6036682128906,315.14010929651846,304.73006369659464,313.6956427354665,84463
2024-07-16,312.3507995605469,317.5309240504999,307.12087845853864,312.2512063364364,123540
2024-07-18,311.1055603027344,316.7837721526063,305.8258429272017,312.350779532894,168605
2024-07-19,301.6917419433594,310.9063648812312,294.02117879689416,310.9063648812312,152750
2024-07-22,300.6457214355469,310.45805513639334,294.12078477199077,298.9522415080279,90219
2024-07-23,298.30474853515625,306.17452845385185,289.88705388235144,302.23962329407306,103960
2024-07-24,304.8296813964844,308.71475949097317,296.21277001234427,296.21277001234427,57282
2024-07-25,299.8487854003906,304.28177794289974,298.85261003361194,299.8487854003906,36888
2024-07-26,308.0174560546875,310.80673510684016,300.8449807764927,300.8449807764927,74679
2024-07-29,307.27032470703125,317.0328317976431,303.0365791135042,309.8105599028028,104928
2024-07-30,306.3737487792969,314.69181990205107,304.8296889856296,311.25503282557355,68295
2024-07-31,306.971435546875,310.1093818961212,302.58826997960574,308.01743793053026,48411
2024-08-01,309.1630554199219,323.55777235890974,305.32777387669796,309.810563378966,178584
2024-08-02,301.1936340332031,308.31628196283486,299.0518630335041,300.89476317689105,56097
2024-08-05,291.82958984375,298.95223773332145,289.3889480014659,296.95988697255405,126370
2024-08-06,297.9560852050781,304.82968977673397,295.8143140531592,296.8104895099459,92171
2024-08-07,317.3316650390625,319.7723069565519,305.1285162533374,310.80672825683547,314119
2024-08-08,322.0635070800781,326.74554380098573,317.5807176071987,319.7723157320623,212358
2024-08-09,345.4736328125,351.7993529802663,324.50415181633275,330.73024835924014,685732
2024-08-12,350.65374755859375,353.84152106038,330.0329042207979,344.67669504339045,651481
2024-08-13,356.78021240234375,365.74579097652395,351.6499151872905,351.6499151872905,349875
2024-08-14,357.82623291015625,366.6921883129274,355.4852145283077,366.59256468800277,252789
2024-08-16,359.2706604003906,363.60402957273106,354.28978328295597,357.7266006543304,117280
2024-08-19,359.5196838378906,363.30516847266694,355.88364982883854,362.10974587203026,67393
2024-08-20,360.7151184082031,373.46615136743577,359.61931938806737,363.55422437828105,188763
2024-08-21,366.1442565917969,368.0868107846991,360.86453912518874,362.4584258474597,125137
2024-08-22,362.50823974609375,369.33204765069576,361.61168792232655,368.5849160640794,60712
2024-08-23,367.09063720703125,370.4278308981764,362.5580512688898,363.6040232851191,112690
2024-08-26,362.9565124511719,369.53127616013114,362.0101336624416,367.5887219730998,110515
2024-08-27,370.22857666015625,378.34739998758187,360.71511387049327,362.95650849222267,211508
2024-08-28,370.8262939453125,374.81099555923123,368.7841465285234,372.0715131996621,94585
2024-08-29,377.69989013671875,378.297601446299,370.826286078696,373.5657683801504,181954
2024-08-30,376.8531494140625,386.5160631532379,372.5696072662654,379.69225544265413,121247
2024-09-02,377.45086669921875,381.08690096120733,371.07534998765686,380.339769384051,118868
2024-09-03,403.6004638671875,413.36300118825244,377.550482808958,377.550482808958,694078
2024-09-04,392.34368896484375,408.43191566006186,387.063941082868,402.205819384756,233066
2024-09-05,402.85333251953125,411.81891127175015,387.1137730926469,394.7345089518608,191493
2024-09-06,407.18670654296875,409.726941726195,391.84561101883105,403.8495127761446,182495
2024-09-09,415.2059020996094,429.79989629531826,405.44339516267087,410.42427225312133,368280
2024-09-10,415.2059020996094,427.75771844771685,412.41662308930154,416.7001652267445,124590
2024-09-11,406.3897705078125,425.86498760520317,403.45104088913985,423.37454908119616,83997
2024-09-12,407.8341979980469,411.2211882389934,402.9529446742539,407.4357339227932,51389
2024-09-13,406.4893493652344,418.3438606413306,401.3590522672254,407.3361045136498,115937
2024-09-16,400.6617736816406,408.33230632057155,399.51614760622846,404.4472281890754,64636
2024-09-17,394.4854736328125,402.9529648597794,392.1444552722434,401.65794895011743,67156
2024-09-18,396.378173828125,403.2019811959869,382.38192203342595,394.53524331259155,39621
2024-09-19,390.70001220703125,401.55831821382714,381.8340266410197,401.30927435862145,122681
2024-09-20,384.3500061035156,395.70001220703125,381.3500061035156,394.29998779296875,91790
2024-09-23,396.3999938964844,397.5,384.29998779296875,384.29998779296875,57923
2024-09-24,391.1499938964844,397.6000061035156,388.0,397.20001220703125,36619
2024-09-25,388.8999938964844,395.95001220703125,387.0,390.0,33209
2024-09-26,382.79998779296875,388.75,382.0,387.95001220703125,34396
2024-09-27,383.5,387.75,379.79998779296875,383.95001220703125,49722
2024-09-30,430.3999938964844,454.8500061035156,384.6499938964844,384.70001220703125,745091
2024-10-01,420.6000061035156,440.45001220703125,418.29998779296875,434.8500061035156,140694
2024-10-03,404.6000061035156,425.75,399.3999938964844,418.0,96909
2024-10-04,400.1499938964844,417.6499938964844,397.54998779296875,403.0,112466
2024-10-07,382.20001220703125,405.0,373.6499938964844,400.29998779296875,114803
2024-10-08,396.70001220703125,398.6499938964844,376.04998779296875,387.45001220703125,52880
2024-10-09,402.04998779296875,412.0,396.70001220703125,396.70001220703125,48745
2024-10-10,402.6000061035156,409.29998779296875,399.8999938964844,405.0,33397
2024-10-11,404.04998779296875,408.25,400.1000061035156,407.8500061035156,27862
2024-10-14,402.54998779296875,421.0,396.0,409.6499938964844,47468
2024-10-15,406.29998779296875,409.79998779296875,398.0,406.0,49607
2024-10-16,417.8500061035156,425.3500061035156,402.6499938964844,407.0,81681
2024-10-17,414.45001220703125,423.5,406.1000061035156,423.5,48517
2024-10-18,411.3999938964844,420.3500061035156,390.45001220703125,410.0,94525
2024-10-21,412.20001220703125,430.0,408.3500061035156,411.8999938964844,154781
2024-10-22,395.29998779296875,417.79998779296875,393.0,415.95001220703125,83299
2024-10-23,396.70001220703125,409.8999938964844,383.45001220703125,401.0,95235
2024-10-24,386.45001220703125,400.0,380.0,392.20001220703125,77631
2024-10-25,375.29998779296875,391.5,371.0,391.5,88031
2024-10-28,382.3999938964844,384.79998779296875,362.8500061035156,379.79998779296875,80679
2024-10-29,387.3999938964844,390.0,377.0,384.8999938964844,36389
2024-10-30,399.3999938964844,404.20001220703125,382.0,383.54998779296875,44690
2024-10-31,408.95001220703125,414.0,395.3999938964844,395.3999938964844,59909
2024-11-01,410.3500061035156,418.95001220703125,402.8500061035156,414.6499938964844,24799
2024-11-04,407.54998779296875,415.04998779296875,398.3999938964844,414.8999938964844,52688
2024-11-05,410.79998779296875,415.0,406.6000061035156,407.54998779296875,55571
2024-11-06,414.8500061035156,424.95001220703125,410.8999938964844,416.0,57642
2024-11-07,413.45001220703125,420.20001220703125,408.04998779296875,416.0,47234
2024-11-08,415.6000061035156,428.70001220703125,412.0,417.6499938964844,68870
2024-11-11,413.70001220703125,421.20001220703125,402.1000061035156,406.0,76168
2024-11-12,409.20001220703125,424.6499938964844,405.1000061035156,415.0,69184
2024-11-13,400.8500061035156,410.6000061035156,394.75,404.5,71749
2024-11-14,372.5,383.95001220703125,370.0,380.0,189247
2024-11-18,366.6000061035156,384.5,363.8500061035156,373.0,57951
2024-11-19,382.8500061035156,397.95001220703125,368.6499938964844,368.6499938964844,92464
2024-11-21,372.6000061035156,382.0,369.3999938964844,382.0,34847
2024-11-22,377.20001220703125,379.8999938964844,371.0,373.6499938964844,35019
2024-11-25,385.79998779296875,395.0,381.95001220703125,382.0,47652
2024-11-26,383.6000061035156,391.20001220703125,379.8999938964844,384.6000061035156,32141
2024-11-27,386.75,388.0,381.6000061035156,384.6499938964844,27164
2024-11-28,373.95001220703125,396.45001220703125,367.8999938964844,388.25,115250
2024-11-29,373.6000061035156,378.25,369.79998779296875,375.0,42125
2024-12-02,374.45001220703125,376.29998779296875,368.0,372.8999938964844,40047
2024-12-03,377.8500061035156,380.75,375.0,376.29998779296875,26055
2024-12-04,374.1499938964844,381.5,370.8500061035156,380.04998779296875,38105
2024-12-05,370.70001220703125,378.45001220703125,369.1000061035156,375.45001220703125,44833
2024-12-06,372.6000061035156,375.1000061035156,371.0,371.6499938964844,30123
2024-12-09,369.8500061035156,383.0,367.95001220703125,374.3999938964844,75933
2024-12-10,375.54998779296875,377.04998779296875,370.95001220703125,371.3999938964844,35075
2024-12-11,375.5,384.70001220703125,373.1000061035156,376.5,40806
2024-12-12,364.45001220703125,379.04998779296875,359.5,376.3999938964844,101733
2024-12-13,363.5,368.8999938964844,359.5,365.0,38191
2024-12-16,363.3999938964844,368.20001220703125,362.04998779296875,363.0,30785
2024-12-17,362.8999938964844,365.20001220703125,362.0,363.1000061035156,36755
2024-12-18,361.3999938964844,365.0,360.0,363.79998779296875,36066
2024-12-19,356.79998779296875,360.0,354.0,359.04998779296875,35600
2024-12-20,341.0,359.20001220703125,338.95001220703125,356.29998779296875,97145
2024-12-23,340.45001220703125,346.04998779296875,335.6000061035156,346.04998779296875,28801
2024-12-24,341.79998779296875,347.3999938964844,337.8500061035156,339.8500061035156,27879
2024-12-26,339.45001220703125,343.8500061035156,336.95001220703125,342.29998779296875,17649
2024-12-27,339.3500061035156,341.79998779296875,336.04998779296875,340.29998779296875,18941
2024-12-30,334.5,343.79998779296875,332.04998779296875,339.3500061035156,31087
2024-12-31,338.1000061035156,339.0,331.29998779296875,334.5,20730
2025-01-01,342.79998779296875,344.95001220703125,338.1000061035156,338.1000061035156,18240
2025-01-02,347.04998779296875,348.04998779296875,342.5,346.8999938964844,29679
2025-01-03,347.70001220703125,357.20001220703125,345.0,348.45001220703125,47036
2025-01-06,332.20001220703125,349.45001220703125,330.6499938964844,347.70001220703125,45476
2025-01-07,333.3500061035156,336.8999938964844,328.3500061035156,333.20001220703125,29054
2025-01-08,331.25,336.45001220703125,328.0,335.0,22029
2025-01-09,323.1000061035156,331.6000061035156,321.04998779296875,331.20001220703125,22472
2025-01-10,309.3500061035156,323.79998779296875,303.8999938964844,322.0,77081
2025-01-13,291.75,314.0,289.5,314.0,131584
2025-01-14,299.8999938964844,306.6499938964844,291.75,291.75,43111
2025-01-15,304.1000061035156,306.8500061035156,296.1000061035156,300.04998779296875,28715
2025-01-16,306.6499938964844,312.75,302.1499938964844,302.20001220703125,27662
2025-01-17,303.8500061035156,309.0,299.54998779296875,306.6499938964844,29277
2025-01-20,311.54998779296875,316.20001220703125,303.0,306.04998779296875,27084
2025-01-21,304.8999938964844,315.3999938964844,303.04998779296875,309.6499938964844,12998
2025-01-22,303.25,316.45001220703125,294.0,304.8999938964844,40482
2025-01-23,298.79998779296875,303.6000061035156,296.95001220703125,298.70001220703125,16554
2025-01-24,293.6000061035156,301.29998779296875,292.0,299.29998779296875,16696
2025-01-27,282.6000061035156,297.1499938964844,280.0,293.0,32200
2025-01-28,282.25,287.8500061035156,274.54998779296875,282.0,29746
2025-01-29,284.75,297.1000061035156,279.6000061035156,282.0,54556
2025-01-30,282.25,290.6000061035156,278.54998779296875,288.75,19615
2025-01-31,289.5,294.45001220703125,281.79998779296875,285.0,21405
2025-02-01,292.25,294.0,287.3999938964844,291.95001220703125,14490
2025-02-03,285.79998779296875,289.8999938964844,282.0,289.8999938964844,18681
2025-02-04,287.25,291.70001220703125,285.3500061035156,286.0,12228
2025-02-05,297.79998779296875,304.0,285.29998779296875,290.1000061035156,38566
2025-02-06,273.5,282.8999938964844,272.1000061035156,275.0,173850
2025-02-07,271.1499938964844,274.3999938964844,270.0,271.0,32423
2025-02-10,262.54998779296875,274.0,261.29998779296875,274.0,39536
2025-02-11,252.39999389648438,262.6499938964844,248.8000030517578,262.6499938964844,40461
2025-02-12,249.14999389648438,254.25,245.0,251.0,33419
2025-02-13,246.1999969482422,253.10000610351562,244.9499969482422,246.0,22373
2025-02-14,233.3000030517578,249.39999389648438,229.89999389648438,243.89999389648438,50146
2025-02-17,229.75,238.5500030517578,227.60000610351562,233.3000030517578,43133
2025-02-18,224.14999389648438,233.5500030517578,222.1999969482422,230.10000610351562,31790
2025-02-19,234.5500030517578,238.0,219.0500030517578,220.8000030517578,42168
2025-02-20,238.0500030517578,244.10000610351562,234.39999389648438,234.6999969482422,28419
2025-02-21,231.8000030517578,243.75,229.35000610351562,238.75,24653
2025-02-24,239.75,245.0,223.5500030517578,232.5,34064
2025-02-25,234.75,239.9499969482422,231.6999969482422,236.14999389648438,26055
2025-02-27,224.5,232.35000610351562,223.0,228.0,39223
2025-02-28,213.25,224.64999389648438,211.75,224.5,153587
2025-03-03,201.94000244140625,218.19000244140625,196.89999389648438,213.8000030517578,76073
2025-03-04,191.77000427246094,208.9499969482422,186.89999389648438,199.6999969482422,166664
2025-03-05,201.5,209.38999938964844,191.08999633789062,191.11000061035156,106446
2025-03-06,206.44000244140625,211.64999389648438,199.88999938964844,199.89999389648438,107750
2025-03-07,218.41000366210938,221.47999572753906,206.77000427246094,207.60000610351562,86023
2025-03-10,205.6300048828125,222.6999969482422,201.86000061035156,215.14999389648438,51406
2025-03-11,206.13999938964844,209.97999572753906,197.4499969482422,204.69000244140625,29975
2025-03-12,202.8800048828125,208.0,201.0500030517578,204.25,17531
2025-03-13,202.0,204.77999877929688,196.0,203.39999389648438,28191
2025-03-17,197.08999633789062,204.58999633789062,196.0,200.0500030517578,64696
2025-03-18,197.08999633789062,197.08999633789062,197.08999633789062,197.08999633789062,0
2025-03-19,210.52000427246094,212.0,204.0,204.0,40448
2025-03-20,210.94000244140625,216.05999755859375,208.0,213.64999389648438,50543
2025-03-21,218.9499969482422,221.0800018310547,210.61000061035156,210.94000244140625,78213
2025-03-24,220.0500030517578,225.2899932861328,217.5,217.57000732421875,58715
2025-03-25,211.3699951171875,223.2899932861328,210.25,221.0,62968
2025-03-26,204.86000061035156,213.5,202.9499969482422,211.4499969482422,52502
2025-03-27,203.9600067138672,209.0,202.0500030517578,204.75,68941
2025-03-28,203.1699981689453,211.0,199.80999755859375,205.25,88079
2025-04-01,211.52000427246094,214.8000030517578,203.72000122070312,204.83999633789062,31468
