Price,Close,High,Low,Open,Volume
Ticker,PKTEA.NS,PKTEA.NS,PKTEA.NS,PKTEA.NS,PKTEA.NS
Date,,,,,
2010-06-30,64.9737319946289,64.9737319946289,40.746238708496094,40.746238708496094,400
2010-07-01,77.96847534179688,77.96847534179688,77.96847534179688,77.96847534179688,1600
2010-07-02,93.56217193603516,93.56217193603516,93.56217193603516,93.56217193603516,500
2010-07-05,102.94482421875,102.94482421875,102.94482421875,102.94482421875,100
2010-07-06,113.25251770019531,113.25251770019531,113.25251770019531,113.25251770019531,100
2010-07-07,124.6174087524414,124.6174087524414,124.6174087524414,124.6174087524414,1
2010-07-08,130.87252807617188,130.87252807617188,130.87252807617188,130.87252807617188,100
2010-07-09,137.43597412109375,137.43597412109375,137.43597412109375,137.43597412109375,300
2010-07-12,144.30775451660156,144.30775451660156,144.30775451660156,144.30775451660156,200
2010-07-13,151.53196716308594,151.53196716308594,151.53196716308594,151.53196716308594,1000
2010-07-14,159.10853576660156,159.10853576660156,159.10853576660156,159.10853576660156,300
2010-07-15,167.0815887451172,167.0815887451172,167.0815887451172,167.0815887451172,700
2010-07-16,175.4510955810547,175.4510955810547,159.46095542778474,175.4510955810547,14100
2010-07-19,176.19998168945312,184.2611254745489,172.23548210144043,181.48598114013672,13400
2010-07-20,167.412353515625,177.94848198890998,167.412353515625,171.26813092744098,5300
2010-07-21,159.07313537597656,165.8879991942258,159.07313537597656,165.8879991942258,5400
2010-07-22,151.13742065429688,154.67935087998987,151.13742065429688,151.13742065429688,4800
2010-07-23,143.60519409179688,151.13741383009804,143.60519409179688,143.6500314207168,6400
2010-07-26,141.67730712890625,144.3673825807209,138.94239434974173,143.47069076344937,5200
2010-07-27,134.50376892089844,141.67730326334635,134.50376892089844,140.10809262593585,2900
2010-07-28,135.6694793701172,136.11782529422038,130.9170098381368,134.5037772309625,5700
2010-07-29,133.33807373046875,136.29715953582496,132.62071752274124,136.20748487894716,1700
2010-07-30,132.7103729248047,138.80787928216003,131.14116243413977,131.14116243413977,3000
2010-08-02,130.02027893066406,136.0729470877812,130.02027893066406,136.0729470877812,500
2010-08-03,135.40048217773438,136.52134709642422,123.96766000709786,127.82343806387757,11700
2010-08-04,136.25230407714844,136.29714139962113,130.46864522134786,130.46864522134786,3900
2010-08-05,138.9872283935547,138.9872283935547,131.0066768813488,131.0066768813488,900
2010-08-06,135.44534301757812,140.78065822000192,135.44534301757812,138.09058194828214,700
2010-08-09,137.19386291503906,139.8839386584712,134.72796015022627,134.72796015022627,2600
2010-08-10,134.817626953125,138.98723863933216,134.59345398757767,138.98723863933216,300
2010-08-11,134.77279663085938,137.5525333387155,134.63828463507804,135.04180693998936,2400
2010-08-12,134.54859924316406,136.74549128469442,129.34778437912897,129.34778437912897,500
2010-08-13,131.99302673339844,136.74549588422147,131.99302673339844,136.29714999607646,700
2010-08-16,131.76885986328125,131.76885986328125,127.33023810253138,127.41991275726625,600
2010-08-17,128.27175903320312,131.81368874951,125.53684642810475,125.53684642810475,100
2010-08-18,125.53685760498047,134.41410134836,123.96764688491821,134.41410134836,1800
2010-08-19,129.93060302734375,130.0202776573198,125.85066732955607,128.22689451721885,200
2010-08-20,126.43354797363281,128.22693163283327,126.07487671476532,126.11970036030014,300
2010-08-23,130.02027893066406,130.91697050949622,126.4335126153354,130.91697050949622,800
2010-08-24,126.43354797363281,133.60708261043467,126.43354797363281,133.60708261043467,800
2010-08-25,125.0885009765625,128.94427829512185,122.4432630113937,126.43353862147178,500
2010-08-26,122.35360717773438,129.88582735699572,121.05340665752891,129.88582735699572,300
2010-08-27,122.8916244506836,129.16846758822012,121.14307802742772,129.16846758822012,300
2010-08-30,123.29513549804688,127.10607604980468,123.29513549804688,127.10607604980468,100
2010-08-31,122.75711059570312,125.53686084451884,119.26001780229291,125.53686084451884,1000
2010-09-01,117.87012481689453,123.51928543536071,116.56992454879777,119.3944980168159,1000
2010-09-02,120.69474029541016,121.95010353530029,118.36333578426203,120.15671965978116,1500
2010-09-03,122.84676361083984,122.84676361083984,121.05338020046261,121.05338020046261,300
2010-09-06,125.53685760498047,127.06123099655461,124.6401657649449,127.06123099655461,200
2010-09-07,131.27569580078125,131.81371644290928,124.19183487988393,127.41993136778564,1200
2010-09-08,128.63043212890625,133.42773858849299,123.07094587155875,131.8136906602487,800
2010-09-09,130.289306640625,138.76304046225414,128.76493348834947,138.76304046225414,1200
2010-09-13,133.56224060058594,134.50376972514817,131.8136943306452,132.21720290333445,700
2010-09-14,131.81369018554688,133.6070737254863,128.22692310566805,128.22692310566805,300
2010-09-15,137.19386291503906,138.98724674399384,126.11971229827031,135.40047908608432,3500
2010-09-16,146.51943969726562,151.85476703710873,143.4706929451537,143.4706929451537,14800
2010-09-17,143.91905212402344,149.65787489774036,141.7669970044878,149.65787489774036,1700
2010-09-20,146.0710906982422,146.9677825102202,143.51552724356364,146.9677825102202,1900
2010-09-21,147.95416259765625,152.4376220703125,145.71243286132812,151.54093017578126,4200
2010-09-22,143.02236938476562,146.16079128349088,141.76700609824897,142.12567741370125,2200
2010-09-23,143.470703125,145.1295886028558,142.17050261441616,142.57401123046876,600
2010-09-24,143.5155487060547,145.71244123745583,143.4707113722642,143.4707113722642,900
2010-09-27,142.97750854492188,142.97750854492188,142.57399996076447,142.57399996076447,500
2010-09-28,134.59344482421875,143.47068818254107,131.9481930649083,141.09446038249015,600
2010-09-29,139.3907470703125,140.19777795475474,134.50377916384582,140.19777795475474,1500
2010-09-30,139.7942352294922,143.3810021493758,137.19383468554855,143.3810021493758,29
2010-10-01,134.54859924316406,138.76304771348498,133.02422601123055,133.02422601123055,300
2010-10-04,138.7630615234375,142.57400182375807,130.91700796395395,130.91700796395395,500
2010-10-05,138.89756774902344,141.58764340858437,126.43355599936403,126.43355599936403,3400
2010-10-06,138.9872283935547,138.9872283935547,132.71038582094255,133.60707761703,1100
2010-10-07,135.17628479003906,139.79424194836832,134.50376596023787,134.7727762286445,1400
2010-10-08,135.17628479003906,145.9365860668581,131.81369064103313,145.9365860668581,200
2010-10-11,138.9872283935547,144.3673791700794,132.71038582094255,144.3673791700794,1400
2010-10-12,141.22897338867188,142.48433656804264,138.0905517578125,142.48433656804264,42200
2010-10-13,141.22897338867188,145.2640869140625,140.33228149414063,142.48433656804264,32600
2010-10-14,143.78457641601562,149.74757310563118,140.5564795467526,149.74757310563118,1000
2010-10-15,139.07691955566406,147.72999094212344,139.07691955566406,147.72999094212344,700
2010-10-18,143.470703125,148.62668151855468,140.19778318293393,148.62668151855468,14300
2010-10-19,144.14321899414062,144.81573790080068,141.22897039861365,143.47070008748057,400
2010-10-20,143.5603790283203,154.90352611921452,143.5603790283203,144.14322329183057,200
2010-10-21,139.83909606933594,150.64423596908088,137.1938577575558,150.64423596908088,1700
2010-10-22,139.25625610351562,142.0808301418506,139.25625610351562,142.0808301418506,100
2010-10-25,141.22897338867188,147.95416259765625,139.1665792947635,147.95416259765625,500
2010-10-26,140.33226013183594,140.33226013183594,140.33226013183594,140.33226013183594,200
2010-10-27,138.9872283935547,147.95414635442918,138.9872283935547,147.95414635442918,300
2010-10-28,135.40048217773438,147.05747733210885,135.40048217773438,147.05747733210885,500
2010-10-29,133.60707092285156,140.33225905655215,130.3341515040894,140.33225905655215,900
2010-11-01,134.50376892089844,137.14900697318993,134.50376892089844,136.2971525065104,100
2010-11-02,132.35171508789062,137.19384533253717,130.46865683584417,130.46865683584417,400
2010-11-03,132.7103729248047,134.50375634270745,126.25419535684067,131.8136812158533,1000
2010-11-04,131.05148315429688,138.0905182935296,131.05148315429688,131.1411577949916,1200
2010-11-08,125.85069274902344,133.60707092363126,125.85069274902344,133.60707092363126,2100
2010-11-09,128.98912048339844,131.3205109463563,126.20937043946795,126.20937043946795,600
2010-11-10,131.3205108642578,134.0105862538258,127.68890635185483,127.68890635185483,30
2010-11-11,134.59344482421875,134.59344482421875,125.53685215972344,125.53685215972344,1300
2010-11-12,133.2035675048828,136.6558226704383,130.91700071481597,134.50376785768762,2000
2010-11-15,130.02027893066406,136.8351404027596,128.22689577299974,128.22689577299974,500
2010-11-16,126.43354797363281,131.3653530364341,126.43354797363281,131.3653530364341,2400
2010-11-18,125.85069274902344,134.0554167992139,125.53684516314345,125.53684516314345,83
2010-11-19,125.76101684570312,128.22691913679535,123.74346042571858,127.55440033013383,400
2010-11-22,122.84676361083984,136.1178035841172,122.84676361083984,136.1178035841172,11
2010-11-23,123.6986312866211,134.50377023172234,123.07094976202593,134.50377023172234,185
2010-11-24,124.774658203125,132.71038608740508,121.05339271486274,131.8136942895172,485
2010-11-25,126.52322387695312,126.52322387695312,126.52322387695312,126.52322387695312,50
2010-11-26,125.53685760498047,136.92484123694595,122.84678208487375,125.53685760498047,2056
2010-11-29,129.84100341796875,132.62074038884396,119.26003515633356,122.84680313096014,227
2010-11-30,114.91105651855469,129.97548252041494,110.47243454292199,123.83315148179014,355
2010-12-01,123.026123046875,129.75131213853106,121.05340364980901,129.75131213853106,1342
2010-12-02,121.27757263183594,121.6810812275812,121.27757263183594,121.6810812275812,100
2010-12-03,120.15672302246094,120.15672302246094,117.01830115247128,117.01830115247128,25
2010-12-06,124.64018249511719,129.03396762808677,124.64018249511719,129.03396762808677,187
2010-12-07,129.07879638671875,130.02032561906748,117.01829305716073,117.01829305716073,504
2010-12-08,124.3263168334961,125.17818501846865,123.25028937331624,123.25028937331624,385
2010-12-09,129.07879638671875,129.07879638671875,129.07879638671875,129.07879638671875,250
2010-12-10,119.25999450683594,125.5368363229852,116.56991944277196,116.56991944277196,61
2010-12-13,125.53685760498047,125.53685760498047,119.43935035625223,121.50174432482038,160
2010-12-14,125.53685760498047,125.53685760498047,125.53685760498047,125.53685760498047,109
2010-12-15,121.50173950195312,121.50173950195312,121.50173950195312,121.50173950195312,200
2010-12-16,129.97547912597656,129.97547912597656,119.349689059684,119.349689059684,201
2010-12-20,124.9091796875,124.95401701729259,116.97345119933357,116.97345119933357,104
2010-12-21,125.2678451538086,125.53685543766129,120.15670449033296,120.2912027910436,295
2010-12-22,125.17818450927734,127.33023942088307,123.56413648435732,127.33023942088307,271
2010-12-23,122.17425537109375,128.22692490323968,122.17425537109375,122.17425537109375,0
2010-12-24,125.53685760498047,125.53685760498047,125.53685760498047,125.53685760498047,20
2010-12-27,128.63043212890625,130.46865300045027,118.54264968041782,121.05338938186107,561
2010-12-28,130.06515502929688,130.82733488911663,124.19182070013277,127.37507949066584,1874
2010-12-29,130.02027893066406,130.02027893066406,126.11966508977308,126.47834993076255,640
2010-12-30,129.12364196777344,129.12364196777344,127.50959370668957,127.55443104108174,160
2010-12-31,134.50376892089844,134.95211481730144,130.0203099568685,130.0203099568685,2290
2011-01-03,132.800048828125,138.8078805985906,132.71037418340754,134.50375761831845,751
2011-01-04,135.2211151123047,138.40437347832753,131.85852113744184,131.85852113744184,66
2011-01-05,130.1996612548828,137.37319646101886,130.15482392335795,137.37319646101886,707
2011-01-06,133.60707092285156,133.60707092285156,130.24447685600128,130.4686497937913,943
2011-01-07,130.1996612548828,130.46867156159942,130.1996612548828,130.46867156159942,600
2011-01-10,123.96766662597656,131.5895484800149,123.96766662597656,123.96766662597656,0
2011-01-11,127.419921875,132.7103985045743,127.419921875,132.7103985045743,130
2011-01-12,125.76101684570312,130.9169943634414,125.53684391014929,125.53684391014929,51
2011-01-13,125.89553833007812,125.89553833007812,125.89553833007812,125.89553833007812,82
2011-01-14,125.53685760498047,128.22693312508719,125.53685760498047,128.22693312508719,631
2011-01-17,122.48809051513672,127.33022017560342,121.95007002733848,125.53683679284843,722
2011-01-18,117.24246215820312,123.74347822433676,115.71808871366511,118.36332699719168,995
2011-01-19,121.95008850097656,121.95008850097656,118.3633211921243,118.3633211921243,240
2011-01-20,120.15672302246094,125.53687479958604,117.91499311532547,125.53687479958604,600
2011-01-21,121.05339813232422,121.95008997034144,114.7765552662037,114.7765552662037,408
2011-01-24,117.87012481689453,117.87012481689453,112.98315763960399,114.2385274260648,522
2011-01-25,117.55631256103516,121.95009736061371,117.55631256103516,117.55631256103516,0
2011-01-27,114.4178695678711,120.96371544616409,114.4178695678711,114.4178695678711,0
2011-01-28,113.79019165039062,113.83502213600097,113.79019165039062,113.83502213600097,112
2011-01-31,110.33793640136719,123.69863967773794,110.33793640136719,110.33793640136719,0
2011-02-01,110.33793640136719,111.32429608173325,110.33793640136719,111.32429608173325,300
2011-02-02,110.20343780517578,110.33794296077089,110.20343780517578,110.33794296077089,33
2011-02-03,112.57966613769531,112.62449662611634,112.57966613769531,112.62449662611634,9
2011-02-04,116.48026275634766,124.41599089159494,116.48026275634766,116.48026275634766,0
2011-02-07,112.22097778320312,124.46082196458407,112.22097778320312,112.22097778320312,0
2011-02-08,115.09040832519531,118.18399257616633,101.95386406754696,108.49971753111734,1458
2011-02-09,112.22097778320312,118.36331511605854,110.29308908541819,115.67323977251175,720
2011-02-10,107.33401489257812,112.08648457504654,103.567911747343,112.08648457504654,327
2011-02-11,106.43730926513672,112.0416327698557,100.96749089277405,103.34372542701793,842
2011-02-14,114.77655792236328,116.56994163990021,107.60302305221558,109.3964067697525,422
2011-02-15,102.8953857421875,115.67324410232843,101.46068020683585,108.14103149021275,3490
2011-02-16,118.94617462158203,123.20546113081035,104.01626001483892,107.1098443218972,2234
2011-02-17,110.74144744873047,116.56994468287418,109.84475556655451,116.56994468287418,5968
2011-02-18,101.41584014892578,108.9032152322155,100.87782644280723,106.84082821855849,3377
2011-02-21,93.70429992675781,111.59329990356153,90.56587839811043,111.54846941502475,7949
2011-02-22,90.92455291748047,103.11956043552556,89.71402031539354,100.38464761792315,2634
2011-02-23,90.11753845214844,93.61463832749003,89.84852813819275,90.56588441459694,2637
2011-02-24,87.06876373291016,94.01812449021125,86.97909593009118,90.61070009458606,1731
2011-02-25,88.01030731201172,92.31442412964677,87.87580216494463,87.87580216494463,5141
2011-02-28,90.0278549194336,96.79787366641249,87.87579330693897,96.79787366641249,1192
2011-03-01,93.2559585571289,97.24623481659644,88.01031225653368,97.24623481659644,1591
2011-03-03,90.07269287109375,97.47040057405577,86.79977311790746,97.47040057405577,1685
2011-03-04,94.19747924804688,97.56007360233866,89.66918278111432,89.71402010899116,430
2011-03-07,91.417724609375,91.417724609375,90.79004309728732,91.01421604320655,320
2011-03-08,91.46257019042969,95.85636169527196,89.75885427942357,95.85636169527196,1112
2011-03-09,93.03178405761719,94.10781159456819,86.97911376953125,86.97911376953125,693
2011-03-10,94.15263366699219,98.54642460636151,92.35925016857328,98.54642460636151,1468
2011-03-11,96.439208984375,102.22286854727395,95.94602574173958,97.02205320048775,2430
2011-03-14,97.5152359008789,101.32617615447647,95.54251662373821,99.53279250572467,1445
2011-03-15,95.4976806640625,99.93630252182133,95.4976806640625,99.93630252182133,109
2011-03-16,98.59127044677734,102.22287533326126,93.2559564443787,102.22287533326126,639
2011-03-17,100.07081604003906,102.22287799770777,95.9460346118836,101.32618608544716,1350
2011-03-18,95.13900756835938,101.32618293907724,95.04933974816095,95.13900756835938,552
2011-03-21,96.39436340332031,97.42556028704072,87.0687678081514,94.15263402184775,764
2011-03-22,100.38465118408203,106.70633154575832,93.16628580189268,106.70633154575832,30141
2011-03-23,92.94210052490234,102.22285869618102,92.94210052490234,102.22285869618102,65
2011-03-24,95.4976806640625,97.73941025711561,92.89727296787773,92.89727296787773,145
2011-03-25,92.179931640625,94.15265111804024,91.01422941410556,94.15265111804024,570
2011-03-28,94.15263366699219,96.7082037839961,94.15263366699219,96.7082037839961,175
2011-03-29,95.04932403564453,100.42947445275648,94.1526322994592,94.1526322994592,474
2011-03-30,114.05919647216797,114.05919647216797,98.63609994459091,98.63609994459091,4018
2011-03-31,136.87997436523438,136.87997436523438,136.87997436523438,136.87997436523438,1374
2011-04-01,150.599365234375,150.599365234375,150.599365234375,150.599365234375,1364
2011-04-04,165.66380310058594,165.66380310058594,165.66380310058594,165.66380310058594,1179
2011-04-05,172.29931640625,182.25260042649967,162.3012087438939,182.25260042649967,18348
2011-04-06,189.56065368652344,189.56065368652344,163.33241678768113,174.81007532947285,11967
2011-04-07,196.86868286132812,199.06557498389853,193.68542430865804,196.37549964627829,7763
2011-04-08,197.1825408935547,206.73231771967406,187.6327777498677,206.19429711336815,8969
2011-04-11,187.3189239501953,206.23912765595338,187.3189239501953,206.23912765595338,1577
2011-04-13,179.38320922851562,185.48071660956987,177.99333410981157,178.4416800395592,1869
2011-04-15,171.22329711914062,174.94457631263094,170.41627996907002,174.8549016593204,650
2011-04-18,164.09461975097656,173.9582307742593,163.64627379537282,167.8158857095147,2388
2011-04-19,162.7047119140625,164.09458683411614,161.40451164011426,163.24273242583487,1127
2011-04-20,160.41818237304688,169.47477642760091,157.8626185570112,168.57808448883054,287
2011-04-21,167.05369567871094,167.68137724206113,160.5078423867858,160.5078423867858,1563
2011-04-25,165.0361328125,165.8879873081366,165.0361328125,165.0361328125,162
2011-04-26,172.1648406982422,172.1648406982422,164.13945112093037,166.78468942642212,778
2011-04-27,165.2154998779297,172.1200254945504,164.40848255638423,164.40848255638423,1502
2011-04-28,167.27786254882812,170.3266092782783,166.78467930900877,166.78467930900877,1328
2011-04-29,162.4357147216797,167.7710418981417,162.30121642413488,167.7710418981417,1168
2011-05-02,163.1979217529297,163.1979217529297,162.749575814048,162.749575814048,389
2011-05-03,164.1842498779297,168.57803357800174,162.3011919022251,162.3011919022251,484
2011-05-04,163.28761291503906,163.28761291503906,163.28761291503906,163.28761291503906,370
2011-05-05,163.1979217529297,163.1979217529297,163.1979217529297,163.1979217529297,206
2011-05-06,161.4941864013672,162.30120348717116,161.4941864013672,162.30120348717116,2250
2011-05-09,161.71839904785156,165.88801115249498,158.26612955900197,161.49422605980766,1171
2011-05-10,161.40451049804688,164.99127739800346,161.40451049804688,162.30120222303603,1850
2011-05-11,162.30123901367188,162.30123901367188,161.62872006748262,161.62872006748262,2251
2011-05-12,162.30123901367188,165.8880067266812,162.30123901367188,165.8880067266812,1776
2011-05-13,162.8840789794922,162.8840789794922,161.40454281003989,161.40454281003989,2
2011-05-16,161.9873809814453,170.3714554461082,161.4045367384183,164.09461235072527,1469
2011-05-17,167.63653564453125,167.68137297272148,162.30122196824914,162.30122196824914,400
2011-05-18,163.64627075195312,164.09461669921873,163.1979248046875,163.1979248046875,644
2011-05-19,164.09461975097656,166.33634952899538,163.73594845946664,163.73594845946664,2244
2011-05-20,167.7261962890625,169.47474248295615,161.4045166504344,161.4045166504344,483
2011-05-23,165.8879852294922,168.57806066564612,161.40452616923565,161.40452616923565,211
2011-05-24,167.68133544921875,169.51955603421192,164.54291473225476,164.9912605489639,981
2011-05-25,166.69503784179688,168.57809652058558,164.1394738433655,165.88802051227836,722
2011-05-26,165.8879852294922,165.8879852294922,153.7826457667995,153.7826457667995,657
2011-05-27,164.09461975097656,164.09461975097656,155.12770063890136,155.12770063890136,180
2011-05-30,163.24273681640625,167.6813582694044,161.40451598124488,162.74955361442193,1470
2011-05-31,166.3363494873047,169.4747711757444,165.8880035318133,165.8880035318133,970
2011-06-01,173.95823669433594,173.95823669433594,169.4299396521462,169.4299396521462,550
2011-06-02,170.37142944335938,170.37142944335938,166.7846625077097,168.57804597553454,1030
2011-06-03,170.7301025390625,173.06150654581234,168.12970195512858,173.06150654581234,301
2011-06-06,173.0166778564453,173.50986107661177,166.78467266278963,167.68136445129923,812
2011-06-07,168.57806396484375,168.57806396484375,168.57806396484375,168.57806396484375,50
2011-06-08,166.78468322753906,170.37145060877646,166.78468322753906,166.78468322753906,105
2011-06-09,165.8879852294922,165.8879852294922,165.8879852294922,165.8879852294922,200
2011-06-10,170.37142944335938,170.37142944335938,165.8879707737973,165.8879707737973,506
2011-06-13,163.4669189453125,165.84314675787704,159.79047706830173,161.4941997089001,1235
2011-06-14,164.54293823242188,171.9406452646697,163.197900590195,163.197900590195,1088
2011-06-15,163.87042236328125,168.57805419587893,159.88014668927983,159.88014668927983,289
2011-06-16,160.50784301757812,169.4747616219121,160.50784301757812,169.4747616219121,55
2011-06-17,160.14918518066406,161.40454841760553,159.6111645462988,160.50785648195216,163
2011-06-20,152.43760681152344,152.43760681152344,152.43760681152344,152.43760681152344,47
2011-06-21,158.71446228027344,158.71446228027344,152.43761913924567,152.43761913924567,40
2011-06-22,158.71446228027344,158.71446228027344,158.71446228027344,158.71446228027344,0
2011-06-23,152.43760681152344,152.43760681152344,152.43760681152344,152.43760681152344,100
2011-06-24,152.43760681152344,152.43760681152344,152.43760681152344,152.43760681152344,0
2011-06-27,152.43760681152344,152.43760681152344,152.43760681152344,152.43760681152344,0
2011-06-28,159.61114501953125,159.61114501953125,152.4376104119119,152.4376104119119,155
2011-06-29,153.3343048095703,169.47475794741982,152.70662325736248,153.3343048095703,847
2011-06-30,153.3343048095703,153.3343048095703,153.3343048095703,153.3343048095703,0
2011-07-01,152.43760681152344,156.0243740306181,152.43760681152344,156.0243740306181,502
2011-07-04,152.43760681152344,152.43760681152344,152.43760681152344,152.43760681152344,320
2011-07-05,152.43760681152344,152.43760681152344,152.43760681152344,152.43760681152344,0
2011-07-06,149.74754333496094,152.4376189637327,148.8508514587037,152.4376189637327,1181
2011-07-07,152.43760681152344,152.88595271391026,144.90540112439706,149.74753139720244,44
2011-07-08,150.19586181640625,163.1530543231864,148.85082424790113,163.1530543231864,85
2011-07-11,155.08282470703125,155.12766202791826,149.74751189978235,149.74751189978235,22
2011-07-12,148.85081481933594,164.9464272997603,145.8020686634777,161.4044979968703,1233
2011-07-13,145.26406860351562,150.64421929253473,141.2289555867513,141.2289555867513,649
2011-07-14,144.09840393066406,148.85087434192315,138.00089549824298,147.95418232781518,158
2011-07-15,147.72998046875,150.64422894537176,139.21140799862482,147.95415342849014,325
2011-07-18,140.46678161621094,145.17441412318965,140.1977849903297,143.73971528290335,837
2011-07-19,143.5155487060547,146.87814350384213,139.12174996081913,143.42587403847372,221
2011-07-20,145.26406860351562,147.86446929690254,139.03206345855466,144.36737682201243,115
2011-07-21,138.67337036132812,146.07107712261475,134.50375929612036,141.18410993800836,1261
2011-07-22,139.12171936035156,146.96777216274654,137.23867489723492,137.23867489723492,675
2011-07-25,141.72215270996094,147.01262926700076,139.8839316410125,143.47069911898717,491
2011-07-26,141.72215270996094,141.72215270996094,141.72215270996094,141.72215270996094,0
2011-07-27,141.72215270996094,141.72215270996094,141.72215270996094,141.72215270996094,0
2011-07-28,136.20745849609375,143.47066645852834,135.84878730291902,143.47066645852834,1588
2011-07-29,131.85853576660156,141.49797289733084,131.23085422480779,131.23085422480779,153
2011-08-01,138.9872283935547,139.70458456691085,131.85853135114567,132.66554849465197,6
2011-08-02,137.19386291503906,137.64220887227776,131.14119249231675,131.14119249231675,11
2011-08-03,138.44921875,139.8839312097394,135.4004718760939,137.10418094990635,71
2011-08-04,136.5213165283203,143.2465045346415,132.71037665807162,135.4004518606001,212
2011-08-05,124.86434173583984,131.09634743787473,118.36332573882125,131.09634743787473,834
2011-08-08,126.97157287597656,136.29716274898712,117.64596932053406,117.64596932053406,616
2011-08-09,125.94036102294922,138.09053769279498,118.54265364654948,118.54265364654948,1041
2011-08-10,125.94036102294922,125.9403610229492,125.9403610229492,125.9403610229492,0
2011-08-11,133.60707092285156,135.40045442517172,123.7434616600907,123.83313630817884,265
2011-08-12,128.22691345214844,131.81368026199874,125.7161739487673,125.7161739487673,1124
2011-08-16,125.53685760498047,134.50377600533622,125.53685760498047,134.50377600533622,142
2011-08-17,125.53685760498047,131.8137004852295,116.83894949312172,116.83894949312172,93
2011-08-18,125.85069274902344,129.84096830522302,125.53684516314345,125.53684516314345,252
2011-08-19,126.16453552246094,130.91700487424512,113.47635182440214,130.91700487424512,394
2011-08-22,126.16453552246094,126.16453552246094,126.16453552246094,126.16453552246094,0
2011-08-23,126.16453552246094,126.16453552246094,126.16453552246094,126.16453552246094,0
2011-08-24,134.50376892089844,134.50376892089844,133.60707712809244,133.60707712809244,170
2011-08-25,133.56224060058594,134.50376972514817,130.0203107343099,134.50376972514817,475
2011-08-26,137.5973663330078,138.09054960379353,134.5037820816171,134.5037820816171,150
2011-08-29,137.5973663330078,137.5973663330078,137.5973663330078,137.5973663330078,0
2011-08-30,137.5973663330078,137.5973663330078,137.5973663330078,137.5973663330078,0
2011-09-02,143.470703125,143.470703125,143.470703125,143.470703125,10
2011-09-05,132.88973999023438,136.2971720274061,126.43356089384382,126.43356089384382,610
2011-09-06,126.4783706665039,129.97546292431585,121.05338298867366,129.57195438417293,1560
2011-09-07,130.46864318847656,130.46864318847656,130.46864318847656,130.46864318847656,2
2011-09-08,131.81369018554688,131.81369018554688,130.91699841557718,131.81369018554688,56
2011-09-09,124.72982788085938,130.9169954820384,124.32630564747052,130.9169954820384,370
2011-09-12,126.43354797363281,128.3166062887659,125.53685614403258,125.53685614403258,147
2011-09-13,129.9608917236328,131.79326234233824,128.9988943528368,128.9988943528368,253
2011-09-14,129.1820831298828,129.1820831298828,129.1820831298828,129.1820831298828,129
2011-09-15,127.34973907470703,129.18210942110568,127.34973907470703,129.18210942110568,18
2011-09-16,126.43354797363281,127.34973310387653,126.43354797363281,127.34973310387653,7
2011-09-19,126.43354797363281,126.43354797363281,126.43354797363281,126.43354797363281,0
2011-09-20,126.43354797363281,126.43354797363281,126.43354797363281,126.43354797363281,60
2011-09-21,127.34973907470703,127.34973907470703,127.34973907470703,127.34973907470703,100
2011-09-22,128.17430114746094,129.18211043786292,127.34974007704217,128.26592525745255,167
2011-09-23,128.17430114746094,128.17430114746094,128.17430114746094,128.17430114746094,0
2011-09-26,121.85262298583984,125.56317557950409,117.54655564622516,117.54655564622516,787
2011-09-27,122.76882934570312,126.43357052020173,122.76882934570312,126.43357052020173,618
2011-09-28,121.8984375,127.34973636872941,121.85262544633821,127.34973636872941,258
2011-09-29,121.85262298583984,121.85262298583984,121.85262298583984,121.85262298583984,15
2011-09-30,122.76882934570312,123.68501463932778,122.76882934570312,123.68501463932778,100
2011-10-03,127.21233367919922,127.34975588136454,119.14990029505087,127.34975588136454,520
2011-10-04,121.85262298583984,128.265918932463,121.85262298583984,128.17429482698952,250
2011-10-05,120.06607055664062,120.24930479654579,119.10407332229298,120.24930479654579,1040
2011-10-07,119.1498794555664,119.1498794555664,119.1498794555664,119.1498794555664,45
2011-10-10,135.18312072753906,136.51158638971887,120.02025380572599,120.02025380572599,705
2011-10-11,138.34397888183594,161.9357501149967,138.34397888183594,146.5896464973096,1905
2011-10-12,132.84683227539062,151.12472123040914,131.6557889141881,151.12472123040914,35
2011-10-13,138.43556213378906,138.43556213378906,130.09827285864463,130.09827285864463,35
2011-10-14,150.620849609375,151.17056635169578,139.2601580936834,139.2601580936834,993
2011-10-17,162.02735900878906,163.53905900427281,146.5896327209168,146.5896327209168,2624
2011-10-18,163.08094787597656,163.08094787597656,163.08094787597656,163.08094787597656,20
2011-10-19,149.56724548339844,158.22519349794732,148.55943609339687,151.17056970756963,176
2011-10-20,157.58384704589844,158.04193962452024,144.71144279065072,144.71144279065072,260
2011-10-21,157.58384704589844,157.58384704589844,157.58384704589844,157.58384704589844,0
2011-10-24,157.58384704589844,157.58384704589844,157.58384704589844,157.58384704589844,0
2011-10-25,155.75148010253906,155.84310421219698,142.9706996783354,154.7436708158074,916
2011-10-28,161.24855041503906,164.91329019719905,153.0028859051791,164.91329019719905,471
2011-10-31,161.56922912597656,164.91329875885958,139.4433531545721,139.4433531545721,558
2011-11-01,158.54583740234375,163.99713605628426,154.0565219380174,163.08095093865137,764
2011-11-02,157.58384704589844,162.39381912142733,157.58384704589844,160.33240251762922,106
2011-11-03,164.1345672607422,164.68428395351106,163.99714507748809,163.99714507748809,25
2011-11-04,156.8509063720703,190.56652515743872,153.00293125621283,190.56652515743872,632
2011-11-08,154.881103515625,161.98153847911087,147.093529684705,147.5058102091903,851
2011-11-09,155.75148010253906,155.75148010253906,155.75148010253906,155.75148010253906,50
2011-11-11,154.74365234375,154.83527644247056,151.17053617164285,154.83527644247056,161
2011-11-14,152.08673095703125,163.08095247199736,149.56722185985151,163.08095247199736,355
2011-11-15,146.58961486816406,146.58961486816406,146.58961486816406,146.58961486816406,4
2011-11-16,141.64219665527344,142.00866503761497,135.59537048752915,142.00866503761497,495
2011-11-17,141.8254852294922,146.58964592611534,122.08168949784292,122.08168949784292,156
2011-11-18,129.1820831298828,129.1820831298828,123.68497320946227,123.68497320946227,239
2011-11-21,128.26593017578125,130.09830060686383,120.98226050820334,120.98226050820334,64
2011-11-22,127.48713684082031,132.8468246694331,121.85260469679035,121.85260469679035,221
2011-11-23,135.50379943847656,135.59542355986017,127.34975591094975,127.71622443672784,770
2011-11-24,135.50379943847656,135.50379943847656,135.50379943847656,135.50379943847656,0
2011-11-25,131.0144805908203,132.84685094873387,125.5173695170796,132.84685094873387,358
2011-11-28,131.8390350341797,132.84684427233387,131.4725665729649,132.84684427233387,203
2011-11-29,131.0144805908203,132.84685094873387,131.0144805908203,132.84685094873387,110
2011-11-30,125.51734161376953,125.51734161376953,122.40231828975668,122.40231828975668,8
2011-12-01,125.51734161376953,125.51734161376953,125.51734161376953,125.51734161376953,0
2011-12-02,129.1820831298828,129.1820831298828,129.1820831298828,129.1820831298828,1
2011-12-05,135.59539794921875,135.59539794921875,135.59539794921875,135.59539794921875,1
2011-12-07,128.26593017578125,135.5954119001116,128.26593017578125,135.5954119001116,106
2011-12-08,128.26593017578125,135.5954119001116,128.26593017578125,135.5954119001116,19
2011-12-09,129.1820831298828,129.1820831298828,129.1820831298828,129.1820831298828,2
2011-12-12,129.1820831298828,129.1820831298828,129.1820831298828,129.1820831298828,0
2011-12-13,129.1820831298828,129.1820831298828,129.1820831298828,129.1820831298828,0
2011-12-14,128.26593017578125,128.26593017578125,128.26593017578125,128.26593017578125,375
2011-12-15,128.26593017578125,128.26593017578125,128.26593017578125,128.26593017578125,60
2011-12-16,120.0202407836914,144.71142492756755,119.1040557395411,123.68498096029268,457
2011-12-19,119.10406494140625,120.02025005634015,119.10406494140625,120.02025005634015,4
2011-12-20,114.84379577636719,119.10405769976947,114.5231324036245,114.5231324036245,201
2011-12-21,116.21808624267578,116.40132746878787,115.89742283440219,115.89742283440219,18
2011-12-22,118.1878890991211,118.1878890991211,114.52314835186154,114.52314835186154,24
2011-12-23,118.1878890991211,118.1878890991211,118.1878890991211,118.1878890991211,2
2011-12-26,141.77963256835938,141.8254446155679,110.99581713728782,110.99581713728782,2201
2011-12-27,167.02053833007812,169.21937687022842,137.42775825625608,142.0086835314646,4501
2011-12-28,150.34597778320312,171.32661060185458,150.34597778320312,163.1267569011098,761
2011-12-29,137.931640625,141.82542648201334,135.41213212928548,135.6869903975197,585
2011-12-30,130.4647674560547,133.80885183853988,126.75422856380146,126.75422856380146,62
2012-01-02,133.71719360351562,133.76300564799985,126.98324246052997,126.98324246052997,35
2012-01-03,138.20655822753906,140.13053897143004,129.22793948307975,129.22793948307975,261
2012-01-04,145.07794189453125,145.07794189453125,142.8790888768213,142.8790888768213,244
2012-01-05,142.46678161621094,142.46678161621094,142.46678161621094,142.46678161621094,525
2012-01-06,149.56724548339844,149.56724548339844,147.04773598827228,147.04773598827228,1168
2012-01-09,155.6598663330078,156.94253405404157,142.5584286144558,156.94253405404157,358
2012-01-10,160.42401123046875,163.44741077533604,155.65983768608757,155.65983768608757,960
2012-01-11,164.91329956054688,167.66185455322264,164.91329956054688,167.66185455322264,146
2012-01-12,172.1511688232422,172.1511688232422,172.1511688232422,172.1511688232422,2
2012-01-13,169.49424743652344,178.47286442102788,163.58485620025218,178.47286442102788,341
2012-01-16,161.06533813476562,164.82168853460553,161.01952608528134,164.82168853460553,64
2012-01-17,156.62184143066406,158.04193114416643,153.96491020917603,153.96491020917603,100
2012-01-18,163.99713134765625,163.99713134765625,163.99713134765625,163.99713134765625,100
2012-01-19,160.19496154785156,162.02733164743296,156.66764351420767,158.0877331373581,298
2012-01-20,156.0263214111328,166.74568401619922,156.0263214111328,166.74568401619922,58
2012-01-23,163.81390380859375,163.81390380859375,163.81390380859375,163.81390380859375,50
2012-01-24,156.0263214111328,168.5780541702234,156.0263214111328,168.5780541702234,258
2012-01-25,156.0263214111328,156.0263214111328,156.0263214111328,156.0263214111328,0
2012-01-27,153.00291442871094,153.048726480503,153.00291442871094,153.048726480503,150
2012-01-30,160.33241271972656,160.33241271972656,160.33241271972656,160.33241271972656,25
2012-01-31,168.34902954101562,168.34902954101562,166.74570545014882,167.66189064492985,547
2012-02-01,164.91329956054688,172.2427795410156,164.91329956054688,172.2427795410156,90
2012-02-02,164.91329956054688,173.15896453857422,164.91329956054688,173.15896453857422,30
2012-02-03,161.24855041503906,166.5624258951456,156.71343773059064,157.12571816010907,102
2012-02-06,163.03514099121094,169.31101471995368,155.75147200798892,169.31101471995368,508
2012-02-07,171.14340209960938,171.14340209960938,159.41622847340636,167.43284915813226,533
2012-02-08,167.661865234375,167.661865234375,167.661865234375,167.661865234375,10
2012-02-09,164.91329956054688,167.57023046151735,164.91329956054688,167.432808303833,393
2012-02-10,166.74571228027344,166.74571228027344,166.74571228027344,166.74571228027344,1
2012-02-13,173.9835662841797,175.08299972322266,160.33241220812442,174.07519039739225,200
2012-02-14,169.81492614746094,178.65610740935819,169.49425574733982,178.65610740935819,289
2012-02-15,164.91329956054688,164.91329956054688,164.91329956054688,164.91329956054688,50
2012-02-16,164.91329956054688,164.91329956054688,164.91329956054688,164.91329956054688,0
2012-02-17,173.1590118408203,173.1590118408203,163.080974114635,163.080974114635,376
2012-02-21,164.95913696289062,164.95913696289062,164.95913696289062,164.95913696289062,20
2012-02-22,168.57806396484375,172.24280448581862,161.24858292289403,172.24280448581862,3
2012-02-23,160.42401123046875,162.16475727023325,160.42401123046875,162.16475727023325,375
2012-02-24,160.42401123046875,160.42401123046875,160.42401123046875,160.42401123046875,0
2012-02-27,158.04193115234375,158.5000237064085,153.04872510901288,153.04872510901288,106
2012-02-28,158.04193115234375,158.04193115234375,158.04193115234375,158.04193115234375,190
2012-02-29,157.0799560546875,160.33241644132994,155.75149025729195,160.33241644132994,92
2012-03-01,156.66766357421875,158.04194132486978,156.66766357421875,158.04194132486978,80
2012-03-02,158.04193115234375,158.04193115234375,158.04193115234375,158.04193115234375,60
2012-03-05,155.75148010253906,155.75148010253906,155.75148010253906,155.75148010253906,10
2012-03-06,151.62864685058594,155.7514801486381,151.62864685058594,155.7514801486381,91
2012-03-07,146.58961486816406,146.58961486816406,146.58961486816406,146.58961486816406,50
2012-03-09,156.66766357421875,156.66766357421875,156.66766357421875,156.66766357421875,0
2012-03-12,144.75726318359375,147.96391141867335,144.75726318359375,147.96391141867335,323
2012-03-13,151.12474060058594,151.17055265494147,151.12474060058594,151.12474060058594,52
2012-03-14,155.7056427001953,155.7056427001953,147.5516015435959,147.5516015435959,28
2012-03-15,155.8430938720703,155.8430938720703,154.83528465220638,154.83528465220638,55
2012-03-16,155.8430938720703,155.8430938720703,155.8430938720703,155.8430938720703,0
2012-03-19,149.97952270507812,155.84311669597798,148.92591525899482,155.84311669597798,129
2012-03-20,146.91030883789062,156.3928176847349,144.29917531172748,144.29917531172748,112223
2012-03-21,152.59063720703125,153.4610102903146,146.6812458754092,153.4610102903146,682
2012-03-22,158.2251739501953,159.18717116182472,152.08673618913903,152.08673618913903,645
2012-03-23,165.64625549316406,165.82948970238525,155.75145441660493,155.75145441660493,394
2012-03-26,164.91329956054688,173.80029124089052,164.8674875146942,173.6170570373535,191
2012-03-27,163.99713134765625,169.95233444128624,162.16476116500087,162.16476116500087,192
2012-03-28,163.99713134765625,163.99713134765625,163.99713134765625,163.99713134765625,0
2012-03-29,165.09657287597656,165.09657287597656,160.79050516330503,160.79050516330503,123
2012-03-30,157.7670440673828,161.34017372573095,156.85085912624834,161.34017372573095,355
2012-04-02,157.7670440673828,157.7670440673828,157.7670440673828,157.7670440673828,0
2012-04-03,153.73585510253906,163.95131287899326,153.73585510253906,163.95131287899326,538
2012-04-04,151.17054748535156,152.54482518976386,146.58962180397728,150.2543623490767,362
2012-04-09,149.79629516601562,154.37722162369195,149.79629516601562,154.37722162369195,51
2012-04-10,155.98052978515625,156.48443443946834,152.95711583916025,152.95711583916025,229
2012-04-11,156.75929260253906,160.3324092744183,156.75929260253906,160.10336297545484,121
2012-04-12,163.4473876953125,163.4931997382846,156.71343677459618,156.71343677459618,127
2012-04-13,163.4473876953125,163.4473876953125,163.4473876953125,163.4473876953125,0
2012-04-16,163.4473876953125,163.4473876953125,163.4473876953125,163.4473876953125,0
2012-04-17,163.4473876953125,163.4473876953125,163.4473876953125,163.4473876953125,0
2012-04-18,171.6014862060547,171.6014862060547,165.09656586657846,165.09656586657846,556
2012-04-19,171.6014862060547,171.6014862060547,171.6014862060547,171.6014862060547,0
2012-04-20,169.49424743652344,173.8003147105573,165.0965560584115,173.8003147105573,101
2012-04-23,169.49424743652344,169.49424743652344,169.49424743652344,169.49424743652344,9
2012-04-24,168.11996459960938,168.11996459960938,164.91331677345877,164.91331677345877,210
2012-04-25,168.11996459960938,168.11996459960938,168.11996459960938,168.11996459960938,0
2012-04-26,168.11996459960938,168.11996459960938,168.11996459960938,168.11996459960938,0
2012-04-27,163.08094787597656,164.95913012782663,163.08094787597656,164.95913012782663,201
2012-04-30,160.33241271972656,160.33241271972656,160.33241271972656,160.33241271972656,300
2012-05-02,168.34902954101562,168.34902954101562,165.82952025536778,165.82952025536778,449
2012-05-03,159.96592712402344,175.90754257822488,159.96592712402344,175.90754257822488,2114
2012-05-04,153.23196411132812,158.3167944159303,153.23196411132812,158.3167944159303,99
2012-05-07,160.33241271972656,160.33241271972656,160.33241271972656,160.33241271972656,33
2012-05-08,153.41517639160156,160.33237597984981,153.27775423271117,160.33237597984981,34
2012-05-09,145.76507568359375,150.2543777186011,145.76507568359375,148.42200725861815,7818
2012-05-10,139.30596923828125,142.00871291389277,138.48139413020962,140.13053036647548,8345
2012-05-11,140.1763458251953,145.62764536686626,133.76304895737593,133.76304895737593,121
2012-05-14,144.2533416748047,144.7114342263156,134.31274169494347,134.31274169494347,37
2012-05-15,137.6568145751953,137.6568145751953,137.6568145751953,137.6568145751953,1
2012-05-16,144.29916381835938,144.29916381835938,133.99208068847656,133.99208068847656,356
2012-05-17,151.17054748535156,151.17054748535156,149.52141144408168,149.52141144408168,266
2012-05-18,153.69004821777344,153.69004821777344,147.50579888561265,147.50579888561265,100
2012-05-21,156.66766357421875,161.15696530106166,155.75147840711804,161.1111672266076,750
2012-05-22,158.59164428710938,160.3323903619462,158.3167859647996,158.3167859647996,233
2012-05-23,155.75148010253906,163.08096151912915,155.75148010253906,163.08096151912915,64
2012-05-24,163.08094787597656,163.53904042618998,162.9893237739838,162.9893237739838,245
2012-05-25,166.69985961914062,166.69985961914062,156.85087077076201,156.85087077076201,14
2012-05-28,164.86752319335938,164.86752319335938,159.41622407415525,159.41622407415525,59
2012-05-29,164.77590942382812,172.24281301302744,160.88212242752297,169.95235007402442,351
2012-05-30,158.2251739501953,159.4162174512662,156.89670826741,159.4162174512662,75
2012-05-31,164.40940856933594,164.40940856933594,153.9190922784744,164.40940856933594,162
2012-06-01,166.69985961914062,166.69985961914062,166.69985961914062,166.69985961914062,5
2012-06-04,159.78269958496094,169.494268679637,159.41623108246938,169.494268679637,117
2012-06-05,154.14816284179688,157.5838574073644,154.14816284179688,157.5838574073644,107
2012-06-06,156.3927764892578,161.20274773265248,151.21633683831587,161.20274773265248,230
2012-06-07,150.94151306152344,153.82749087560487,149.79628155119323,151.49122977843268,287
2012-06-08,151.81185913085938,151.85767117907528,143.93267613332367,143.93267613332367,301
2012-06-11,153.00291442871094,153.1403366042117,152.5906339223332,153.1403366042117,195
2012-06-12,149.3381805419922,150.25436569869152,149.3381805419922,150.25436569869152,50
2012-06-13,143.6578369140625,146.58962665110946,143.01651009343914,143.38297856811644,165
2012-06-14,149.24656677246094,150.20856404960657,149.24656677246094,150.20856404960657,30
2012-06-15,152.865478515625,152.865478515625,152.865478515625,152.865478515625,7
2012-06-18,146.26895141601562,156.62184625201593,146.1315292375231,153.9191028959491,250
2012-06-19,142.1461181640625,142.42097650065514,142.1461181640625,142.42097650065514,183
2012-06-20,144.75726318359375,144.75726318359375,144.75726318359375,144.75726318359375,525
2012-06-21,149.8878936767578,149.8878936767578,149.8878936767578,149.8878936767578,1
2012-06-22,149.79629516601562,149.79629516601562,149.79629516601562,149.79629516601562,100
2012-06-25,149.79629516601562,149.79629516601562,149.79629516601562,149.79629516601562,0
2012-06-26,149.79629516601562,149.79629516601562,149.79629516601562,149.79629516601562,65
2012-06-27,150.25436401367188,150.25436401367188,147.50580857439738,147.50580857439738,697
2012-06-28,150.25436401367188,150.25436401367188,150.25436401367188,150.25436401367188,0
2012-06-29,157.53802490234375,157.53802490234375,153.9190965589855,153.9190965589855,275
2012-07-02,158.50003051757812,158.50003051757812,153.0029196325754,156.6676602225772,745
2012-07-03,165.78369140625,165.78369140625,165.78369140625,165.78369140625,19
2012-07-04,158.91229248046875,160.33238208923396,157.99610743995885,160.33238208923396,40
2012-07-05,163.08094787597656,163.08094787597656,157.58383727341555,163.08094787597656,56
2012-07-06,158.50003051757812,167.112165312132,158.50003051757812,167.112165312132,133
2012-07-09,161.29440307617188,168.30321408259397,161.2485910213837,168.30321408259397,180
2012-07-10,162.9893341064453,167.61607195288087,160.33240273872542,164.91332853126045,152
2012-07-11,164.27200317382812,165.7837031068272,159.41621899468154,159.41621899468154,52
2012-07-12,166.47085571289062,169.49426980814656,158.3168126492064,169.49426980814656,15
2012-07-13,161.52345275878906,166.65408146554122,153.09455175636458,153.09455175636458,429
2012-07-16,169.7268829345703,169.7268829345703,154.73434736385371,154.73434736385371,3
2012-07-17,169.7268829345703,170.6698100619846,169.7268829345703,170.6698100619846,176
2012-07-18,165.0122833251953,165.0122833251953,165.0122833251953,165.0122833251953,2
2012-07-19,162.65493774414062,162.65493774414062,162.65493774414062,162.65493774414062,212
2012-07-20,162.65493774414062,162.65493774414062,162.65493774414062,162.65493774414062,0
2012-07-23,160.29762268066406,162.65494066126206,160.29762268066406,160.29762268066406,314
2012-07-24,163.1264190673828,163.59788270630588,160.29763723384437,160.29763723384437,79
2012-07-25,162.65493774414062,171.61274590975998,162.65493774414062,164.06932850713315,3321
2012-07-26,162.65493774414062,162.65493774414062,162.65493774414062,162.65493774414062,0
2012-07-27,162.65493774414062,162.65493774414062,162.18347415647645,162.18347415647645,52
2012-07-30,154.3100128173828,162.18345978905666,152.04699355224062,162.18345978905666,355
2012-07-31,154.64007568359375,154.64007568359375,153.69714839284015,154.64007568359375,160
2012-08-01,155.5830078125,156.52593513257574,150.8683712121212,156.52593513257574,260
2012-08-02,155.5830078125,155.5830078125,155.5830078125,155.5830078125,0
2012-08-03,163.07928466796875,163.12643391373786,156.5259423680953,156.5259423680953,155
2012-08-06,156.05447387695312,160.29764688267088,156.05447387695312,156.5259375442551,220
2012-08-07,155.1115264892578,155.1115264892578,154.64006288290747,154.64006288290747,40
2012-08-08,152.7542266845703,155.5830086602105,152.7542266845703,155.5830086602105,135
2012-08-09,150.8683319091797,155.58296728134155,143.7963788509369,155.58296728134155,1770
2012-08-10,156.52590942382812,156.52590942382812,150.86834643260542,150.86834643260542,142
2012-08-13,159.2603759765625,159.2603759765625,159.2603759765625,159.2603759765625,1
2012-08-14,163.1264190673828,163.1264190673828,163.07926982590482,163.07926982590482,500
2012-08-16,163.1264190673828,163.1264190673828,163.1264190673828,163.1264190673828,0
2012-08-17,155.8187255859375,157.5159974865469,155.8187255859375,157.5159974865469,235
2012-08-21,155.8187255859375,155.8187255859375,155.8187255859375,155.8187255859375,0
2012-08-22,155.8187255859375,155.8187255859375,155.8187255859375,155.8187255859375,0
2012-08-23,159.2603759765625,170.57550078876375,158.4117473708175,163.88072724096648,811
2012-08-24,169.63259887695312,169.63259887695312,169.63259887695312,169.63259887695312,65
2012-08-27,155.8187255859375,156.52592101219741,151.81128483713124,156.52592101219741,585
2012-08-28,157.51600646972656,167.74675892032604,157.51600646972656,167.74675892032604,107
2012-08-29,157.46884155273438,161.71201392990386,156.52591435780784,156.9973779552711,214
2012-08-30,157.46884155273438,157.46884155273438,157.46884155273438,157.46884155273438,0
2012-08-31,162.04202270507812,162.0891575482293,162.04202270507812,162.04202270507812,50
2012-09-03,162.04202270507812,162.04202270507812,162.04202270507812,162.04202270507812,0
2012-09-04,155.25294494628906,155.58297519429587,148.08670744888317,155.58297519429587,298
2012-09-05,159.92047119140625,160.10905376834444,153.69714543694747,153.69714543694747,1176
2012-09-06,159.3546905517578,159.3546905517578,155.11151831813112,155.15866755386787,360
2012-09-07,159.3546905517578,159.3546905517578,159.3546905517578,159.3546905517578,15
2012-09-10,159.3546905517578,159.3546905517578,159.3546905517578,159.3546905517578,0
2012-09-11,159.3546905517578,159.54327310677812,159.3546905517578,159.54327310677812,20
2012-09-12,154.0742950439453,155.58298428307313,153.6971299281268,155.3944017251639,483
2012-09-13,159.82615661621094,159.82615661621094,154.64005713898877,154.64005713898877,338
2012-09-14,154.73439025878906,160.29765609759227,150.91553145652512,154.68724101176258,1656
2012-09-17,158.3175048828125,161.2405855812708,154.78152712883724,154.92297487175446,405
2012-09-18,165.2480010986328,169.538322977638,156.5259240078348,156.5259240078348,1650
2012-09-20,158.8832244873047,159.354688061451,153.69712517169532,154.68720155498787,622
2012-09-21,156.52590942382812,159.35469091943946,152.754200763013,159.35469091943946,1258
2012-09-24,158.4117889404297,160.2976435706729,151.85844697792035,151.85844697792035,342
2012-09-25,157.46884155273438,158.1760369489293,157.42169231540262,157.46884155273438,288
2012-09-26,156.00729370117188,160.29761510056645,154.6400522146641,156.9973700837901,865
2012-09-27,156.76165771484375,156.76165771484375,155.582998634281,155.67729711589732,180
2012-09-28,153.7914276123047,156.99737424410057,153.69712913987024,156.6202091302164,587
2012-10-01,153.83856201171875,156.6202086732237,153.6971286914066,156.6202086732237,82
2012-10-03,150.96263122558594,156.76162701097203,147.56808798326088,156.76162701097203,601
2012-10-04,155.2058563232422,158.88326744058205,151.81131191652054,151.81131191652054,4138
2012-10-05,151.10409545898438,154.5929234905921,148.5110454589082,148.5110454589082,530
2012-10-08,152.28274536132812,152.28274536132812,152.28274536132812,152.28274536132812,12
2012-10-09,154.0271453857422,155.58296932381006,149.45394325953876,149.45394325953876,730
2012-10-10,155.6772918701172,162.9378286841433,150.77405874985544,150.77405874985544,956
2012-10-11,159.3546905517578,160.29761771478596,154.78148805590058,155.30010087315142,460
2012-10-12,158.4117889404297,159.3547162555513,154.87581150872367,154.87581150872367,1400
2012-10-15,157.51600646972656,159.35471180527867,154.78150869948237,154.78150869948237,835
2012-10-16,157.51600646972656,157.51600646972656,157.51600646972656,157.51600646972656,0
2012-10-17,157.51600646972656,157.51600646972656,157.51600646972656,157.51600646972656,0
2012-10-18,160.29762268066406,162.18347706514248,156.52591391170728,160.29762268066406,539
2012-10-19,158.45892333984375,158.97753619216442,157.75172791975035,157.75172791975035,160
2012-10-22,158.45892333984375,158.45892333984375,158.45892333984375,158.45892333984375,0
2012-10-23,159.21328735351562,162.18350272380897,156.52593867530402,156.52593867530402,1350
2012-10-25,157.46884155273438,159.35469594258748,155.58298716288127,155.58298716288127,700
2012-10-29,159.3546905517578,159.3546905517578,152.75420041056074,152.75420041056074,120
2012-10-30,152.80136108398438,154.6400663119371,151.811284611109,151.811284611109,300
2012-10-31,152.7542266845703,158.41179063585068,152.7542266845703,152.7542266845703,424
2012-11-01,151.7169952392578,158.4117847549044,149.45397549793063,151.81129372345004,1051
2012-11-02,154.64007568359375,159.35471213736187,152.0941748761447,159.35471213736187,731
2012-11-05,152.235595703125,154.64006297452164,151.00978744830243,151.00978744830243,510
2012-11-06,152.7542266845703,155.5830086602105,146.15373540807653,146.15373540807653,275
2012-11-07,151.81130981445312,156.52594676521255,151.81130981445312,151.81130981445312,90
2012-11-08,151.99984741210938,151.99984741210938,148.79390098995367,151.81126486749892,144
2012-11-09,153.6971435546875,153.6971435546875,150.8683617714724,150.9155110121116,30
2012-11-12,151.52841186523438,152.32990581288493,146.62519285941832,152.28275657103575,650
2012-11-15,151.19839477539062,154.64007358475806,138.65745910099224,138.65745910099224,1671
2012-11-16,163.1264190673828,165.57803574495415,154.78150690327305,154.78150690327305,1166
2012-11-19,165.0122833251953,165.0122833251953,158.4117919921875,160.29764665876115,403
2012-11-20,160.29762268066406,160.29762268066406,158.41176829618567,160.29762268066406,695
2012-11-21,165.0122833251953,165.0122833251953,160.29764665876115,160.29764665876115,300
2012-11-22,158.4117889404297,158.4117889404297,158.4117889404297,158.4117889404297,14
2012-11-23,163.3149871826172,178.87328588927622,160.53335483689085,165.01225901001996,545
2012-11-26,169.6797332763672,170.1983460727336,163.3149751822345,163.3149751822345,663
2012-11-27,168.1239471435547,170.19838440834195,166.89813872729377,170.19838440834195,79
2012-11-29,162.2306365966797,167.69961753628647,161.6648744902649,161.6648744902649,299
2012-11-30,169.9154815673828,178.6847075600527,160.29762683487576,162.23063050664652,1346
2012-12-03,174.44154357910156,178.0246700545282,169.72690726615286,169.91548984108516,268
2012-12-04,171.61276245117188,173.97008061670994,169.7269079187414,172.5556897173871,228
2012-12-05,160.95767211914062,166.42665282321124,160.2504767105434,166.23807025850414,1073
2012-12-06,167.65243530273438,169.67972274055683,156.80877403789063,169.67972274055683,22
2012-12-07,161.5706024169922,169.72691799899445,160.81625768163306,169.72691799899445,176
2012-12-10,169.7268829345703,169.7268829345703,160.8162244580906,160.8162244580906,244
2012-12-11,168.21820068359375,169.72688990458298,163.12639974162695,165.0122540739001,208
2012-12-12,160.721923828125,174.39436699170844,156.2901692664797,168.21819151264245,262
2012-12-13,159.82615661621094,164.9651068569639,159.82615661621094,164.9651068569639,55
2012-12-14,158.4117889404297,168.4539590913032,157.46886162530808,168.40682423589033,175
2012-12-17,165.2480010986328,169.72690555066424,160.34478226031035,169.72690555066424,499
2012-12-18,168.78396606445312,171.14128402624718,165.01225732558268,165.01225732558268,469
2012-12-19,166.04949951171875,168.78398286440648,164.06934647154597,167.84105558583437,175
2012-12-20,168.78396606445312,168.78396606445312,161.2876978235335,161.2876978235335,681
2012-12-21,165.0122833251953,167.7939160808056,165.0122833251953,167.7939160808056,10
2012-12-24,163.1264190673828,165.0122736230751,163.1264190673828,164.9651243815971,464
2012-12-26,160.95767211914062,165.95518921747976,155.58298989138729,157.46884431431317,682
2012-12-27,160.5333709716797,168.78398475142828,157.98747016865727,157.98747016865727,102
2012-12-28,161.0048370361328,164.02220152906315,153.08425344369957,157.46885964880926,74
2012-12-31,163.64501953125,164.0693338965003,157.98745629343964,164.0693338965003,70
2013-01-01,163.7393035888672,165.01226107231022,159.16611527190528,159.16611527190528,149
2013-01-02,164.0221710205078,165.01224738238736,156.90306832728245,161.0519563227953,335
2013-01-03,156.6673583984375,164.02219389954493,156.6673583984375,164.02219389954493,119
2013-01-04,159.2603759765625,166.3794782151575,158.69462836870758,158.69462836870758,97
2013-01-07,159.40188598632812,159.40188598632812,159.40188598632812,159.40188598632812,5
2013-01-08,157.6574249267578,161.52343220105436,157.5159916019607,161.52343220105436,175
2013-01-09,163.7393035888672,165.01226107231022,156.80879725658656,157.46884342329034,382
2013-01-10,160.29762268066406,164.9179601674653,158.45891753338304,164.9179601674653,69
2013-01-11,157.70455932617188,160.29760888160968,157.70455932617188,160.29760888160968,12
2013-01-14,157.70455932617188,157.84599263766177,157.70455932617188,157.84599263766177,60
2013-01-15,159.3546905517578,159.3546905517578,156.52590906267335,157.70456801645855,215
2013-01-16,155.25294494628906,160.29761080624422,155.25294494628906,159.30753445014986,186
2013-01-17,155.9601593017578,156.33733882945265,151.00979130569448,155.6301434014436,403
2013-01-18,155.9601593017578,155.9601593017578,155.9601593017578,155.9601593017578,0
2013-01-21,155.9601593017578,155.9601593017578,155.9601593017578,155.9601593017578,0
2013-01-22,154.8757781982422,162.089164852305,154.8757781982422,162.089164852305,28
2013-01-23,155.5830078125,156.52593513257574,153.2256895123106,153.2728387559002,131
2013-01-24,154.16860961914062,159.16612705930396,154.16860961914062,155.15868613648226,704
2013-01-25,155.3472442626953,158.41175742720978,136.72443349372273,136.72443349372273,508
2013-01-28,155.3472442626953,155.3472442626953,155.3472442626953,155.3472442626953,0
2013-01-29,149.02964782714844,150.86835300177205,149.02964782714844,150.86835300177205,178
2013-01-30,167.36959838867188,175.33733132170173,148.03958843392385,148.03958843392385,7846
2013-01-31,161.42913818359375,173.49860955173472,159.35470116436505,159.35470116436505,280
2013-02-01,161.42913818359375,161.42913818359375,161.42913818359375,161.42913818359375,0
2013-02-04,156.1487579345703,156.1487579345703,156.1487579345703,156.1487579345703,1
2013-02-05,156.1487579345703,156.1487579345703,156.1487579345703,156.1487579345703,0
2013-02-06,154.73439025878906,164.9651437946126,152.32992253973916,164.9651437946126,4064
2013-02-07,152.3770294189453,159.77899873025297,147.56809531795028,152.942777062169,6490
2013-02-08,151.9055938720703,152.75422268738427,151.9055938720703,152.75422268738427,28
2013-02-11,150.8212127685547,164.82368837271116,147.4738181088884,164.82368837271116,315
2013-02-12,150.8212127685547,150.8212127685547,150.8212127685547,150.8212127685547,0
2013-02-13,151.10409545898438,158.41178182283542,151.10409545898438,158.41178182283542,500
2013-02-14,151.10409545898438,151.10409545898438,151.10409545898438,151.10409545898438,0
2013-02-15,151.10409545898438,151.10409545898438,151.10409545898438,151.10409545898438,0
2013-02-18,154.16860961914062,154.2157588605242,150.86836415328744,150.86836415328744,810
2013-02-19,155.5830078125,155.5830078125,146.1537346117424,146.1537346117424,405
2013-02-20,150.8683319091797,153.6971131324768,150.8683319091797,153.6971131324768,2209
2013-02-21,146.4365997314453,164.54079942690623,142.00484468750383,164.54079942690623,4538
2013-02-22,146.15371704101562,146.9080616839741,146.15371704101562,146.9080616839741,90
2013-02-25,152.1884307861328,162.7963608424504,143.13633910416405,162.7963608424504,4455
2013-02-26,143.324951171875,143.324951171875,143.324951171875,143.324951171875,100
2013-02-27,143.324951171875,143.324951171875,143.324951171875,143.324951171875,0
2013-02-28,150.7740478515625,150.7740478515625,143.56066079815588,143.56066079815588,305
2013-03-01,144.5036163330078,149.92544859346324,144.26788449559672,149.92544859346324,547
2013-03-04,142.4291534423828,158.27033294683744,138.94032575333628,158.27033294683744,2055
2013-03-05,157.98744201660156,157.98744201660156,157.98744201660156,157.98744201660156,1
2013-03-06,157.46884155273438,177.93035880505516,153.69713277302816,177.93035880505516,1095
2013-03-07,160.29762268066406,160.29762268066406,150.86835075827207,150.86835075827207,852
2013-03-08,151.48123168945312,159.2132453600545,150.9626332988005,152.98992079296696,426
2013-03-11,150.8683319091797,151.10406367778776,150.8683319091797,151.10406367778776,495
2013-03-12,150.8683319091797,150.8683319091797,150.8683319091797,150.8683319091797,0
2013-03-13,146.9080810546875,155.53586037859463,145.2108089812173,155.53586037859463,11
2013-03-14,156.903076171875,156.903076171875,156.903076171875,156.903076171875,1
2013-03-15,147.19093322753906,150.868343341313,146.71946965459748,148.13386037342227,40
2013-03-18,146.38943481445312,153.69711996622132,142.94775659491978,144.26784880264944,20215
2013-03-19,152.56561279296875,152.56561279296875,146.15370541955775,146.38943720249253,16553
2013-03-20,147.6624298095703,150.774078576235,146.15374028372773,146.15374028372773,16169
2013-03-21,152.61276245117188,153.22565933333473,147.09663296000133,147.33236474359109,5437
2013-03-22,151.7169952392578,158.74181506164857,146.15372998220346,148.1338830468112,4452
2013-03-25,142.85348510742188,150.7740686255332,142.38202146020268,150.7740686255332,180
2013-03-26,142.85348510742188,142.85348510742188,142.85348510742188,142.85348510742188,0
2013-03-28,142.38201904296875,142.38201904296875,137.4788000727171,137.4788000727171,150
2013-04-01,142.38201904296875,142.38201904296875,142.38201904296875,142.38201904296875,0
2013-04-02,143.41925048828125,144.739342975229,143.41925048828125,144.739342975229,125
2013-04-03,146.53089904785156,150.44405603924827,146.15373387688925,150.44405603924827,22
2013-04-04,146.53089904785156,146.53089904785156,146.53089904785156,146.53089904785156,0
2013-04-05,141.5805206298828,155.5358467875137,141.43908729775623,141.43908729775623,162
2013-04-08,141.5805206298828,141.5805206298828,141.5805206298828,141.5805206298828,0
2013-04-09,141.5805206298828,141.5805206298828,141.5805206298828,141.5805206298828,0
2013-04-10,141.5805206298828,141.5805206298828,141.5805206298828,141.5805206298828,0
2013-04-11,141.5805206298828,141.5805206298828,141.5805206298828,141.5805206298828,0
2013-04-12,146.15371704101562,155.53583987025664,141.43908100743448,141.43908100743448,2100
2013-04-15,136.7716064453125,136.7716064453125,136.72445720317396,136.7716064453125,2125
2013-04-16,136.7716064453125,136.7716064453125,136.7716064453125,136.7716064453125,0
2013-04-17,150.8683319091797,150.8683319091797,150.8683319091797,150.8683319091797,2
2013-04-18,150.8683319091797,150.8683319091797,150.8683319091797,150.8683319091797,0
2013-04-22,150.8683319091797,150.8683319091797,150.8683319091797,150.8683319091797,0
2013-04-23,159.3546905517578,159.3546905517578,159.3546905517578,159.3546905517578,2
2013-04-25,159.3546905517578,159.3546905517578,159.3546905517578,159.3546905517578,0
2013-04-26,141.43910217285156,141.43910217285156,132.95275604248047,141.43910217285156,123
2013-04-29,147.09664916992188,147.09664916992188,141.4862349798085,147.09664916992188,476
2013-04-30,155.53582763671875,155.53582763671875,141.48621911687783,155.53582763671875,53
2013-05-02,155.53582763671875,155.53582763671875,155.53582763671875,155.53582763671875,0
2013-05-03,155.53582763671875,155.53582763671875,155.53582763671875,155.53582763671875,0
2013-05-06,155.53582763671875,155.53582763671875,155.53582763671875,155.53582763671875,0
2013-05-07,135.31004333496094,135.31004333496094,135.31004333496094,135.31004333496094,100
2013-05-08,135.31004333496094,135.31004333496094,135.31004333496094,135.31004333496094,0
2013-05-09,134.83859252929688,134.83859252929688,134.83859252929688,134.83859252929688,100
2013-05-10,134.83859252929688,141.48623231129878,134.27283044183508,134.83859252929688,115
2013-05-13,141.4862518310547,141.4862518310547,141.4862518310547,141.4862518310547,100
2013-05-14,141.4862518310547,141.4862518310547,141.4862518310547,141.4862518310547,0
2013-05-15,141.4862518310547,141.4862518310547,141.4862518310547,141.4862518310547,0
2013-05-16,145.21078491210938,145.21078491210938,145.21078491210938,145.21078491210938,26
2013-05-17,145.21078491210938,145.21078491210938,141.48622544941662,145.21078491210938,135
2013-05-20,144.26788330078125,150.86837469362746,144.26788330078125,148.9825200099571,1
2013-05-21,143.79638671875,143.79638671875,143.79638671875,143.79638671875,25
2013-05-22,136.7244415283203,144.26785899195178,136.7244415283203,136.7244415283203,211
2013-05-23,141.43910217285156,141.43910217285156,141.43910217285156,141.43910217285156,150
2013-05-24,141.43910217285156,141.43910217285156,141.43910217285156,141.43910217285156,0
2013-05-27,141.43910217285156,141.43910217285156,141.43910217285156,141.43910217285156,0
2013-05-28,141.43910217285156,141.43910217285156,141.43910217285156,141.43910217285156,0
2013-05-29,141.43910217285156,141.43910217285156,141.43910217285156,141.43910217285156,0
2013-05-30,141.43910217285156,141.43910217285156,141.43910217285156,141.43910217285156,0
2013-05-31,141.43910217285156,141.43910217285156,141.43910217285156,141.43910217285156,0
2013-06-03,141.43910217285156,141.43910217285156,141.43910217285156,141.43910217285156,5
2013-06-04,141.43910217285156,141.43910217285156,141.43910217285156,141.43910217285156,125
2013-06-05,141.43910217285156,141.43910217285156,141.43910217285156,141.43910217285156,0
2013-06-06,141.43910217285156,141.43910217285156,141.43910217285156,141.43910217285156,0
2013-06-07,135.78150939941406,135.78150939941406,135.78150939941406,135.78150939941406,100
2013-06-10,136.7244415283203,136.7244415283203,136.7244415283203,136.7244415283203,21
2013-06-11,136.7244415283203,136.7244415283203,136.7244415283203,136.7244415283203,0
2013-06-12,136.7244415283203,136.7244415283203,136.7244415283203,136.7244415283203,0
2013-06-13,136.7244415283203,136.7244415283203,136.7244415283203,136.7244415283203,0
2013-06-14,143.27780151367188,143.27780151367188,143.27780151367188,143.27780151367188,5
2013-06-17,143.27780151367188,143.27780151367188,143.27780151367188,143.27780151367188,0
2013-06-18,142.85348510742188,142.85348510742188,142.85348510742188,142.85348510742188,1
2013-06-19,142.38201904296875,142.38201904296875,142.38201904296875,142.38201904296875,100
2013-06-20,142.2877197265625,142.33486896779354,142.2877197265625,142.2877197265625,3
2013-06-21,141.43910217285156,141.43910217285156,141.43910217285156,141.43910217285156,200
2013-06-24,141.43910217285156,141.43910217285156,141.43910217285156,141.43910217285156,0
2013-06-25,141.43910217285156,141.43910217285156,141.43910217285156,141.43910217285156,0
2013-06-26,139.55322265625,139.55322265625,136.7244411159206,139.55322265625,28
2013-06-27,139.55322265625,139.55322265625,139.55322265625,139.55322265625,0
2013-06-28,139.55322265625,139.55322265625,139.55322265625,139.55322265625,0
2013-07-01,139.55322265625,142.8534677866343,139.55322265625,139.55322265625,15
2013-07-02,137.7616729736328,137.7616729736328,137.7616729736328,137.7616729736328,38
2013-07-03,141.43910217285156,141.43910217285156,141.43910217285156,141.43910217285156,5
2013-07-04,141.43910217285156,141.43910217285156,141.43910217285156,141.43910217285156,0
2013-07-05,141.43910217285156,141.43910217285156,141.43910217285156,141.43910217285156,0
2013-07-08,141.43910217285156,141.43910217285156,141.43910217285156,141.43910217285156,0
2013-07-09,136.7244415283203,136.7244415283203,136.7244415283203,136.7244415283203,2
2013-07-10,136.7244415283203,136.7244415283203,136.7244415283203,136.7244415283203,20
2013-07-11,136.7244415283203,136.7244415283203,136.7244415283203,136.7244415283203,0
2013-07-12,135.78150939941406,135.78150939941406,132.4812643792894,135.78150939941406,63
2013-07-15,135.78150939941406,135.78150939941406,135.78150939941406,135.78150939941406,0
2013-07-16,129.6525115966797,130.12397527521307,129.1810479181463,129.6525115966797,171
2013-07-17,135.78150939941406,135.78150939941406,135.78150939941406,135.78150939941406,1
2013-07-18,129.1810302734375,129.1810302734375,129.1810302734375,129.1810302734375,61
2013-07-19,129.1810302734375,129.1810302734375,129.1810302734375,129.1810302734375,23
2013-07-22,123.5234603881836,123.5234603881836,123.5234603881836,123.5234603881836,150
2013-07-23,129.1810302734375,129.1810302734375,122.58053967552465,129.1810302734375,6
2013-07-24,123.5234603881836,123.5234603881836,123.5234603881836,123.5234603881836,15
2013-07-25,118.808837890625,129.18103802393352,117.86591060577877,118.808837890625,205
2013-07-26,113.15127563476562,113.15127563476562,113.15127563476562,113.15127563476562,100
2013-07-29,107.68228912353516,107.68228912353516,107.63514707739118,107.68228912353516,121
2013-07-30,103.17153930664062,103.17153930664062,102.69167168195857,103.17153930664062,170
2013-07-31,103.17153930664062,103.17153930664062,103.17153930664062,103.17153930664062,0
2013-08-01,100.7721939086914,101.73192908877418,100.7721939086914,100.7721939086914,205
2013-08-02,100.7721939086914,100.7721939086914,100.7721939086914,100.7721939086914,0
2013-08-05,100.7721939086914,100.7721939086914,100.7721939086914,100.7721939086914,95
2013-08-06,100.7721939086914,100.7721939086914,100.7721939086914,100.7721939086914,0
2013-08-07,100.7721939086914,100.7721939086914,100.7721939086914,100.7721939086914,0
2013-08-08,100.86817169189453,100.86817169189453,100.86817169189453,100.86817169189453,111
2013-08-12,100.86817169189453,100.86817169189453,100.86817169189453,100.86817169189453,0
2013-08-13,100.86817169189453,100.86817169189453,100.86817169189453,100.86817169189453,0
2013-08-14,96.16547393798828,96.16547393798828,96.16547393798828,96.16547393798828,50
2013-08-16,96.16547393798828,96.16547393798828,96.16547393798828,96.16547393798828,0
2013-08-19,97.41311645507812,97.41311645507812,95.97351374884543,97.41311645507812,125
2013-08-20,97.41311645507812,97.41311645507812,97.41311645507812,97.41311645507812,40
2013-08-21,97.41311645507812,97.41311645507812,97.41311645507812,97.41311645507812,0
2013-08-22,97.41311645507812,97.41311645507812,97.41311645507812,97.41311645507812,0
2013-08-23,97.41311645507812,97.41311645507812,97.41311645507812,97.41311645507812,0
2013-08-26,97.41311645507812,97.41311645507812,97.41311645507812,97.41311645507812,0
2013-08-27,97.41311645507812,97.41311645507812,97.41311645507812,97.41311645507812,1
2013-08-28,96.93326568603516,96.93326568603516,96.02152007628384,96.93326568603516,60
2013-08-29,96.93326568603516,96.93326568603516,96.93326568603516,96.93326568603516,0
2013-08-30,97.41311645507812,97.41311645507812,97.41311645507812,97.41311645507812,50
2013-09-02,97.41311645507812,97.41311645507812,97.41311645507812,97.41311645507812,0
2013-09-03,97.41311645507812,97.41311645507812,97.41311645507812,97.41311645507812,0
2013-09-04,97.89299011230469,97.89299011230469,97.89299011230469,97.89299011230469,4
2013-09-05,97.89299011230469,97.89299011230469,97.89299011230469,97.89299011230469,0
2013-09-06,97.89299011230469,97.89299011230469,97.89299011230469,97.89299011230469,0
2013-09-10,97.89299011230469,97.89299011230469,97.89299011230469,97.89299011230469,0
2013-09-11,97.89299011230469,97.89299011230469,97.89299011230469,97.89299011230469,0
2013-09-12,102.78763580322266,102.78763580322266,102.69166375013882,102.78763580322266,105
2013-09-13,107.87423706054688,107.92221942683463,107.87423706054688,107.87423706054688,16
2013-09-16,107.87423706054688,107.87423706054688,107.87423706054688,107.87423706054688,0
2013-09-17,113.24876403808594,113.24876403808594,105.5708817304191,113.24876403808594,110
2013-09-18,107.5863037109375,107.5863037109375,107.5863037109375,107.5863037109375,110
2013-09-19,102.6916732788086,112.2890259216879,102.6916732788086,102.6916732788086,205
2013-09-20,102.6916732788086,102.6916732788086,102.6916732788086,102.6916732788086,0
2013-09-23,102.6916732788086,102.6916732788086,102.6916732788086,102.6916732788086,0
2013-09-24,97.55708312988281,97.55708312988281,97.55708312988281,97.55708312988281,5
2013-09-25,97.55708312988281,97.55708312988281,97.55708312988281,97.55708312988281,0
2013-09-26,94.24598693847656,94.24598693847656,94.24598693847656,94.24598693847656,10
2013-09-27,94.24598693847656,94.24598693847656,94.24598693847656,94.24598693847656,0
2013-09-30,94.24598693847656,94.24598693847656,94.24598693847656,94.24598693847656,0
2013-10-01,98.94869995117188,98.94869995117188,98.94869995117188,98.94869995117188,64
2013-10-03,103.89132690429688,103.89132690429688,103.89132690429688,103.89132690429688,25
2013-10-04,103.89132690429688,103.89132690429688,103.89132690429688,103.89132690429688,0
2013-10-07,103.89132690429688,103.89132690429688,103.89132690429688,103.89132690429688,0
2013-10-08,109.07391357421875,109.07391357421875,109.07391357421875,109.07391357421875,25
2013-10-09,114.49640655517578,114.49640655517578,108.45007216908222,114.49640655517578,105
2013-10-10,119.96690368652344,119.96690368652344,114.44842611694335,119.96690368652344,30
2013-10-11,125.7253189086914,125.7253189086914,124.76558364984643,125.7253189086914,32
2013-10-14,120.9266357421875,131.43573330042676,120.06287259387503,120.9266357421875,83
2013-10-15,120.9266357421875,120.9266357421875,120.9266357421875,120.9266357421875,0
2013-10-17,124.76557922363281,126.97297316954578,124.76557922363281,124.76557922363281,50
2013-10-18,124.76557922363281,124.76557922363281,124.76557922363281,124.76557922363281,0
2013-10-21,124.76557922363281,124.76557922363281,124.76557922363281,124.76557922363281,0
2013-10-22,120.9266357421875,120.9266357421875,120.9266357421875,120.9266357421875,74
2013-10-23,122.84610748291016,122.84610748291016,117.08769619464874,122.84610748291016,170
2013-10-24,122.84610748291016,122.84610748291016,122.84610748291016,122.84610748291016,0
2013-10-25,122.84610748291016,122.84610748291016,122.84610748291016,122.84610748291016,30
2013-10-28,123.134033203125,123.134033203125,123.134033203125,123.134033203125,50
2013-10-29,122.84610748291016,122.84610748291016,122.84610748291016,122.84610748291016,252
2013-10-30,117.08769989013672,117.08769989013672,117.08769989013672,117.08769989013672,150
2013-10-31,122.94209289550781,122.94209289550781,116.223938740645,122.94209289550781,150
2013-11-01,122.84610748291016,122.84610748291016,122.84610748291016,122.84610748291016,250
2013-11-05,120.06288146972656,124.76558578290671,117.47159915542274,120.06288146972656,426
2013-11-06,122.84610748291016,126.06122630994832,122.84610748291016,122.84610748291016,36
2013-11-07,122.84610748291016,122.84610748291016,122.84610748291016,122.84610748291016,0
2013-11-08,122.84610748291016,122.84610748291016,122.84610748291016,122.84610748291016,0
2013-11-11,116.89575958251953,116.89575958251953,116.89575958251953,116.89575958251953,50
2013-11-12,112.86485290527344,119.9668945256304,112.86485290527344,112.86485290527344,310
2013-11-13,108.16216278076172,108.16216278076172,108.06619071750886,108.16216278076172,219
2013-11-14,105.7628173828125,108.45007890400352,104.03529839535992,105.7628173828125,775
2013-11-18,111.04135131835938,111.04135131835938,111.04135131835938,111.04135131835938,100
2013-11-19,106.05073547363281,114.20848435621996,106.05073547363281,106.05073547363281,85
2013-11-20,110.84942626953125,110.84942626953125,110.84942626953125,110.84942626953125,10
2013-11-21,115.072265625,115.072265625,115.072265625,115.072265625,15
2013-11-22,111.32929229736328,118.0474392463421,111.32929229736328,111.32929229736328,60
2013-11-25,111.32929229736328,111.32929229736328,111.32929229736328,111.32929229736328,10
2013-11-26,111.32929229736328,115.60011135747732,111.32929229736328,111.32929229736328,301
2013-11-27,107.538330078125,107.538330078125,106.57859489607016,107.538330078125,50
2013-11-28,107.5863037109375,107.5863037109375,107.5863037109375,107.5863037109375,225
2013-11-29,112.24102783203125,112.24102783203125,112.24102783203125,112.24102783203125,10
2013-12-02,112.24102783203125,112.24102783203125,112.24102783203125,112.24102783203125,0
2013-12-03,112.24102783203125,112.24102783203125,112.24102783203125,112.24102783203125,0
2013-12-04,115.16822052001953,115.16822052001953,115.16822052001953,115.16822052001953,125
2013-12-05,112.38500213623047,119.0071771689421,111.32929477094584,112.38500213623047,150
2013-12-06,117.08769989013672,117.08769989013672,115.16822940013448,117.08769989013672,16
2013-12-09,117.08769989013672,117.08769989013672,117.08769989013672,117.08769989013672,0
2013-12-10,119.96690368652344,119.96690368652344,119.96690368652344,119.96690368652344,50
2013-12-11,119.96690368652344,119.96690368652344,119.96690368652344,119.96690368652344,0
2013-12-12,119.96690368652344,119.96690368652344,119.96690368652344,119.96690368652344,0
2013-12-13,119.96690368652344,119.96690368652344,119.96690368652344,119.96690368652344,0
2013-12-16,119.96690368652344,119.96690368652344,119.96690368652344,119.96690368652344,0
2013-12-17,114.01654052734375,114.01654052734375,114.01654052734375,114.01654052734375,20
2013-12-18,114.01654052734375,114.01654052734375,114.01654052734375,114.01654052734375,0
2013-12-19,114.01654052734375,114.01654052734375,114.01654052734375,114.01654052734375,0
2013-12-20,114.01654052734375,114.01654052734375,114.01654052734375,114.01654052734375,0
2013-12-23,114.01654052734375,114.01654052734375,114.01654052734375,114.01654052734375,0
2013-12-24,114.01654052734375,114.01654052734375,114.01654052734375,114.01654052734375,0
2013-12-26,110.36955261230469,119.00716977326766,110.36955261230469,110.36955261230469,360
2013-12-27,115.84005737304688,115.84005737304688,115.84005737304688,115.84005737304688,50
2013-12-30,115.84005737304688,115.84005737304688,115.84005737304688,115.84005737304688,0
2013-12-31,121.59844207763672,121.59844207763672,115.1682194221146,121.59844207763672,100
2014-01-01,115.5521240234375,115.5521240234375,115.5521240234375,115.5521240234375,50
2014-01-02,115.5521240234375,115.5521240234375,115.5521240234375,115.5521240234375,0
2014-01-03,115.16822052001953,115.16822052001953,115.16822052001953,115.16822052001953,140
2014-01-06,115.16822052001953,115.16822052001953,115.16822052001953,115.16822052001953,0
2014-01-07,115.16822052001953,115.16822052001953,115.16822052001953,115.16822052001953,0
2014-01-08,115.16822052001953,115.16822052001953,115.16822052001953,115.16822052001953,0
2014-01-09,115.16822052001953,115.16822052001953,115.16822052001953,115.16822052001953,0
2014-01-10,115.16822052001953,115.16822052001953,115.16822052001953,115.16822052001953,212
2014-01-13,115.16822052001953,115.16822052001953,115.16822052001953,115.16822052001953,0
2014-01-14,115.16822052001953,115.16822052001953,115.16822052001953,115.16822052001953,0
2014-01-15,115.16822052001953,115.16822052001953,115.16822052001953,115.16822052001953,0
2014-01-16,115.16822052001953,115.16822052001953,115.16822052001953,115.16822052001953,0
2014-01-17,118.09542083740234,120.92663678564719,115.26419756695893,119.9669015730627,137
2014-01-20,112.19305419921875,112.19305419921875,112.19305419921875,112.19305419921875,150
2014-01-21,112.19305419921875,112.19305419921875,112.19305419921875,112.19305419921875,115
2014-01-22,112.19305419921875,112.19305419921875,112.19305419921875,112.19305419921875,0
2014-01-23,112.19305419921875,112.19305419921875,112.19305419921875,112.19305419921875,1
2014-01-24,112.19305419921875,112.19305419921875,112.19305419921875,112.19305419921875,0
2014-01-27,115.16822052001953,115.16822052001953,115.16822052001953,115.16822052001953,100
2014-01-28,115.16822052001953,115.16822052001953,115.16822052001953,115.16822052001953,0
2014-01-29,109.45780181884766,109.45780181884766,109.45780181884766,109.45780181884766,5
2014-01-30,109.45780181884766,109.45780181884766,109.45780181884766,109.45780181884766,0
2014-01-31,109.45780181884766,109.45780181884766,109.45780181884766,109.45780181884766,0
2014-02-03,109.45780181884766,109.45780181884766,109.45780181884766,109.45780181884766,0
2014-02-04,109.45780181884766,109.45780181884766,109.45780181884766,109.45780181884766,0
2014-02-05,109.45780181884766,109.45780181884766,109.45780181884766,109.45780181884766,0
2014-02-06,109.45780181884766,109.45780181884766,109.45780181884766,109.45780181884766,0
2014-02-07,114.92828369140625,114.92828369140625,114.92828369140625,114.92828369140625,2
2014-02-10,114.92828369140625,114.92828369140625,114.92828369140625,114.92828369140625,0
2014-02-11,120.63871002197266,120.63871002197266,120.63871002197266,120.63871002197266,1
2014-02-12,120.63871002197266,120.63871002197266,120.63871002197266,120.63871002197266,0
2014-02-13,119.96690368652344,119.96690368652344,119.96690368652344,119.96690368652344,110
2014-02-14,119.96690368652344,119.96690368652344,119.96690368652344,119.96690368652344,10
2014-02-17,119.96690368652344,119.96690368652344,119.96690368652344,119.96690368652344,0
2014-02-18,119.96690368652344,119.96690368652344,119.96690368652344,119.96690368652344,0
2014-02-19,114.01654052734375,114.01654052734375,114.01654052734375,114.01654052734375,62
2014-02-20,113.34473419189453,113.34473419189453,113.34473419189453,113.34473419189453,80
2014-02-21,108.97794342041016,108.97794342041016,108.7380096016265,108.7380096016265,64
2014-02-24,105.18697357177734,105.57086910569225,105.18697357177734,105.18697357177734,24
2014-02-25,105.18697357177734,105.18697357177734,105.18697357177734,105.18697357177734,0
2014-02-26,105.57086944580078,105.57086944580078,105.57086944580078,105.57086944580078,100
2014-02-28,105.57086944580078,105.57086944580078,105.57086944580078,105.57086944580078,0
2014-03-03,105.57086944580078,105.57086944580078,105.57086944580078,105.57086944580078,0
2014-03-04,106.5306167602539,106.77055058178601,106.5306167602539,106.77055058178601,650
2014-03-05,106.5306167602539,106.5306167602539,106.5306167602539,106.5306167602539,0
2014-03-06,105.57086944580078,105.57086944580078,105.57086944580078,105.57086944580078,150
2014-03-07,105.57086944580078,105.57086944580078,105.57086944580078,105.57086944580078,400
2014-03-10,110.36955261230469,110.36955261230469,102.6916706914487,107.49034689198369,230
2014-03-11,107.4903564453125,115.88804054260254,107.4903564453125,115.1682390485491,275
2014-03-12,107.4903564453125,107.4903564453125,107.4903564453125,107.4903564453125,0
2014-03-13,106.7225570678711,110.36955395347414,106.7225570678711,110.36955395347414,5110
2014-03-14,102.73965454101562,111.3292815227259,101.49199587093331,111.3292815227259,285
2014-03-18,102.73965454101562,102.73965454101562,102.73965454101562,102.73965454101562,0
2014-03-19,102.73965454101562,102.73965454101562,102.73965454101562,102.73965454101562,0
2014-03-20,107.87423706054688,107.87423706054688,107.87423706054688,107.87423706054688,100
2014-03-21,113.15278625488281,113.15278625488281,102.73966036583396,108.450082114674,140
2014-03-24,113.15278625488281,113.15278625488281,113.15278625488281,113.15278625488281,0
2014-03-25,114.83231353759766,114.97627527626189,114.7843238506435,114.97627527626189,73
2014-03-26,114.7363510131836,120.54274482906582,112.28902321926873,112.28902321926873,1550
2014-03-27,109.02591705322266,109.02591705322266,109.02591705322266,109.02591705322266,419
2014-03-28,111.66519165039062,112.28902100932662,106.57859936550955,112.24103131933205,490
2014-03-31,111.66519165039062,111.66519165039062,111.66519165039062,111.66519165039062,0
2014-04-01,112.33700561523438,112.33700561523438,112.33700561523438,112.33700561523438,88
2014-04-02,114.20848846435547,114.20848846435547,106.72255099747632,106.72255099747632,397
2014-04-03,119.91890716552734,119.91890716552734,119.91890716552734,119.91890716552734,10
2014-04-04,115.16822052001953,115.16822052001953,115.16822052001953,115.16822052001953,152
2014-04-07,115.16822052001953,115.16822052001953,115.16822052001953,115.16822052001953,0
2014-04-09,115.16822052001953,115.16822052001953,115.16822052001953,115.16822052001953,250
2014-04-10,111.32929229736328,111.32929229736328,110.36955701893774,110.36955701893774,800
2014-04-11,107.4903564453125,107.63431820856307,107.4903564453125,107.63431820856307,87
2014-04-15,105.61885833740234,112.24102514951025,105.57086865004575,105.57086865004575,675
2014-04-16,110.89740753173828,110.89740753173828,107.4903445739523,107.4903445739523,650
2014-04-17,110.89740753173828,110.89740753173828,108.45007979336259,110.36955023218316,614
2014-04-21,116.31991577148438,116.31991577148438,105.4269215490502,105.4269215490502,300
2014-04-22,112.28902435302734,112.28902435302734,110.51351560333805,110.51351560333805,1960
2014-04-23,115.16822052001953,117.90346429293035,115.16822052001953,117.90346429293035,1605
2014-04-24,115.16822052001953,115.16822052001953,115.16822052001953,115.16822052001953,0
2014-04-25,114.01654052734375,114.01654052734375,114.01654052734375,114.01654052734375,607
2014-04-28,108.4500732421875,108.4500732421875,108.4500732421875,108.4500732421875,4
2014-04-29,113.20076751708984,113.20076751708984,112.28902197692591,112.28902197692591,250
2014-04-30,118.5752944946289,118.81522831001894,117.08770191033119,118.04743717189127,508
2014-05-02,113.29674530029297,122.84610778094816,113.29674530029297,122.84610778094816,295
2014-05-05,113.29674530029297,113.29674530029297,113.29674530029297,113.29674530029297,0
2014-05-06,113.82459259033203,113.82459259033203,113.82459259033203,113.82459259033203,1
2014-05-07,118.52729797363281,118.52729797363281,108.16215481709968,118.52729797363281,2135
2014-05-08,120.87864685058594,120.87864685058594,120.87864685058594,120.87864685058594,10
2014-05-09,115.16822052001953,115.16822052001953,115.16822052001953,115.16822052001953,10
2014-05-12,116.12796020507812,116.12796020507812,115.12023530747695,115.1682249967717,746
2014-05-13,117.47160339355469,117.47160339355469,117.47160339355469,117.47160339355469,20
2014-05-14,119.00716400146484,119.00716400146484,116.12795842078424,116.12795842078424,150
2014-05-15,116.12796020507812,116.12796020507812,116.12796020507812,116.12796020507812,112
2014-05-16,116.12796020507812,116.12796020507812,116.12796020507812,116.12796020507812,0
2014-05-19,121.8863754272461,121.8863754272461,120.73469606862407,121.8863754272461,585
2014-05-20,127.98068237304688,127.98068237304688,121.88635858598919,121.88635858598919,625
2014-05-21,121.8863754272461,121.8863754272461,121.8863754272461,121.8863754272461,366
2014-05-22,122.07831573486328,127.98069606066836,117.0876955737155,127.98069606066836,1275
2014-05-23,127.64479064941406,127.64479064941406,115.98400567827966,124.76558484529194,1275
2014-05-26,121.31053161621094,127.64478251729092,121.26254192698667,127.64478251729092,207
2014-05-27,126.6850357055664,127.35684735997435,119.96688987269546,127.35684735997435,650
2014-05-28,120.49476623535156,120.54274860559505,120.49476623535156,120.49476623535156,279
2014-05-29,120.49476623535156,120.49476623535156,120.49476623535156,120.49476623535156,0
2014-05-30,121.83838653564453,121.83838653564453,114.4964177624181,114.4964177624181,33
2014-06-02,121.83838653564453,121.83838653564453,121.83838653564453,121.83838653564453,0
2014-06-03,115.79206085205078,121.8383886107575,115.79206085205078,121.8383886107575,101
2014-06-04,115.79206085205078,115.79206085205078,115.79206085205078,115.79206085205078,0
2014-06-05,120.5907211303711,121.55045626499849,119.87091977940055,121.55045626499849,240
2014-06-06,126.58906555175781,126.58906555175781,119.72696480922812,119.96689860644099,863
2014-06-09,126.20516204833984,126.20516204833984,126.20516204833984,126.20516204833984,200
2014-06-10,132.491455078125,132.491455078125,121.88637756576726,121.88637756576726,235
2014-06-11,132.491455078125,132.491455078125,132.491455078125,132.491455078125,0
2014-06-12,132.491455078125,132.491455078125,132.491455078125,132.491455078125,0
2014-06-13,132.491455078125,132.491455078125,132.491455078125,132.491455078125,0
2014-06-16,132.491455078125,132.491455078125,132.491455078125,132.491455078125,0
2014-06-17,139.11361694335938,139.11361694335938,132.4914497958168,132.4914497958168,297
2014-06-18,132.4434356689453,145.87972624405572,132.2035019086755,145.87972624405572,156
2014-06-19,139.0176544189453,139.0176544189453,139.0176544189453,139.0176544189453,3
2014-06-20,133.49916076660156,136.28238675093993,132.44344627908248,132.44344627908248,221
2014-06-23,129.80419921875,132.44347129158965,129.80419921875,132.44347129158965,71
2014-06-24,130.763916015625,136.2823932052752,129.90016022630786,135.32265804185778,761
2014-06-25,130.763916015625,130.763916015625,130.763916015625,130.763916015625,0
2014-06-26,133.35519409179688,133.88305134497526,124.2377103084473,130.52397837216225,2069
2014-06-27,139.68943786621094,139.97736130681227,131.91557819194753,131.91557819194753,2833
2014-06-30,141.08108520507812,141.6089425343849,139.16161465807025,140.9851058199685,1222
2014-07-01,147.22337341308594,147.22337341308594,147.22337341308594,147.22337341308594,25
2014-07-02,143.9602813720703,143.9602813720703,143.9602813720703,143.9602813720703,1
2014-07-03,138.9216766357422,138.9216766357422,138.9216766357422,138.9216766357422,52
2014-07-04,138.9216766357422,138.9216766357422,138.9216766357422,138.9216766357422,0
2014-07-07,132.73138427734375,132.73138427734375,132.73138427734375,132.73138427734375,6
2014-07-08,126.20516204833984,126.20516204833984,126.20516204833984,126.20516204833984,1
2014-07-09,126.20516204833984,126.20516204833984,126.20516204833984,126.20516204833984,0
2014-07-10,119.96690368652344,126.20518267822266,119.96690368652344,126.20518267822266,187
2014-07-11,119.96690368652344,119.96690368652344,119.96690368652344,119.96690368652344,0
2014-07-14,125.96524047851562,125.96524047851562,113.96855090913319,114.20848470052083,381
2014-07-15,120.49476623535156,120.49476623535156,119.72697508946536,119.96690890727992,38
2014-07-16,116.17595672607422,120.49476541741974,116.17595672607422,120.49476541741974,188
2014-07-17,116.60783386230469,121.9823498433703,112.48096932348346,112.48096932348346,344
2014-07-18,120.9266357421875,120.9266357421875,111.32928369915675,111.32928369915675,2
2014-07-21,116.60783386230469,120.92664252387152,114.88030746879838,120.92664252387152,562
2014-07-22,121.93437194824219,122.4142395949142,111.32929402791066,111.32929402791066,352
2014-07-23,126.6850357055664,126.6850357055664,116.12794939676921,116.12794939676921,14
2014-07-24,127.64479064941406,127.64479064941406,120.9266437731291,120.9266437731291,516
2014-07-25,126.6850357055664,126.6850357055664,122.36622767014937,122.84609522964016,275
2014-07-28,123.22999572753906,132.44345964775013,121.88637228452366,121.88637228452366,355
2014-07-30,127.64479064941406,127.64479064941406,117.08770270096628,118.04743796900698,2371
2014-07-31,130.9078826904297,130.9078826904297,130.9078826904297,130.9078826904297,15
2014-08-01,130.9078826904297,130.9078826904297,130.9078826904297,130.9078826904297,0
2014-08-04,124.76557922363281,124.76557922363281,124.38169099147288,124.62162479767217,425
2014-08-05,124.76557922363281,124.76557922363281,124.76557922363281,124.76557922363281,100
2014-08-06,125.7253189086914,125.7253189086914,120.11086910888811,120.11086910888811,11
2014-08-07,124.76557922363281,130.52399057241587,119.96690309964693,130.52399057241587,364
2014-08-08,120.49476623535156,131.00386452674968,119.96690890727992,119.96690890727992,206
2014-08-11,126.30113983154297,126.30113983154297,119.96688257388395,119.96688257388395,99
2014-08-12,129.56427001953125,132.58743046222736,122.84612268518518,122.84612268518518,724
2014-08-13,124.76557922363281,129.56425534761868,124.76557922363281,124.76557922363281,211
2014-08-14,130.81192016601562,131.0038642910423,119.96690869143069,119.96690869143069,292
2014-08-18,126.10918426513672,136.2823820201755,124.81355068749752,136.2823820201755,476
2014-08-19,124.76557922363281,130.47600088229652,124.76557922363281,125.7733041385493,565
2014-08-20,131.00387573242188,131.00387573242188,124.76559593563988,124.76559593563988,1072
2014-08-21,130.6679229736328,130.6679229736328,130.61994793599726,130.61994793599726,90
2014-08-22,136.2823944091797,136.2823944091797,131.48371854970154,133.4031888934928,803
2014-08-25,138.20187377929688,138.20187377929688,137.24213854471844,137.24213854471844,40
2014-08-26,132.4434356689453,134.36290575110394,131.29175654852904,134.36290575110394,633
2014-08-27,132.9713134765625,134.3629265729025,132.4434561932896,132.49144588165927,151
2014-08-28,134.36294555664062,134.36294555664062,134.36294555664062,134.36294555664062,1
2014-09-01,129.7082061767578,129.7082061767578,129.7082061767578,129.7082061767578,4
2014-09-02,125.7732925415039,125.7732925415039,125.7732925415039,125.7732925415039,111
2014-09-03,122.84610748291016,122.89409717252511,122.84610748291016,122.89409717252511,150
2014-09-04,122.94209289550781,122.94209289550781,122.94209289550781,122.94209289550781,50
2014-09-05,129.08438110351562,129.08438110351562,116.89574730366151,116.89574730366151,51
2014-09-08,135.51461791992188,135.51461791992188,134.7468267709357,134.794816463572,935
2014-09-09,129.42030334472656,141.65692768999045,128.7484769592724,129.6122474644002,606
2014-09-10,129.61224365234375,129.61224365234375,126.73303800872736,126.78102769833373,475
2014-09-11,135.8025360107422,136.0904595106692,135.8025360107422,135.8025360107422,23
2014-09-12,132.73138427734375,139.11361765289854,129.18036688092084,137.24213689682134,180
2014-09-15,139.35353088378906,139.35353088378906,134.36291138962488,139.16158679639722,1861
2014-09-16,144.2508087158203,146.28729664012477,142.55374037798714,146.28729664012477,920
2014-09-17,146.43276977539062,146.43276977539062,146.43276977539062,146.43276977539062,570
2014-09-18,140.8081817626953,144.49324740771348,140.61423405448627,140.61423405448627,141
2014-09-19,138.67471313476562,138.67471313476562,138.67471313476562,138.67471313476562,115
2014-09-22,144.4932403564453,144.4932403564453,138.67472061054818,144.4932403564453,1117
2014-09-23,137.31707763671875,137.55951596955387,137.31707763671875,137.36555346547655,173
2014-09-24,135.76547241210938,135.76547241210938,135.76547241210938,135.76547241210938,124
2014-09-25,135.76547241210938,135.76547241210938,135.76547241210938,135.76547241210938,469
2014-09-26,141.9718780517578,141.9718780517578,129.94694297861165,129.94694297861165,52
2014-09-29,136.9776611328125,136.9776611328125,136.9776611328125,136.9776611328125,20
2014-09-30,136.73521423339844,143.8144162276294,136.73521423339844,143.5234872804466,397
2014-10-01,132.371337890625,132.371337890625,132.371337890625,132.371337890625,170
2014-10-07,131.40158081054688,138.96566000853997,129.94695076467366,138.96566000853997,445
2014-10-08,137.94741821289062,137.94741821289062,125.09818593647023,125.09818593647023,52
2014-10-09,131.0621337890625,131.11062440656386,131.0621337890625,131.11062440656386,18
2014-10-10,135.71697998046875,135.76547060799544,135.71697998046875,135.76547060799544,3
2014-10-13,135.6199951171875,135.6199951171875,130.91668603338059,130.91668603338059,450
2014-10-14,135.66845703125,135.66845703125,130.91667261094145,130.91667261094145,200
2014-10-15,135.66845703125,135.66845703125,135.66845703125,135.66845703125,0
2014-10-16,135.66845703125,135.66845703125,135.66845703125,135.66845703125,0
2014-10-17,130.91671752929688,130.96520816190858,130.43184079770688,130.96520816190858,355
2014-10-20,135.47454833984375,135.47454833984375,126.64980119226297,127.52257334185728,136
2014-10-21,129.26812744140625,129.26812744140625,129.07417972646715,129.07417972646715,85
2014-10-22,128.20140075683594,128.20140075683594,127.57106694491222,127.57106694491222,15
2014-10-27,134.50479125976562,134.50479125976562,134.50479125976562,134.50479125976562,16
2014-10-28,139.64447021484375,139.64447021484375,129.26811323472066,129.3166038574418,346
2014-10-29,140.32330322265625,142.99012486744408,134.55327389611307,134.55327389611307,704
2014-10-30,134.55328369140625,136.73522883234799,134.55328369140625,136.73522883234799,987
2014-10-31,140.61424255371094,141.09911925217202,134.310845473717,137.7049823629445,1455
2014-11-03,133.92294311523438,133.97141894476616,133.63201415173498,133.82596186164733,887
2014-11-05,128.29837036132812,130.9167014304855,127.23163576410097,128.97719474262644,1213
2014-11-07,122.3343734741211,122.3343734741211,122.3343734741211,122.3343734741211,300
2014-11-10,128.00743103027344,128.00743103027344,116.41888246842427,116.41888246842427,51
2014-11-11,128.00743103027344,128.00743103027344,128.00743103027344,128.00743103027344,0
2014-11-12,133.6804962158203,133.6804962158203,133.6804962158203,133.6804962158203,2
2014-11-13,133.6804962158203,133.6804962158203,133.6804962158203,133.6804962158203,0
2014-11-14,135.71697998046875,135.71697998046875,135.71697998046875,135.71697998046875,50
2014-11-17,135.71697998046875,135.71697998046875,135.71697998046875,135.71697998046875,0
2014-11-18,135.71697998046875,135.71697998046875,135.71697998046875,135.71697998046875,0
2014-11-19,128.97718811035156,129.07416935866223,128.97718811035156,129.07416935866223,160
2014-11-20,128.88021850585938,128.88021850585938,122.52833829505909,123.15867947287482,248
2014-11-21,129.9469451904297,129.9469451904297,129.9469451904297,129.9469451904297,10
2014-11-24,126.06792449951172,126.06792449951172,126.06792449951172,126.06792449951172,394
2014-11-25,120.68579864501953,129.94694588187406,120.24941260710733,129.94694588187406,377
2014-11-26,126.06792449951172,126.06792449951172,126.06792449951172,126.06792449951172,1
2014-11-27,119.76454162597656,119.86151548359932,119.76454162597656,119.76454162597656,341
2014-11-28,125.09818267822266,125.09818267822266,113.84904525044975,113.84904525044975,51
2014-12-01,125.09818267822266,125.09818267822266,125.09818267822266,125.09818267822266,0
2014-12-02,125.09818267822266,125.09818267822266,125.09818267822266,125.09818267822266,0
2014-12-03,125.09818267822266,125.09818267822266,125.09818267822266,125.09818267822266,0
2014-12-04,125.09818267822266,125.09818267822266,125.09818267822266,125.09818267822266,0
2014-12-05,125.09818267822266,125.09818267822266,125.09818267822266,125.09818267822266,0
2014-12-08,125.09818267822266,125.09818267822266,125.09818267822266,125.09818267822266,0
2014-12-09,125.09818267822266,125.09818267822266,125.09818267822266,125.09818267822266,0
2014-12-10,118.69780731201172,127.95894703703536,117.34015119041304,127.95894703703536,320
2014-12-11,113.50962829589844,113.65508537400774,113.36416381915849,113.65508537400774,300
2014-12-12,107.98202514648438,107.98202514648438,107.98202514648438,107.98202514648438,20
2014-12-15,104.6363754272461,106.67285573889907,102.79384280293911,102.84233342409061,1195
2014-12-16,104.6363754272461,104.6363754272461,104.6363754272461,104.6363754272461,0
2014-12-17,104.73335266113281,104.73335266113281,104.73335266113281,104.73335266113281,215
2014-12-18,109.97002410888672,109.97002410888672,99.88458845505772,106.67286145685776,300
2014-12-19,109.5821304321289,109.63062105991412,109.5821304321289,109.63062105991412,200
2014-12-22,113.46113586425781,115.06123028565935,106.7213534027135,110.55187597030249,260
2014-12-23,111.5216293334961,113.46113593060038,107.78808061379647,107.78808061379647,280
2014-12-24,106.13949584960938,106.7213537491939,105.94554814883489,106.7213537491939,300
2014-12-26,109.5821304321289,109.5821304321289,105.70311696550488,105.70311696550488,1300
2014-12-29,115.06123352050781,115.06123352050781,115.06123352050781,115.06123352050781,30
2014-12-30,115.400634765625,115.400634765625,115.400634765625,115.400634765625,80
2014-12-31,109.630615234375,116.37039781504404,109.630615234375,109.630615234375,445
2015-01-01,107.20623016357422,115.06123040572407,105.99403853982793,105.99403853982793,90
2015-01-02,112.49137878417969,112.49137878417969,102.89081997718313,107.20622644730611,97
2015-01-05,106.86681365966797,106.86681365966797,106.86681365966797,106.86681365966797,10
2015-01-06,101.92107391357422,111.52163339894904,101.92107391357422,111.52163339894904,60
2015-01-07,107.01228332519531,107.01228332519531,98.0420646170347,107.01228332519531,263
2015-01-08,107.01228332519531,107.01228332519531,107.01228332519531,107.01228332519531,0
2015-01-09,112.24894714355469,112.345920996134,102.4059494348257,102.4059494348257,170
2015-01-12,112.24894714355469,112.24894714355469,112.24894714355469,112.24894714355469,0
2015-01-13,107.69110870361328,107.69110870361328,107.69110870361328,107.69110870361328,10
2015-01-14,107.64262390136719,107.64262390136719,107.64262390136719,107.64262390136719,1215
2015-01-15,110.5518798828125,110.5518798828125,110.5518798828125,110.5518798828125,1
2015-01-16,106.67286682128906,115.40064683393999,106.67286682128906,115.40064683393999,1008
2015-01-19,111.5216293334961,111.5216293334961,102.40594684737988,102.40594684737988,500
2015-01-20,113.80055236816406,116.27342633155435,106.91530517025903,111.52163351092778,421
2015-01-21,110.5518798828125,116.37039987664474,108.8548115512781,116.37039987664474,1374
2015-01-22,116.0794677734375,116.0794677734375,107.15774031732927,107.15774031732927,660
2015-01-23,120.54033660888672,121.17067032692633,110.55187478709202,121.12218710172428,2835
2015-01-27,123.15866088867188,126.0679205947035,115.49760884972927,118.4553591769801,2364
2015-01-28,125.92247009277344,126.06792716675382,117.34014759367086,117.82502423661991,1386
2015-01-29,125.92247009277344,125.92247009277344,125.92247009277344,125.92247009277344,0
2015-01-30,125.92247009277344,125.92247009277344,125.92247009277344,125.92247009277344,0
2015-02-02,125.92247009277344,125.92247009277344,125.92247009277344,125.92247009277344,0
2015-02-03,125.92247009277344,125.92247009277344,125.92247009277344,125.92247009277344,0
2015-02-04,125.92247009277344,125.92247009277344,125.92247009277344,125.92247009277344,0
2015-02-05,125.92247009277344,125.92247009277344,125.92247009277344,125.92247009277344,0
2015-02-06,125.92247009277344,125.92247009277344,125.92247009277344,125.92247009277344,0
2015-02-09,125.92247009277344,125.92247009277344,125.92247009277344,125.92247009277344,0
2015-02-10,125.92247009277344,125.92247009277344,125.92247009277344,125.92247009277344,0
2015-02-11,125.92247009277344,125.92247009277344,125.92247009277344,125.92247009277344,0
2015-02-12,125.92247009277344,125.92247009277344,125.92247009277344,125.92247009277344,0
2015-02-13,125.92247009277344,125.92247009277344,125.92247009277344,125.92247009277344,0
2015-02-16,125.92247009277344,125.92247009277344,125.92247009277344,125.92247009277344,0
2015-02-18,125.92247009277344,125.92247009277344,125.92247009277344,125.92247009277344,0
2015-02-19,125.92247009277344,125.92247009277344,125.92247009277344,125.92247009277344,0
2015-02-20,125.92247009277344,125.92247009277344,125.92247009277344,125.92247009277344,0
2015-02-23,125.92247009277344,125.92247009277344,125.92247009277344,125.92247009277344,0
2015-02-24,125.92247009277344,125.92247009277344,125.92247009277344,125.92247009277344,0
2015-02-25,125.92247009277344,125.92247009277344,125.92247009277344,125.92247009277344,0
2015-02-26,125.92247009277344,125.92247009277344,125.92247009277344,125.92247009277344,0
2015-02-27,125.92247009277344,125.92247009277344,125.92247009277344,125.92247009277344,0
2015-03-02,125.92247009277344,125.92247009277344,125.92247009277344,125.92247009277344,0
2015-03-03,125.92247009277344,125.92247009277344,125.92247009277344,125.92247009277344,0
2015-03-04,125.92247009277344,125.92247009277344,125.92247009277344,125.92247009277344,0
2015-03-05,125.92247009277344,125.92247009277344,125.92247009277344,125.92247009277344,0
2015-03-09,125.92247009277344,125.92247009277344,125.92247009277344,125.92247009277344,0
2015-03-10,125.92247009277344,125.92247009277344,125.92247009277344,125.92247009277344,0
2015-03-11,125.92247009277344,125.92247009277344,125.92247009277344,125.92247009277344,0
2015-03-12,125.92247009277344,125.92247009277344,125.92247009277344,125.92247009277344,0
2015-03-13,125.92247009277344,125.92247009277344,125.92247009277344,125.92247009277344,0
2015-03-16,125.92247009277344,125.92247009277344,125.92247009277344,125.92247009277344,0
2015-03-17,125.92247009277344,125.92247009277344,125.92247009277344,125.92247009277344,0
2015-03-18,125.92247009277344,125.92247009277344,125.92247009277344,125.92247009277344,0
2015-03-19,125.92247009277344,125.92247009277344,125.92247009277344,125.92247009277344,0
2015-03-20,125.92247009277344,125.92247009277344,125.92247009277344,125.92247009277344,0
2015-03-23,125.92247009277344,125.92247009277344,125.92247009277344,125.92247009277344,0
2015-03-24,125.92247009277344,125.92247009277344,125.92247009277344,125.92247009277344,0
2015-03-25,125.92247009277344,125.92247009277344,125.92247009277344,125.92247009277344,0
2015-03-26,125.92247009277344,125.92247009277344,125.92247009277344,125.92247009277344,0
2015-03-27,125.92247009277344,125.92247009277344,125.92247009277344,125.92247009277344,0
2015-03-30,125.92247009277344,125.92247009277344,125.92247009277344,125.92247009277344,0
2015-03-31,125.92247009277344,125.92247009277344,125.92247009277344,125.92247009277344,0
2015-04-01,125.92247009277344,125.92247009277344,125.92247009277344,125.92247009277344,0
2015-04-06,125.92247009277344,125.92247009277344,125.92247009277344,125.92247009277344,0
2015-04-07,125.92247009277344,125.92247009277344,125.92247009277344,125.92247009277344,0
2015-04-08,125.92247009277344,125.92247009277344,125.92247009277344,125.92247009277344,0
2015-04-09,125.92247009277344,125.92247009277344,125.92247009277344,125.92247009277344,0
2015-04-10,125.92247009277344,125.92247009277344,125.92247009277344,125.92247009277344,0
2015-04-13,125.92247009277344,125.92247009277344,125.92247009277344,125.92247009277344,0
2015-04-15,125.92247009277344,125.92247009277344,125.92247009277344,125.92247009277344,0
2015-04-16,125.92247009277344,125.92247009277344,125.92247009277344,125.92247009277344,0
2015-04-17,125.92247009277344,125.92247009277344,125.92247009277344,125.92247009277344,0
2015-04-20,125.92247009277344,125.92247009277344,125.92247009277344,125.92247009277344,0
2015-04-21,125.92247009277344,125.92247009277344,125.92247009277344,125.92247009277344,0
2015-04-22,125.92247009277344,125.92247009277344,125.92247009277344,125.92247009277344,0
2015-04-23,125.92247009277344,125.92247009277344,125.92247009277344,125.92247009277344,0
2015-04-24,125.92247009277344,125.92247009277344,125.92247009277344,125.92247009277344,0
2015-04-27,125.92247009277344,125.92247009277344,125.92247009277344,125.92247009277344,0
2015-04-28,125.92247009277344,125.92247009277344,125.92247009277344,125.92247009277344,0
2015-04-29,125.92247009277344,125.92247009277344,125.92247009277344,125.92247009277344,0
2015-04-30,125.92247009277344,125.92247009277344,125.92247009277344,125.92247009277344,0
2015-05-04,125.92247009277344,125.92247009277344,125.92247009277344,125.92247009277344,0
2015-05-05,125.92247009277344,125.92247009277344,125.92247009277344,125.92247009277344,0
2015-05-06,125.92247009277344,125.92247009277344,125.92247009277344,125.92247009277344,0
2015-05-07,125.92247009277344,125.92247009277344,125.92247009277344,125.92247009277344,0
2015-05-08,125.92247009277344,125.92247009277344,125.92247009277344,125.92247009277344,0
2015-05-11,125.92247009277344,125.92247009277344,125.92247009277344,125.92247009277344,0
2015-05-12,125.92247009277344,125.92247009277344,125.92247009277344,125.92247009277344,0
2015-05-13,125.92247009277344,125.92247009277344,125.92247009277344,125.92247009277344,0
2015-05-14,125.92247009277344,125.92247009277344,125.92247009277344,125.92247009277344,0
2015-05-15,125.92247009277344,125.92247009277344,125.92247009277344,125.92247009277344,0
2015-05-18,125.92247009277344,125.92247009277344,125.92247009277344,125.92247009277344,0
2015-05-19,125.92247009277344,125.92247009277344,125.92247009277344,125.92247009277344,0
2015-05-20,125.92247009277344,125.92247009277344,125.92247009277344,125.92247009277344,0
2015-05-21,125.92247009277344,125.92247009277344,125.92247009277344,125.92247009277344,0
2015-05-22,125.92247009277344,125.92247009277344,125.92247009277344,125.92247009277344,0
2015-05-25,125.92247009277344,125.92247009277344,125.92247009277344,125.92247009277344,0
2015-05-26,125.92247009277344,125.92247009277344,125.92247009277344,125.92247009277344,0
2015-05-27,125.92247009277344,125.92247009277344,125.92247009277344,125.92247009277344,0
2015-05-28,125.92247009277344,125.92247009277344,125.92247009277344,125.92247009277344,0
2015-05-29,125.92247009277344,125.92247009277344,125.92247009277344,125.92247009277344,0
2015-06-01,125.92247009277344,125.92247009277344,125.92247009277344,125.92247009277344,0
2015-06-02,125.92247009277344,125.92247009277344,125.92247009277344,125.92247009277344,0
2015-06-03,125.92247009277344,125.92247009277344,125.92247009277344,125.92247009277344,0
2015-06-04,125.92247009277344,125.92247009277344,125.92247009277344,125.92247009277344,0
2015-06-05,125.92247009277344,125.92247009277344,125.92247009277344,125.92247009277344,0
2015-06-08,125.92247009277344,125.92247009277344,125.92247009277344,125.92247009277344,0
2015-06-09,125.92247009277344,125.92247009277344,125.92247009277344,125.92247009277344,0
2015-06-10,125.92247009277344,125.92247009277344,125.92247009277344,125.92247009277344,0
2015-06-11,125.92247009277344,125.92247009277344,125.92247009277344,125.92247009277344,0
2015-06-12,125.92247009277344,125.92247009277344,125.92247009277344,125.92247009277344,0
2015-06-15,125.92247009277344,125.92247009277344,125.92247009277344,125.92247009277344,0
2015-06-16,125.92247009277344,125.92247009277344,125.92247009277344,125.92247009277344,0
2015-06-17,125.92247009277344,125.92247009277344,125.92247009277344,125.92247009277344,0
2015-06-18,125.92247009277344,125.92247009277344,125.92247009277344,125.92247009277344,0
2015-06-19,125.92247009277344,125.92247009277344,125.92247009277344,125.92247009277344,0
2015-06-22,125.92247009277344,125.92247009277344,125.92247009277344,125.92247009277344,0
2015-06-23,125.92247009277344,125.92247009277344,125.92247009277344,125.92247009277344,0
2015-06-24,125.92247009277344,125.92247009277344,125.92247009277344,125.92247009277344,0
2015-06-25,125.92247009277344,125.92247009277344,125.92247009277344,125.92247009277344,0
2015-06-26,125.92247009277344,125.92247009277344,125.92247009277344,125.92247009277344,0
2015-06-29,125.92247009277344,125.92247009277344,125.92247009277344,125.92247009277344,0
2015-06-30,125.92247009277344,125.92247009277344,125.92247009277344,125.92247009277344,0
2015-07-01,125.92247009277344,125.92247009277344,125.92247009277344,125.92247009277344,0
2015-07-02,125.92247009277344,125.92247009277344,125.92247009277344,125.92247009277344,0
2015-07-03,125.92247009277344,125.92247009277344,125.92247009277344,125.92247009277344,0
2015-07-06,125.92247009277344,125.92247009277344,125.92247009277344,125.92247009277344,0
2015-07-07,125.92247009277344,125.92247009277344,125.92247009277344,125.92247009277344,0
2015-07-08,125.92247009277344,125.92247009277344,125.92247009277344,125.92247009277344,0
2015-07-09,125.92247009277344,125.92247009277344,125.92247009277344,125.92247009277344,0
2015-07-10,125.92247009277344,125.92247009277344,125.92247009277344,125.92247009277344,0
2015-07-13,125.92247009277344,125.92247009277344,125.92247009277344,125.92247009277344,0
2015-07-14,125.92247009277344,125.92247009277344,125.92247009277344,125.92247009277344,0
2015-07-15,125.92247009277344,125.92247009277344,125.92247009277344,125.92247009277344,0
2015-07-16,125.92247009277344,125.92247009277344,125.92247009277344,125.92247009277344,0
2015-07-17,125.92247009277344,125.92247009277344,125.92247009277344,125.92247009277344,0
2015-07-20,125.92247009277344,125.92247009277344,125.92247009277344,125.92247009277344,0
2015-07-21,125.92247009277344,125.92247009277344,125.92247009277344,125.92247009277344,0
2015-07-22,125.92247009277344,125.92247009277344,125.92247009277344,125.92247009277344,0
2015-07-23,125.92247009277344,125.92247009277344,125.92247009277344,125.92247009277344,0
2015-07-24,125.92247009277344,125.92247009277344,125.92247009277344,125.92247009277344,0
2015-07-27,125.92247009277344,125.92247009277344,125.92247009277344,125.92247009277344,0
2015-07-28,125.92247009277344,125.92247009277344,125.92247009277344,125.92247009277344,0
2015-07-29,125.92247009277344,125.92247009277344,125.92247009277344,125.92247009277344,0
2015-07-30,125.92247009277344,125.92247009277344,125.92247009277344,125.92247009277344,0
2015-07-31,125.92247009277344,125.92247009277344,125.92247009277344,125.92247009277344,0
2015-08-03,125.92247009277344,125.92247009277344,125.92247009277344,125.92247009277344,0
2015-08-04,125.92247009277344,125.92247009277344,125.92247009277344,125.92247009277344,0
2015-08-05,125.92247009277344,125.92247009277344,125.92247009277344,125.92247009277344,0
2015-08-06,125.92247009277344,125.92247009277344,125.92247009277344,125.92247009277344,0
2015-08-07,125.92247009277344,125.92247009277344,125.92247009277344,125.92247009277344,0
2015-08-10,125.92247009277344,125.92247009277344,125.92247009277344,125.92247009277344,0
2015-08-11,125.92247009277344,125.92247009277344,125.92247009277344,125.92247009277344,0
2015-08-12,125.92247009277344,125.92247009277344,125.92247009277344,125.92247009277344,0
2015-08-13,125.92247009277344,125.92247009277344,125.92247009277344,125.92247009277344,0
2015-08-14,125.92247009277344,125.92247009277344,125.92247009277344,125.92247009277344,0
2015-08-17,125.92247009277344,125.92247009277344,125.92247009277344,125.92247009277344,0
2015-08-18,125.92247009277344,125.92247009277344,125.92247009277344,125.92247009277344,0
2015-08-19,125.92247009277344,125.92247009277344,125.92247009277344,125.92247009277344,0
2015-08-20,125.92247009277344,125.92247009277344,125.92247009277344,125.92247009277344,0
2015-08-21,125.92247009277344,125.92247009277344,125.92247009277344,125.92247009277344,0
2015-08-24,125.92247009277344,125.92247009277344,125.92247009277344,125.92247009277344,0
2015-08-25,125.92247009277344,125.92247009277344,125.92247009277344,125.92247009277344,0
2015-08-26,125.92247009277344,125.92247009277344,125.92247009277344,125.92247009277344,0
2015-08-27,125.92247009277344,125.92247009277344,125.92247009277344,125.92247009277344,0
2015-08-28,125.92247009277344,125.92247009277344,125.92247009277344,125.92247009277344,0
2015-08-31,125.92247009277344,125.92247009277344,125.92247009277344,125.92247009277344,0
2015-09-01,125.92247009277344,125.92247009277344,125.92247009277344,125.92247009277344,0
2015-09-02,125.92247009277344,125.92247009277344,125.92247009277344,125.92247009277344,0
2015-09-03,125.92247009277344,125.92247009277344,125.92247009277344,125.92247009277344,0
2015-09-04,125.92247009277344,125.92247009277344,125.92247009277344,125.92247009277344,0
2015-09-07,125.92247009277344,125.92247009277344,125.92247009277344,125.92247009277344,0
2015-09-08,125.92247009277344,125.92247009277344,125.92247009277344,125.92247009277344,0
2015-09-09,125.92247009277344,125.92247009277344,125.92247009277344,125.92247009277344,0
2015-09-10,125.92247009277344,125.92247009277344,125.92247009277344,125.92247009277344,0
2015-09-11,125.92247009277344,125.92247009277344,125.92247009277344,125.92247009277344,0
2015-09-14,125.92247009277344,125.92247009277344,125.92247009277344,125.92247009277344,0
2015-09-15,125.92247009277344,125.92247009277344,125.92247009277344,125.92247009277344,0
2015-09-16,125.92247009277344,125.92247009277344,125.92247009277344,125.92247009277344,0
2015-09-18,125.92247009277344,125.92247009277344,125.92247009277344,125.92247009277344,0
2015-09-21,125.92247009277344,125.92247009277344,125.92247009277344,125.92247009277344,0
2015-09-22,125.92247009277344,125.92247009277344,125.92247009277344,125.92247009277344,0
2015-09-23,125.92247009277344,125.92247009277344,125.92247009277344,125.92247009277344,0
2015-09-24,125.92247009277344,125.92247009277344,125.92247009277344,125.92247009277344,0
2015-09-28,125.92247009277344,125.92247009277344,125.92247009277344,125.92247009277344,0
2015-09-29,125.92247009277344,125.92247009277344,125.92247009277344,125.92247009277344,0
2015-09-30,125.92247009277344,125.92247009277344,125.92247009277344,125.92247009277344,0
2015-10-01,125.92247009277344,125.92247009277344,125.92247009277344,125.92247009277344,0
2015-10-05,125.92247009277344,125.92247009277344,125.92247009277344,125.92247009277344,0
2015-10-06,125.92247009277344,125.92247009277344,125.92247009277344,125.92247009277344,0
2015-10-07,125.92247009277344,125.92247009277344,125.92247009277344,125.92247009277344,0
2015-10-08,125.92247009277344,125.92247009277344,125.92247009277344,125.92247009277344,0
2015-10-09,125.92247009277344,125.92247009277344,125.92247009277344,125.92247009277344,0
2015-10-12,125.92247009277344,125.92247009277344,125.92247009277344,125.92247009277344,0
2015-10-13,125.92247009277344,125.92247009277344,125.92247009277344,125.92247009277344,0
2015-10-14,125.92247009277344,125.92247009277344,125.92247009277344,125.92247009277344,0
2015-10-15,125.92247009277344,125.92247009277344,125.92247009277344,125.92247009277344,0
2015-10-16,125.92247009277344,125.92247009277344,125.92247009277344,125.92247009277344,0
2015-10-19,125.92247009277344,125.92247009277344,125.92247009277344,125.92247009277344,0
2015-10-20,125.92247009277344,125.92247009277344,125.92247009277344,125.92247009277344,0
2015-10-21,125.92247009277344,125.92247009277344,125.92247009277344,125.92247009277344,0
2015-10-23,125.92247009277344,125.92247009277344,125.92247009277344,125.92247009277344,0
2015-10-26,125.92247009277344,125.92247009277344,125.92247009277344,125.92247009277344,0
2015-10-27,125.92247009277344,125.92247009277344,125.92247009277344,125.92247009277344,0
2015-10-28,125.92247009277344,125.92247009277344,125.92247009277344,125.92247009277344,0
2015-10-29,125.92247009277344,125.92247009277344,125.92247009277344,125.92247009277344,0
2015-10-30,125.92247009277344,125.92247009277344,125.92247009277344,125.92247009277344,0
2015-11-02,125.92247009277344,125.92247009277344,125.92247009277344,125.92247009277344,0
2015-11-03,125.92247009277344,125.92247009277344,125.92247009277344,125.92247009277344,0
2015-11-04,125.92247009277344,125.92247009277344,125.92247009277344,125.92247009277344,0
2015-11-05,125.92247009277344,125.92247009277344,125.92247009277344,125.92247009277344,0
2015-11-06,125.92247009277344,125.92247009277344,125.92247009277344,125.92247009277344,0
2015-11-09,125.92247009277344,125.92247009277344,125.92247009277344,125.92247009277344,0
2015-11-10,125.92247009277344,125.92247009277344,125.92247009277344,125.92247009277344,0
2015-11-13,125.92247009277344,125.92247009277344,125.92247009277344,125.92247009277344,0
2015-11-16,125.92247009277344,125.92247009277344,125.92247009277344,125.92247009277344,0
2015-11-17,125.92247009277344,125.92247009277344,125.92247009277344,125.92247009277344,0
2015-11-18,125.92247009277344,125.92247009277344,125.92247009277344,125.92247009277344,0
2015-11-19,125.92247009277344,125.92247009277344,125.92247009277344,125.92247009277344,0
2015-11-20,125.92247009277344,125.92247009277344,125.92247009277344,125.92247009277344,0
2015-11-23,125.92247009277344,125.92247009277344,125.92247009277344,125.92247009277344,0
2015-11-24,125.92247009277344,125.92247009277344,125.92247009277344,125.92247009277344,0
2015-11-26,125.92247009277344,125.92247009277344,125.92247009277344,125.92247009277344,0
2015-11-27,125.92247009277344,125.92247009277344,125.92247009277344,125.92247009277344,0
2015-11-30,125.92247009277344,125.92247009277344,125.92247009277344,125.92247009277344,0
2015-12-01,125.92247009277344,125.92247009277344,125.92247009277344,125.92247009277344,0
2015-12-02,125.92247009277344,125.92247009277344,125.92247009277344,125.92247009277344,0
2015-12-03,125.92247009277344,125.92247009277344,125.92247009277344,125.92247009277344,0
2015-12-04,125.92247009277344,125.92247009277344,125.92247009277344,125.92247009277344,0
2015-12-07,125.92247009277344,125.92247009277344,125.92247009277344,125.92247009277344,0
2015-12-08,125.92247009277344,125.92247009277344,125.92247009277344,125.92247009277344,0
2015-12-09,125.92247009277344,125.92247009277344,125.92247009277344,125.92247009277344,0
2015-12-10,125.92247009277344,125.92247009277344,125.92247009277344,125.92247009277344,0
2015-12-11,125.92247009277344,125.92247009277344,125.92247009277344,125.92247009277344,0
2015-12-14,125.92247009277344,125.92247009277344,125.92247009277344,125.92247009277344,0
2015-12-15,125.92247009277344,125.92247009277344,125.92247009277344,125.92247009277344,0
2015-12-16,125.92247009277344,125.92247009277344,125.92247009277344,125.92247009277344,0
2015-12-17,125.92247009277344,125.92247009277344,125.92247009277344,125.92247009277344,0
2015-12-18,125.92247009277344,125.92247009277344,125.92247009277344,125.92247009277344,0
2015-12-21,125.92247009277344,125.92247009277344,125.92247009277344,125.92247009277344,0
2015-12-22,125.92247009277344,125.92247009277344,125.92247009277344,125.92247009277344,0
2015-12-23,125.92247009277344,125.92247009277344,125.92247009277344,125.92247009277344,0
2015-12-24,125.92247009277344,125.92247009277344,125.92247009277344,125.92247009277344,0
2015-12-28,125.92247009277344,125.92247009277344,125.92247009277344,125.92247009277344,0
2015-12-29,125.92247009277344,125.92247009277344,125.92247009277344,125.92247009277344,0
2015-12-30,125.92247009277344,125.92247009277344,125.92247009277344,125.92247009277344,0
2015-12-31,125.92247009277344,125.92247009277344,125.92247009277344,125.92247009277344,0
2016-01-01,125.92247009277344,125.92247009277344,125.92247009277344,125.92247009277344,0
2016-01-04,125.92247009277344,125.92247009277344,125.92247009277344,125.92247009277344,0
2016-01-05,125.92247009277344,125.92247009277344,125.92247009277344,125.92247009277344,0
2016-01-06,125.92247009277344,125.92247009277344,125.92247009277344,125.92247009277344,0
2016-01-07,125.92247009277344,125.92247009277344,125.92247009277344,125.92247009277344,0
2016-01-08,125.92247009277344,125.92247009277344,125.92247009277344,125.92247009277344,0
2016-01-11,125.92247009277344,125.92247009277344,125.92247009277344,125.92247009277344,0
2016-01-12,125.92247009277344,125.92247009277344,125.92247009277344,125.92247009277344,0
2016-01-13,125.92247009277344,125.92247009277344,125.92247009277344,125.92247009277344,0
2016-01-14,125.92247009277344,125.92247009277344,125.92247009277344,125.92247009277344,0
2016-01-15,125.92247009277344,125.92247009277344,125.92247009277344,125.92247009277344,0
2016-01-18,125.92247009277344,125.92247009277344,125.92247009277344,125.92247009277344,0
2016-01-19,125.92247009277344,125.92247009277344,125.92247009277344,125.92247009277344,0
2016-01-20,125.92247009277344,125.92247009277344,125.92247009277344,125.92247009277344,0
2016-01-21,125.92247009277344,125.92247009277344,125.92247009277344,125.92247009277344,0
2016-01-22,125.92247009277344,125.92247009277344,125.92247009277344,125.92247009277344,0
2016-01-25,125.92247009277344,125.92247009277344,125.92247009277344,125.92247009277344,0
2016-01-27,125.92247009277344,125.92247009277344,125.92247009277344,125.92247009277344,0
2016-01-28,125.92247009277344,125.92247009277344,125.92247009277344,125.92247009277344,0
2016-01-29,125.92247009277344,125.92247009277344,125.92247009277344,125.92247009277344,0
2016-02-01,125.92247009277344,125.92247009277344,125.92247009277344,125.92247009277344,0
2016-02-02,125.92247009277344,125.92247009277344,125.92247009277344,125.92247009277344,0
2016-02-03,125.92247009277344,125.92247009277344,125.92247009277344,125.92247009277344,0
2016-02-04,125.92247009277344,125.92247009277344,125.92247009277344,125.92247009277344,0
2016-02-05,125.92247009277344,125.92247009277344,125.92247009277344,125.92247009277344,0
2016-02-08,125.92247009277344,125.92247009277344,125.92247009277344,125.92247009277344,0
2016-02-09,125.92247009277344,125.92247009277344,125.92247009277344,125.92247009277344,0
2016-02-10,125.92247009277344,125.92247009277344,125.92247009277344,125.92247009277344,0
2016-02-11,125.92247009277344,125.92247009277344,125.92247009277344,125.92247009277344,0
2016-02-12,125.92247009277344,125.92247009277344,125.92247009277344,125.92247009277344,0
2016-02-15,125.92247009277344,125.92247009277344,125.92247009277344,125.92247009277344,0
2016-02-16,125.92247009277344,125.92247009277344,125.92247009277344,125.92247009277344,0
2016-02-17,125.92247009277344,125.92247009277344,125.92247009277344,125.92247009277344,0
2016-02-18,125.92247009277344,125.92247009277344,125.92247009277344,125.92247009277344,0
2016-02-19,125.92247009277344,125.92247009277344,125.92247009277344,125.92247009277344,0
2016-02-22,125.92247009277344,125.92247009277344,125.92247009277344,125.92247009277344,0
2016-02-23,125.92247009277344,125.92247009277344,125.92247009277344,125.92247009277344,0
2016-02-24,125.92247009277344,125.92247009277344,125.92247009277344,125.92247009277344,0
2016-02-25,125.92247009277344,125.92247009277344,125.92247009277344,125.92247009277344,0
2016-02-26,125.92247009277344,125.92247009277344,125.92247009277344,125.92247009277344,0
2016-02-29,125.92247009277344,125.92247009277344,125.92247009277344,125.92247009277344,0
2016-03-01,125.92247009277344,125.92247009277344,125.92247009277344,125.92247009277344,0
2016-03-02,125.92247009277344,125.92247009277344,125.92247009277344,125.92247009277344,0
2016-03-03,125.92247009277344,125.92247009277344,125.92247009277344,125.92247009277344,0
2016-03-04,125.92247009277344,125.92247009277344,125.92247009277344,125.92247009277344,0
2016-03-08,125.92247009277344,125.92247009277344,125.92247009277344,125.92247009277344,0
2016-03-09,125.92247009277344,125.92247009277344,125.92247009277344,125.92247009277344,0
2016-03-10,125.92247009277344,125.92247009277344,125.92247009277344,125.92247009277344,0
2016-03-11,125.92247009277344,125.92247009277344,125.92247009277344,125.92247009277344,0
2016-03-14,125.92247009277344,125.92247009277344,125.92247009277344,125.92247009277344,0
2016-03-15,125.92247009277344,125.92247009277344,125.92247009277344,125.92247009277344,0
2016-03-16,125.92247009277344,125.92247009277344,125.92247009277344,125.92247009277344,0
2016-03-17,125.92247009277344,125.92247009277344,125.92247009277344,125.92247009277344,0
2016-03-18,125.92247009277344,125.92247009277344,125.92247009277344,125.92247009277344,0
2016-03-21,125.92247009277344,125.92247009277344,125.92247009277344,125.92247009277344,0
2016-03-22,125.92247009277344,125.92247009277344,125.92247009277344,125.92247009277344,0
2016-03-23,125.92247009277344,125.92247009277344,125.92247009277344,125.92247009277344,0
2016-03-28,125.92247009277344,125.92247009277344,125.92247009277344,125.92247009277344,0
2016-03-29,125.92247009277344,125.92247009277344,125.92247009277344,125.92247009277344,0
2016-03-30,125.92247009277344,125.92247009277344,125.92247009277344,125.92247009277344,0
2016-03-31,125.92247009277344,125.92247009277344,125.92247009277344,125.92247009277344,0
2016-04-01,125.92247009277344,125.92247009277344,125.92247009277344,125.92247009277344,0
2016-04-04,125.92247009277344,125.92247009277344,125.92247009277344,125.92247009277344,0
2016-04-05,125.92247009277344,125.92247009277344,125.92247009277344,125.92247009277344,0
2016-04-06,125.92247009277344,125.92247009277344,125.92247009277344,125.92247009277344,0
2016-04-07,125.92247009277344,125.92247009277344,125.92247009277344,125.92247009277344,0
2016-04-08,125.92247009277344,125.92247009277344,125.92247009277344,125.92247009277344,0
2016-04-11,125.92247009277344,125.92247009277344,125.92247009277344,125.92247009277344,0
2016-04-12,125.92247009277344,125.92247009277344,125.92247009277344,125.92247009277344,0
2016-04-13,125.92247009277344,125.92247009277344,125.92247009277344,125.92247009277344,0
2016-04-18,125.92247009277344,125.92247009277344,125.92247009277344,125.92247009277344,0
2016-04-20,125.92247009277344,125.92247009277344,125.92247009277344,125.92247009277344,0
2016-04-21,125.92247009277344,125.92247009277344,125.92247009277344,125.92247009277344,0
2016-04-22,125.92247009277344,125.92247009277344,125.92247009277344,125.92247009277344,0
2016-04-25,125.92247009277344,125.92247009277344,125.92247009277344,125.92247009277344,0
2016-04-26,125.92247009277344,125.92247009277344,125.92247009277344,125.92247009277344,0
2016-04-27,125.92247009277344,125.92247009277344,125.92247009277344,125.92247009277344,0
2016-04-28,125.92247009277344,125.92247009277344,125.92247009277344,125.92247009277344,0
2016-04-29,125.92247009277344,125.92247009277344,125.92247009277344,125.92247009277344,0
2016-05-02,125.92247009277344,125.92247009277344,125.92247009277344,125.92247009277344,0
2016-05-03,125.92247009277344,125.92247009277344,125.92247009277344,125.92247009277344,0
2016-05-04,125.92247009277344,125.92247009277344,125.92247009277344,125.92247009277344,0
2016-05-05,125.92247009277344,125.92247009277344,125.92247009277344,125.92247009277344,0
2016-05-06,125.92247009277344,125.92247009277344,125.92247009277344,125.92247009277344,0
2016-05-09,125.92247009277344,125.92247009277344,125.92247009277344,125.92247009277344,0
2016-05-10,125.92247009277344,125.92247009277344,125.92247009277344,125.92247009277344,0
2016-05-11,125.92247009277344,125.92247009277344,125.92247009277344,125.92247009277344,0
2016-05-12,125.92247009277344,125.92247009277344,125.92247009277344,125.92247009277344,0
2016-05-13,125.92247009277344,125.92247009277344,125.92247009277344,125.92247009277344,0
2016-05-16,125.92247009277344,125.92247009277344,125.92247009277344,125.92247009277344,0
2016-05-17,125.92247009277344,125.92247009277344,125.92247009277344,125.92247009277344,0
2016-05-18,125.92247009277344,125.92247009277344,125.92247009277344,125.92247009277344,0
2016-05-19,125.92247009277344,125.92247009277344,125.92247009277344,125.92247009277344,0
2016-05-20,125.92247009277344,125.92247009277344,125.92247009277344,125.92247009277344,0
2016-05-23,125.92247009277344,125.92247009277344,125.92247009277344,125.92247009277344,0
2016-05-24,125.92247009277344,125.92247009277344,125.92247009277344,125.92247009277344,0
2016-05-25,125.92247009277344,125.92247009277344,125.92247009277344,125.92247009277344,0
2016-05-26,125.92247009277344,125.92247009277344,125.92247009277344,125.92247009277344,0
2016-05-27,125.92247009277344,125.92247009277344,125.92247009277344,125.92247009277344,0
2016-05-30,125.92247009277344,125.92247009277344,125.92247009277344,125.92247009277344,0
2016-05-31,125.92247009277344,125.92247009277344,125.92247009277344,125.92247009277344,0
2016-06-01,125.92247009277344,125.92247009277344,125.92247009277344,125.92247009277344,0
2016-06-02,125.92247009277344,125.92247009277344,125.92247009277344,125.92247009277344,0
2016-06-03,125.92247009277344,125.92247009277344,125.92247009277344,125.92247009277344,0
2016-06-06,125.92247009277344,125.92247009277344,125.92247009277344,125.92247009277344,0
2016-06-07,125.92247009277344,125.92247009277344,125.92247009277344,125.92247009277344,0
2016-06-08,125.92247009277344,125.92247009277344,125.92247009277344,125.92247009277344,0
2016-06-09,125.92247009277344,125.92247009277344,125.92247009277344,125.92247009277344,0
2016-06-10,125.92247009277344,125.92247009277344,125.92247009277344,125.92247009277344,0
2016-06-13,125.92247009277344,125.92247009277344,125.92247009277344,125.92247009277344,0
2016-06-14,125.92247009277344,125.92247009277344,125.92247009277344,125.92247009277344,0
2016-06-15,125.92247009277344,125.92247009277344,125.92247009277344,125.92247009277344,0
2016-06-16,125.92247009277344,125.92247009277344,125.92247009277344,125.92247009277344,0
2016-06-17,125.92247009277344,125.92247009277344,125.92247009277344,125.92247009277344,0
2016-06-20,125.92247009277344,125.92247009277344,125.92247009277344,125.92247009277344,0
2016-06-21,125.92247009277344,125.92247009277344,125.92247009277344,125.92247009277344,0
2016-06-22,125.92247009277344,125.92247009277344,125.92247009277344,125.92247009277344,0
2016-06-23,125.92247009277344,125.92247009277344,125.92247009277344,125.92247009277344,0
2016-06-24,125.92247009277344,125.92247009277344,125.92247009277344,125.92247009277344,0
2016-06-27,125.92247009277344,125.92247009277344,125.92247009277344,125.92247009277344,0
2016-06-28,125.92247009277344,125.92247009277344,125.92247009277344,125.92247009277344,0
2016-06-29,125.92247009277344,125.92247009277344,125.92247009277344,125.92247009277344,0
2016-06-30,125.92247009277344,125.92247009277344,125.92247009277344,125.92247009277344,0
2016-07-01,125.92247009277344,125.92247009277344,125.92247009277344,125.92247009277344,0
2016-07-04,125.92247009277344,125.92247009277344,125.92247009277344,125.92247009277344,0
2016-07-05,125.92247009277344,125.92247009277344,125.92247009277344,125.92247009277344,0
2016-07-07,125.92247009277344,125.92247009277344,125.92247009277344,125.92247009277344,0
2016-07-08,125.92247009277344,125.92247009277344,125.92247009277344,125.92247009277344,0
2016-07-11,125.92247009277344,125.92247009277344,125.92247009277344,125.92247009277344,0
2016-07-12,125.92247009277344,125.92247009277344,125.92247009277344,125.92247009277344,0
2016-07-13,125.92247009277344,125.92247009277344,125.92247009277344,125.92247009277344,0
2016-07-14,125.92247009277344,125.92247009277344,125.92247009277344,125.92247009277344,0
2016-07-15,125.92247009277344,125.92247009277344,125.92247009277344,125.92247009277344,0
2016-07-18,125.92247009277344,125.92247009277344,125.92247009277344,125.92247009277344,0
2016-07-19,125.92247009277344,125.92247009277344,125.92247009277344,125.92247009277344,0
2016-07-20,125.92247009277344,125.92247009277344,125.92247009277344,125.92247009277344,0
2016-07-21,125.92247009277344,125.92247009277344,125.92247009277344,125.92247009277344,0
2016-07-22,125.92247009277344,125.92247009277344,125.92247009277344,125.92247009277344,0
2016-07-25,125.92247009277344,125.92247009277344,125.92247009277344,125.92247009277344,0
2016-07-26,125.92247009277344,125.92247009277344,125.92247009277344,125.92247009277344,0
2016-07-27,125.92247009277344,125.92247009277344,125.92247009277344,125.92247009277344,0
2016-07-28,125.92247009277344,125.92247009277344,125.92247009277344,125.92247009277344,0
2016-07-29,125.92247009277344,125.92247009277344,125.92247009277344,125.92247009277344,0
2016-08-01,125.92247009277344,125.92247009277344,125.92247009277344,125.92247009277344,0
2016-08-02,125.92247009277344,125.92247009277344,125.92247009277344,125.92247009277344,0
2016-08-03,125.92247009277344,125.92247009277344,125.92247009277344,125.92247009277344,0
2016-08-04,125.92247009277344,125.92247009277344,125.92247009277344,125.92247009277344,0
2016-08-05,125.92247009277344,125.92247009277344,125.92247009277344,125.92247009277344,0
2016-08-08,125.92247009277344,125.92247009277344,125.92247009277344,125.92247009277344,0
2016-08-09,125.92247009277344,125.92247009277344,125.92247009277344,125.92247009277344,0
2016-08-10,125.92247009277344,125.92247009277344,125.92247009277344,125.92247009277344,0
2016-08-11,125.92247009277344,125.92247009277344,125.92247009277344,125.92247009277344,0
2016-08-12,125.92247009277344,125.92247009277344,125.92247009277344,125.92247009277344,0
2016-08-16,125.92247009277344,125.92247009277344,125.92247009277344,125.92247009277344,0
2016-08-17,125.92247009277344,125.92247009277344,125.92247009277344,125.92247009277344,0
2016-08-18,125.92247009277344,125.92247009277344,125.92247009277344,125.92247009277344,0
2016-08-19,125.92247009277344,125.92247009277344,125.92247009277344,125.92247009277344,0
2016-08-22,125.92247009277344,125.92247009277344,125.92247009277344,125.92247009277344,0
2016-08-23,125.92247009277344,125.92247009277344,125.92247009277344,125.92247009277344,0
2016-08-24,125.92247009277344,125.92247009277344,125.92247009277344,125.92247009277344,0
2016-08-25,125.92247009277344,125.92247009277344,125.92247009277344,125.92247009277344,0
2016-08-26,125.92247009277344,125.92247009277344,125.92247009277344,125.92247009277344,0
2016-08-29,125.92247009277344,125.92247009277344,125.92247009277344,125.92247009277344,0
2016-08-30,125.92247009277344,125.92247009277344,125.92247009277344,125.92247009277344,0
2016-08-31,125.92247009277344,125.92247009277344,125.92247009277344,125.92247009277344,0
2016-09-01,125.92247009277344,125.92247009277344,125.92247009277344,125.92247009277344,0
2016-09-02,125.92247009277344,125.92247009277344,125.92247009277344,125.92247009277344,0
2016-09-06,125.92247009277344,125.92247009277344,125.92247009277344,125.92247009277344,0
2016-09-07,125.92247009277344,125.92247009277344,125.92247009277344,125.92247009277344,0
2016-09-08,125.92247009277344,125.92247009277344,125.92247009277344,125.92247009277344,0
2016-09-09,125.92247009277344,125.92247009277344,125.92247009277344,125.92247009277344,0
2016-09-12,125.92247009277344,125.92247009277344,125.92247009277344,125.92247009277344,0
2016-09-14,125.92247009277344,125.92247009277344,125.92247009277344,125.92247009277344,0
2016-09-15,125.92247009277344,125.92247009277344,125.92247009277344,125.92247009277344,0
2016-09-16,125.92247009277344,125.92247009277344,125.92247009277344,125.92247009277344,0
2016-09-19,125.92247009277344,125.92247009277344,125.92247009277344,125.92247009277344,0
2016-09-20,125.92247009277344,125.92247009277344,125.92247009277344,125.92247009277344,0
2016-09-21,125.92247009277344,125.92247009277344,125.92247009277344,125.92247009277344,0
2016-09-22,125.92247009277344,125.92247009277344,125.92247009277344,125.92247009277344,0
2016-09-23,125.92247009277344,125.92247009277344,125.92247009277344,125.92247009277344,0
2016-09-26,125.92247009277344,125.92247009277344,125.92247009277344,125.92247009277344,0
2016-09-27,125.92247009277344,125.92247009277344,125.92247009277344,125.92247009277344,0
2016-09-28,125.92247009277344,125.92247009277344,125.92247009277344,125.92247009277344,0
2016-09-29,125.92247009277344,125.92247009277344,125.92247009277344,125.92247009277344,0
2016-09-30,125.92247009277344,125.92247009277344,125.92247009277344,125.92247009277344,0
2016-10-03,125.92247009277344,125.92247009277344,125.92247009277344,125.92247009277344,0
2016-10-04,125.92247009277344,125.92247009277344,125.92247009277344,125.92247009277344,0
2016-10-05,125.92247009277344,125.92247009277344,125.92247009277344,125.92247009277344,0
2016-10-06,125.92247009277344,125.92247009277344,125.92247009277344,125.92247009277344,0
2016-10-07,125.92247009277344,125.92247009277344,125.92247009277344,125.92247009277344,0
2016-10-10,125.92247009277344,125.92247009277344,125.92247009277344,125.92247009277344,0
2016-10-13,125.92247009277344,125.92247009277344,125.92247009277344,125.92247009277344,0
2016-10-14,125.92247009277344,125.92247009277344,125.92247009277344,125.92247009277344,0
2016-10-17,125.92247009277344,125.92247009277344,125.92247009277344,125.92247009277344,0
2016-10-18,125.92247009277344,125.92247009277344,125.92247009277344,125.92247009277344,0
2016-10-19,125.92247009277344,125.92247009277344,125.92247009277344,125.92247009277344,0
2016-10-20,125.92247009277344,125.92247009277344,125.92247009277344,125.92247009277344,0
2016-10-21,125.92247009277344,125.92247009277344,125.92247009277344,125.92247009277344,0
2016-10-24,125.92247009277344,125.92247009277344,125.92247009277344,125.92247009277344,0
2016-10-25,125.92247009277344,125.92247009277344,125.92247009277344,125.92247009277344,0
2016-10-26,125.92247009277344,125.92247009277344,125.92247009277344,125.92247009277344,0
2016-10-27,125.92247009277344,125.92247009277344,125.92247009277344,125.92247009277344,0
2016-10-28,125.92247009277344,125.92247009277344,125.92247009277344,125.92247009277344,0
2016-11-01,125.92247009277344,125.92247009277344,125.92247009277344,125.92247009277344,0
2016-11-02,125.92247009277344,125.92247009277344,125.92247009277344,125.92247009277344,0
2016-11-03,125.92247009277344,125.92247009277344,125.92247009277344,125.92247009277344,0
2016-11-04,125.92247009277344,125.92247009277344,125.92247009277344,125.92247009277344,0
2016-11-07,125.92247009277344,125.92247009277344,125.92247009277344,125.92247009277344,0
2016-11-08,125.92247009277344,125.92247009277344,125.92247009277344,125.92247009277344,0
2016-11-09,125.92247009277344,125.92247009277344,125.92247009277344,125.92247009277344,0
2016-11-10,125.92247009277344,125.92247009277344,125.92247009277344,125.92247009277344,0
2016-11-11,125.92247009277344,125.92247009277344,125.92247009277344,125.92247009277344,0
2016-11-15,125.92247009277344,125.92247009277344,125.92247009277344,125.92247009277344,0
2016-11-16,125.92247009277344,125.92247009277344,125.92247009277344,125.92247009277344,0
2016-11-17,125.92247009277344,125.92247009277344,125.92247009277344,125.92247009277344,0
2016-11-18,125.92247009277344,125.92247009277344,125.92247009277344,125.92247009277344,0
2016-11-21,125.92247009277344,125.92247009277344,125.92247009277344,125.92247009277344,0
2016-11-22,125.92247009277344,125.92247009277344,125.92247009277344,125.92247009277344,0
2016-11-23,125.92247009277344,125.92247009277344,125.92247009277344,125.92247009277344,0
2016-11-24,125.92247009277344,125.92247009277344,125.92247009277344,125.92247009277344,0
2016-11-25,125.92247009277344,125.92247009277344,125.92247009277344,125.92247009277344,0
2016-11-28,125.92247009277344,125.92247009277344,125.92247009277344,125.92247009277344,0
2016-11-29,125.92247009277344,125.92247009277344,125.92247009277344,125.92247009277344,0
2016-11-30,125.92247009277344,125.92247009277344,125.92247009277344,125.92247009277344,0
2016-12-01,125.92247009277344,125.92247009277344,125.92247009277344,125.92247009277344,0
2016-12-02,125.92247009277344,125.92247009277344,125.92247009277344,125.92247009277344,0
2016-12-05,125.92247009277344,125.92247009277344,125.92247009277344,125.92247009277344,0
2016-12-06,125.92247009277344,125.92247009277344,125.92247009277344,125.92247009277344,0
2016-12-07,125.92247009277344,125.92247009277344,125.92247009277344,125.92247009277344,0
2016-12-08,125.92247009277344,125.92247009277344,125.92247009277344,125.92247009277344,0
2016-12-09,125.92247009277344,125.92247009277344,125.92247009277344,125.92247009277344,0
2016-12-12,125.92247009277344,125.92247009277344,125.92247009277344,125.92247009277344,0
2016-12-13,125.92247009277344,125.92247009277344,125.92247009277344,125.92247009277344,0
2016-12-14,125.92247009277344,125.92247009277344,125.92247009277344,125.92247009277344,0
2016-12-15,125.92247009277344,125.92247009277344,125.92247009277344,125.92247009277344,0
2016-12-16,125.92247009277344,125.92247009277344,125.92247009277344,125.92247009277344,0
2016-12-19,125.92247009277344,125.92247009277344,125.92247009277344,125.92247009277344,0
2016-12-20,125.92247009277344,125.92247009277344,125.92247009277344,125.92247009277344,0
2016-12-21,125.92247009277344,125.92247009277344,125.92247009277344,125.92247009277344,0
2016-12-22,125.92247009277344,125.92247009277344,125.92247009277344,125.92247009277344,0
2016-12-23,125.92247009277344,125.92247009277344,125.92247009277344,125.92247009277344,0
2016-12-26,125.92247009277344,125.92247009277344,125.92247009277344,125.92247009277344,0
2016-12-27,125.92247009277344,125.92247009277344,125.92247009277344,125.92247009277344,0
2016-12-28,125.92247009277344,125.92247009277344,125.92247009277344,125.92247009277344,0
2016-12-29,125.92247009277344,125.92247009277344,125.92247009277344,125.92247009277344,0
2016-12-30,125.92247009277344,125.92247009277344,125.92247009277344,125.92247009277344,0
2017-01-02,125.92247009277344,125.92247009277344,125.92247009277344,125.92247009277344,0
2017-01-03,125.92247009277344,125.92247009277344,125.92247009277344,125.92247009277344,0
2017-01-04,125.92247009277344,125.92247009277344,125.92247009277344,125.92247009277344,0
2017-01-05,125.92247009277344,125.92247009277344,125.92247009277344,125.92247009277344,0
2017-01-06,125.92247009277344,125.92247009277344,125.92247009277344,125.92247009277344,0
2017-01-09,125.92247009277344,125.92247009277344,125.92247009277344,125.92247009277344,0
2017-01-10,125.92247009277344,125.92247009277344,125.92247009277344,125.92247009277344,0
2017-01-11,125.92247009277344,125.92247009277344,125.92247009277344,125.92247009277344,0
2017-01-12,125.92247009277344,125.92247009277344,125.92247009277344,125.92247009277344,0
2017-01-13,125.92247009277344,125.92247009277344,125.92247009277344,125.92247009277344,0
2017-01-16,125.92247009277344,125.92247009277344,125.92247009277344,125.92247009277344,0
2017-01-17,125.92247009277344,125.92247009277344,125.92247009277344,125.92247009277344,0
2017-01-18,125.92247009277344,125.92247009277344,125.92247009277344,125.92247009277344,0
2017-01-19,125.92247009277344,125.92247009277344,125.92247009277344,125.92247009277344,0
2017-01-20,125.92247009277344,125.92247009277344,125.92247009277344,125.92247009277344,0
2017-01-23,125.92247009277344,125.92247009277344,125.92247009277344,125.92247009277344,0
2017-01-24,125.92247009277344,125.92247009277344,125.92247009277344,125.92247009277344,0
2017-01-25,125.92247009277344,125.92247009277344,125.92247009277344,125.92247009277344,0
2017-01-27,125.92247009277344,125.92247009277344,125.92247009277344,125.92247009277344,0
2017-01-30,125.92247009277344,125.92247009277344,125.92247009277344,125.92247009277344,0
2017-01-31,125.92247009277344,125.92247009277344,125.92247009277344,125.92247009277344,0
2017-02-01,125.92247009277344,125.92247009277344,125.92247009277344,125.92247009277344,0
2017-02-02,125.92247009277344,125.92247009277344,125.92247009277344,125.92247009277344,0
2017-02-03,125.92247009277344,125.92247009277344,125.92247009277344,125.92247009277344,0
2017-02-06,125.92247009277344,125.92247009277344,125.92247009277344,125.92247009277344,0
2017-02-07,125.92247009277344,125.92247009277344,125.92247009277344,125.92247009277344,0
2017-02-08,125.92247009277344,125.92247009277344,125.92247009277344,125.92247009277344,0
2017-02-09,125.92247009277344,125.92247009277344,125.92247009277344,125.92247009277344,0
2017-02-10,125.92247009277344,125.92247009277344,125.92247009277344,125.92247009277344,0
2017-02-13,125.92247009277344,125.92247009277344,125.92247009277344,125.92247009277344,0
2017-02-14,125.92247009277344,125.92247009277344,125.92247009277344,125.92247009277344,0
2017-02-15,125.92247009277344,125.92247009277344,125.92247009277344,125.92247009277344,0
2017-02-16,125.92247009277344,125.92247009277344,125.92247009277344,125.92247009277344,0
2017-02-17,125.92247009277344,125.92247009277344,125.92247009277344,125.92247009277344,0
2017-02-20,125.92247009277344,125.92247009277344,125.92247009277344,125.92247009277344,0
2017-02-21,125.92247009277344,125.92247009277344,125.92247009277344,125.92247009277344,0
2017-02-22,125.92247009277344,125.92247009277344,125.92247009277344,125.92247009277344,0
2017-02-23,125.92247009277344,125.92247009277344,125.92247009277344,125.92247009277344,0
2017-02-27,154.3362274169922,160.49416661697055,153.22101707239483,153.22101707239483,508
2017-02-28,152.25128173828125,155.16054189888536,150.36026559334107,155.16054189888536,745
2017-03-01,152.34825134277344,152.34825134277344,152.25127009259978,152.25127009259978,650
2017-03-02,152.25128173828125,160.97906222009357,152.25128173828125,152.25128173828125,677
2017-03-03,157.19700622558594,168.7370638702199,152.2512587794513,167.76731062958646,2130
2017-03-06,161.26998901367188,182.31363426454152,155.4514687711865,155.4514687711865,2779
2017-03-07,159.76687622070312,164.80959105395254,158.99107052391176,164.80959105395254,1157
2017-03-08,159.6698760986328,167.7673221320009,158.84559466593632,167.7673221320009,140
2017-03-09,156.37269592285156,170.91899321800054,153.2209981755693,170.91899321800054,1078
2017-03-10,156.227294921875,165.6339009216326,155.16056015192487,157.10006715382391,1156
2017-03-14,154.23924255371094,155.16050509325032,152.5906651465469,152.5906651465469,370
2017-03-15,154.23924255371094,154.23924255371094,154.23924255371094,154.23924255371094,0
2017-03-16,154.3362274169922,159.2334844031253,151.86336840964495,155.160523617615,604
2017-03-17,156.95457458496094,157.10003165833285,153.2210185309666,153.36647560433855,183
2017-03-20,154.19078063964844,157.10004065171728,151.2815206275796,151.2815206275796,2170
2017-03-21,156.227294921875,164.85809516142015,155.25754142092546,161.80337755233478,990
2017-03-22,151.71788024902344,155.16050695657424,147.45097222662125,155.16050695657424,1788
2017-03-23,153.80287170410156,155.06353909404083,141.82641312159598,150.31175407758892,3997
2017-03-24,152.83311462402344,153.02706231013633,151.28150354060048,151.28150354060048,4200
2017-03-27,154.19078063964844,154.19078063964844,150.89362521154172,150.89362521154172,300
2017-03-28,149.72991943359375,153.22103760165032,147.063097576603,153.22103760165032,1583
2017-03-29,150.65118408203125,163.79132972159823,149.3905018074064,163.79132972159823,344
2017-03-30,153.17254638671875,153.17254638671875,148.6147083716413,148.6147083716413,520
2017-03-31,155.1605224609375,155.1605224609375,155.1605224609375,155.1605224609375,32
2017-04-03,151.28150939941406,154.96657476731343,151.28150939941406,154.96657476731343,100
2017-04-05,153.2210235595703,153.7059002164044,150.3117636185658,151.28151693223398,1541
2017-04-06,154.19078063964844,157.97281273643327,152.34825521757614,152.34825521757614,381
2017-04-07,152.4452362060547,152.4452362060547,152.34826974143192,152.4452362060547,107
2017-04-10,155.1605224609375,155.1605224609375,149.34200286865234,150.3117561340332,485
2017-04-11,151.3784942626953,162.82157122986249,150.89361761841667,160.00929261195074,904
2017-04-12,152.73614501953125,154.67565162295386,150.31176176525298,151.2815150669643,633
2017-04-13,155.06353759765625,155.06353759765625,152.73613573394778,155.06353759765625,1022
2017-04-17,155.1605224609375,155.1605224609375,147.49947758333292,155.1605224609375,442
2017-04-18,150.02081298828125,155.06352653127422,150.02081298828125,150.3117418997972,939
2017-04-19,145.36602783203125,147.4994971364994,143.7659406509426,147.4994971364994,1076
2017-04-20,150.69964599609375,151.52394216035003,140.37178001734827,151.18452261100686,1575
2017-04-21,153.85134887695312,154.190768437071,149.09956381886582,151.03907034008682,1318
2017-04-24,146.82064819335938,155.1605327474388,146.67519111281325,155.1605327474388,523
2017-04-25,151.9603271484375,153.75437653064455,149.00257685759394,153.22100929831868,193
2017-04-26,153.2210235595703,154.96658248362527,150.3117636185658,154.96658248362527,118
2017-04-27,146.9661102294922,152.59068212438626,143.5234831802437,150.4087372787407,819
2017-04-28,149.8753662109375,153.17252130824212,144.54172339059994,152.25125868963585,2639
2017-05-02,150.36024475097656,153.22101388623588,146.43274111912416,150.11780643786543,1354
2017-05-03,153.2210235595703,155.16053018690664,148.4692382415008,148.4692382415008,1429
2017-05-04,160.73660278320312,160.78509340563656,149.4389832274508,149.82687861239748,2082
2017-05-05,153.2210235595703,155.16053018690664,153.2210235595703,155.16053018690664,493
2017-05-08,149.4874725341797,152.25127549227537,149.3420154510217,149.77840149775741,1057
2017-05-09,153.31797790527344,154.96655528976117,152.2512435285268,152.2512435285268,603
2017-05-10,153.41494750976562,164.85803779877978,150.31174034594628,150.40872158120206,1719
2017-05-11,150.2147979736328,163.79134577541157,147.11159000696452,163.79134577541157,2403
2017-05-12,150.311767578125,151.76639758694557,150.21478632529897,150.21478632529897,73
2017-05-15,147.88739013671875,153.22103371542008,140.8081875182627,149.3420202036373,731
2017-05-16,147.01461791992188,148.27528547262213,144.6387103076893,146.14183100198065,2454
2017-05-17,147.88739013671875,152.25128033747438,146.52974132649967,148.3722668256916,953
2017-05-18,145.55996704101562,157.4879200386637,145.46298579824608,152.25125846883088,554
2017-05-19,148.71168518066406,152.83313700239526,145.94788215777479,151.28152569177985,291
2017-05-22,150.11781311035156,150.21477956154982,145.85088973158182,145.85088973158182,413
2017-05-23,149.24501037597656,149.24501037597656,140.2263175253995,140.61421288341552,42
2017-05-24,147.40249633789062,148.2752683578292,145.4629898071289,145.5599710525712,619
2017-05-25,148.32374572753906,148.3722363459275,148.32374572753906,148.32374572753906,2
2017-05-26,146.52972412109375,148.85712603597682,140.6627139139696,140.6627139139696,14
2017-05-29,151.0875701904297,151.0875701904297,146.3842606703041,146.3842606703041,1011
2017-05-30,145.65695190429688,159.0395512493667,140.71121864014327,142.55374410766407,347
2017-05-31,149.68142700195312,153.17252998559184,141.19608567071452,143.52348765980702,461
2017-06-01,147.88739013671875,150.311773581583,147.88739013671875,149.29352957528755,431
2017-06-02,150.311767578125,150.311767578125,144.2508092080393,150.311767578125,101
2017-06-05,150.311767578125,150.311767578125,150.311767578125,150.311767578125,1
2017-06-06,150.26324462890625,150.26324462890625,150.21475401292395,150.21475401292395,250
2017-06-07,150.26324462890625,150.26324462890625,150.26324462890625,150.26324462890625,0
2017-06-08,141.39002990722656,144.25079909795232,141.0991009664004,144.25079909795232,201
2017-06-09,147.35400390625,148.37224778185202,147.35400390625,148.37224778185202,150
2017-06-12,147.35400390625,147.35400390625,147.35400390625,147.35400390625,0
2017-06-13,139.83840942382812,154.19075984009382,136.73520212234735,136.73520212234735,3773
2017-06-14,140.61424255371094,154.67566680908203,137.36556275511674,149.63295210453938,5035
2017-06-15,144.20230102539062,148.12980453049568,141.58397028774056,145.41449255182675,680
2017-06-16,143.6689453125,147.40250143215303,143.57197886096705,143.57197886096705,424
2017-06-19,143.5234832763672,147.40249633789062,143.5234832763672,147.40249633789062,57
2017-06-20,141.39002990722656,146.38425333524302,139.69296168254476,142.60222149628498,462
2017-06-21,140.7596893310547,142.5052482770721,139.64447892520934,140.37179391961146,1499
2017-06-22,146.23880004882812,147.4025010449943,142.65071581179032,146.43274774864565,224
2017-06-23,141.29306030273438,148.32377209855355,140.85667425417037,140.85667425417037,394
2017-06-27,139.64447021484375,144.49323654174805,136.83219166414347,139.64447021484375,737
2017-06-28,145.4629669189453,148.76012158353814,141.19605914155952,145.70540519714356,370
2017-06-29,141.92340087890625,144.4447505717557,141.72943838177392,141.72943838177392,370
2017-06-30,141.87490844726562,141.87490844726562,141.87490844726562,141.87490844726562,10
2017-07-03,140.1778564453125,147.40251629090778,138.72322635033643,139.30506950996934,549
2017-07-04,147.40249633789062,147.40249633789062,147.30551509244833,147.30551509244833,150
2017-07-05,143.8144073486328,147.4024913496661,143.03860180312995,147.4024913496661,1571
2017-07-06,147.40249633789062,147.40249633789062,143.81441221543355,143.81441221543355,750
2017-07-07,144.4932403564453,147.74191980014223,139.64447390153103,147.40250022939387,3821
2017-07-10,147.88739013671875,162.4336908059042,145.51149732020423,162.4336908059042,125
2017-07-11,143.2810516357422,149.34200982676342,143.03861330810133,149.34200982676342,765
2017-07-12,141.53549194335938,141.77793026967456,140.61422926281386,141.6324731927899,1265
2017-07-13,142.7961883544922,157.10005102497612,140.12936650067314,141.58399660275626,455
2017-07-14,145.41452026367188,151.76640803213718,140.71122512314216,149.3420245172468,295
2017-07-17,142.7961883544922,145.46301020831123,142.65073126318893,145.46301020831123,818
2017-07-18,149.0995635986328,151.18452718696156,144.59021686235883,149.1965448434548,646
2017-07-19,144.83267211914062,150.31177275551752,144.4932525198201,148.37226601028505,347
2017-07-20,142.1173553466797,148.2752801950978,140.61423470588855,144.05686203227816,2362
2017-07-21,142.3597869873047,146.38425725174898,140.75968516858052,146.33576662743715,972
2017-07-24,147.0630645751953,148.32374667505158,143.5234713691174,148.27525605635338,185
2017-07-25,144.39627075195312,149.34201885367446,143.71744635297975,147.64495045760998,150
2017-07-26,147.30552673339844,149.3420146705377,141.58398793440588,148.85713799952947,322
2017-07-27,143.911376953125,146.91761795897855,141.583975062778,144.10533944170422,248
2017-07-28,143.2810516357422,148.08132756357875,142.60222727780004,144.00836661866472,123
2017-07-31,145.8509063720703,150.31177795944936,141.58399730373938,147.40251774087938,1554
2017-08-01,148.92608642578125,174.16199526638118,144.58180181843497,147.36408942488248,3323
2017-08-02,143.89840698242188,151.122623896888,143.75197629276835,151.122623896888,131
2017-08-03,141.55545043945312,146.38785766484858,141.06732819655846,144.48418389682112,881
2017-08-04,143.019775390625,146.4366300927901,142.53165329031572,146.33899971420652,571
2017-08-07,142.48284912109375,143.01978645222326,137.45519705757533,143.01978645222326,1664
2017-08-08,141.55545043945312,144.38655348971872,139.163654428531,139.163654428531,1027
2017-08-09,144.04486083984375,153.2703672254248,142.53167907587274,144.48416783033676,2878
2017-08-10,142.9221649169922,146.43665048720774,141.55542880430082,143.50791747746356,1056
2017-08-11,141.55545043945312,147.41291735418912,141.55545043945312,147.41291735418912,53
2017-08-14,140.6280059814453,140.6280059814453,140.6280059814453,140.6280059814453,6
2017-08-16,142.28761291503906,144.4841626855971,139.11481880201075,144.4841626855971,339
2017-08-17,143.019775390625,143.5078974909343,141.5554090896971,141.5554090896971,8
2017-08-18,139.74937438964844,143.50792113993126,139.11482151319868,143.50792113993126,479
2017-08-21,140.72561645507812,140.72561645507812,139.74937210951032,140.5791857617656,454
2017-08-22,138.0409393310547,139.94462765060777,137.65044756598562,139.94462765060777,628
2017-08-23,138.77313232421875,138.9683931167941,138.43145572982598,138.43145572982598,110
2017-08-24,136.82064819335938,137.11352449581435,136.82064819335938,136.96709379274063,43
2017-08-28,138.08975219726562,140.57917812244506,137.25995348640964,137.45519936565188,513
2017-08-29,138.8219451904297,141.5554323811899,138.8219451904297,141.5554323811899,190
2017-08-30,139.1636199951172,147.41288087965123,139.1636199951172,139.65174211723524,289
2017-08-31,140.57919311523438,140.57919311523438,136.6742155287001,139.11482652028403,1141
2017-09-01,140.53038024902344,143.50792868744625,138.187399616731,138.187399616731,667
2017-09-04,140.57919311523438,143.5079263051351,140.0910709169176,140.57919311523438,90
2017-09-05,141.55545043945312,141.55545043945312,138.72434738918753,138.91959330708366,270
2017-09-06,142.77572631835938,144.4841538127671,142.04354310647034,144.43533861938005,548
2017-09-07,142.5316619873047,143.5079062474917,138.62668494655662,139.26123775715607,1935
2017-09-08,144.1912841796875,144.48416045717275,142.5316718023461,144.48416045717275,412
2017-09-11,145.4604034423828,145.94852560158546,144.19128284919478,144.19128284919478,2492
2017-09-12,148.38912963867188,150.34161818654914,147.36407017177524,147.36407017177524,1440
2017-09-13,148.4867706298828,151.31787326798707,148.38914023699377,149.3653845806582,612
2017-09-14,150.43923950195312,155.906198168604,148.48675107179827,151.317853337001,512
2017-09-15,153.61207580566406,156.6872399775409,150.43928122667958,150.43928122667958,1062
2017-09-18,159.56712341308594,166.93777065213422,151.75716923052994,157.17532792393925,3482
2017-09-19,157.61463928222656,161.56843167715218,153.02629405071664,161.56843167715218,220
2017-09-20,156.540771484375,156.540771484375,156.19908003826924,156.2967104218152,1120
2017-09-21,156.19908142089844,160.49455020145106,154.29540809534228,156.19908142089844,1781
2017-09-22,151.31787109375,154.2466040826613,151.31787109375,154.2466040826613,200
2017-09-25,152.19647216796875,152.29410255120308,142.62929046320644,147.41288131558758,757
2017-09-26,151.85482788085938,158.1516016332937,142.72693627251329,152.29413490613464,646
2017-09-27,144.87464904785156,147.46170539646323,143.0686060195853,147.0711987362905,386
2017-09-28,151.31787109375,151.31787109375,151.26905589800688,151.26905589800688,2
2017-09-29,142.5316619873047,155.12520698519512,142.5316619873047,144.67939638045507,761
2017-10-03,146.6807098388672,156.1014616170839,145.46040443255382,153.2703590329594,542
2017-10-04,149.7070770263672,150.34162989532481,142.53167509556766,145.5092233422364,1109
2017-10-05,150.68331909179688,158.05395190527474,146.04615849974599,146.04615849974599,2125
2017-10-06,145.02110290527344,155.7109756862937,144.48416552709384,155.7109756862937,342
2017-10-09,160.25050354003906,172.60000346263448,151.56193481359549,172.60000346263448,8673
2017-10-10,164.5459747314453,175.67515345387778,157.27295789727552,161.0314893999901,4907
2017-10-11,156.49197387695312,160.34813611943775,155.22285322977538,160.10407502945384,2846
2017-10-12,154.24659729003906,160.93387661208516,153.80729034030958,154.24659729003906,1800
2017-10-13,151.95242309570312,162.93517174241072,151.56193132456488,162.93517174241072,1966
2017-10-16,155.61331176757812,171.81897063860427,151.85478072264078,160.68979327167065,4490
2017-10-17,151.85482788085938,160.59221276960994,151.61076676722774,151.61076676722774,1020
2017-10-18,151.31787109375,161.08031439012095,151.26905589800688,160.05525486474076,1959
2017-10-19,155.12521362304688,171.6237512639677,152.34292630024214,160.10406552156923,4798
2017-10-23,149.7070770263672,156.19909599514267,145.4604081454766,156.19909599514267,1220
2017-10-24,154.34423828125,154.73473006421432,148.48677215894537,153.17273313974374,2374
2017-10-25,147.94985961914062,154.14900336801452,145.02112606638815,148.48679708307375,1674
2017-10-26,157.02890014648438,160.98267760750164,149.3653765045583,149.3653765045583,1836
2017-10-27,160.44573974609375,164.98526930392256,156.98006986725346,156.98006986725346,4749
2017-10-30,161.86131286621094,164.00904741259075,158.59088840273498,160.5921922581618,1093
2017-10-31,163.96022033691406,170.354623213293,161.5684248813753,161.5684248813753,1374
2017-11-01,165.9127197265625,167.91402356811818,157.5170274859403,167.91402356811818,2796
2017-11-02,164.009033203125,168.69500855961815,158.34681360137515,158.34681360137515,1470
2017-11-03,165.9615478515625,168.89028104894302,162.05657025505514,164.00905905330882,1559
2017-11-06,167.6699676513672,170.8427617990641,163.2280528653302,166.15678592474274,1542
2017-11-07,162.69110107421875,167.03539997773584,162.05654825943586,167.03539997773584,1608
2017-11-08,161.03150939941406,164.98530216426894,159.3230817142811,162.69112188571034,863
2017-11-09,165.0341033935547,166.84014642717864,161.56843311780878,161.61724831251342,1603
2017-11-10,166.4496612548828,167.91402777618677,165.96153908111484,166.01035427775292,3318
2017-11-13,155.36927795410156,162.1053727165608,148.38913700734435,162.05655752117872,4078
2017-11-14,158.2003936767578,159.61594494934093,156.68721201449063,156.73602720933266,716
2017-11-15,155.90621948242188,156.5407872467562,154.24660706916683,154.24660706916683,752
2017-11-16,187.04843139648438,187.04843139648438,162.39826050760897,162.93518300596443,38191
2017-11-17,224.4385528564453,224.4385528564453,203.93742308213336,203.93742308213336,67328
2017-11-20,269.2969665527344,269.2969665527344,239.17982724517714,268.46715303030084,88856
2017-11-21,296.1925354003906,296.1925354003906,282.08582215322883,291.8970661381513,49799
2017-11-22,306.5895080566406,325.7727322329776,286.03957762232056,321.08674175472424,118674
2017-11-23,295.2651062011719,300.6832502546242,275.9354508092358,298.7307616166072,16523
2017-11-24,269.2969665527344,289.0659114576929,265.83128179259637,289.0659114576929,10006
2017-11-27,296.1925354003906,296.1925354003906,249.23519022029825,269.4434456659858,17097
2017-11-28,325.7727355957031,325.7727355957031,311.42193243479784,312.39817673710127,54532
2017-11-29,293.2149963378906,337.4876835473017,293.2149963378906,330.55634270716257,25486
2017-11-30,289.0659484863281,322.5023163741273,268.5648178105972,268.5648178105972,78713
2017-12-01,288.0897216796875,302.63575694192156,283.1108693972815,300.68326818745754,14691
2017-12-04,280.1333312988281,295.31391919494433,274.81278761446885,290.9208195705567,7315
2017-12-05,281.5488586425781,290.2862573078196,278.32726427257865,285.40503566078246,5935
2017-12-06,276.0818786621094,292.5316012269215,268.9553071236102,292.5316012269215,4301
2017-12-07,289.60284423828125,294.82575681589265,274.32462803068154,275.8377946668319,14135
2017-12-08,296.9247131347656,306.54072594210925,285.4538420206899,297.55926600383015,14337
2017-12-11,294.7770080566406,302.34290214533695,292.8733195624389,298.73078595368764,4792
2017-12-12,282.5738830566406,293.8982914395848,278.2295846425474,293.8982914395848,2842
2017-12-13,297.2663879394531,298.7795546802284,284.5752120996735,291.89704431493095,9549
2017-12-14,278.8641662597656,297.656868220914,274.3734367157224,297.656868220914,15092
2017-12-15,279.1082458496094,282.5739310701186,277.49744867597576,281.35362566697006,2219
2017-12-18,298.3890380859375,307.3216666865742,273.34837995239195,279.93802839767284,14291
2017-12-19,290.2862548828125,304.5882282306322,288.9683190905998,296.778273660616,7478
2017-12-20,290.13983154296875,299.65821391629567,288.52900453800754,298.73076987056726,1592
2017-12-21,290.0422058105469,296.7782859475441,283.1108648841703,283.1108648841703,5471
2017-12-22,297.8033447265625,301.36666064965357,284.08712271198186,296.7783000152663,6898
2017-12-26,297.0223693847656,300.68328601645953,287.9921083599207,292.97096093754755,3486
2017-12-27,356.42681884765625,356.42681884765625,295.80203863436725,302.29405761616977,27388
2017-12-28,397.67315673828125,427.6926716185502,377.7577772152598,380.73531067658223,143657
2017-12-29,388.6429138183594,428.0831828599301,382.7366171370828,418.6624300622427,37308
2018-01-01,393.6217346191406,414.3180970046947,373.1206032284065,398.30769559140595,24324
2018-01-02,385.90936279296875,404.55563502257957,375.9516887331902,404.55563502257957,8427
2018-01-03,381.6138916015625,399.23511912399454,375.8540561796691,399.23511912399454,5291
2018-01-04,370.87518310546875,387.8618270277402,346.6643377211519,380.73525594881914,14475
2018-01-05,365.9452209472656,385.61653973737054,358.28169641421516,375.85409569338645,10024
2018-01-08,361.50323486328125,370.92401573606816,353.3516191872001,368.0928835691068,3797
2018-01-09,361.94256591796875,369.9965812081191,358.52571094638984,367.0678483753372,4973
2018-01-10,357.9888000488281,375.75642859812723,351.4479512610908,367.0678602060282,4308
2018-01-11,429.5475158691406,429.5475158691406,361.4056718596723,366.04283254235054,75866
2018-01-12,470.6961669921875,515.4569725562059,459.3717275456881,472.795086206006,208703
2018-01-15,517.7512817382812,517.7512817382812,450.6344976191429,480.31232646669093,93014
2018-01-16,569.4920654296875,569.4920654296875,519.9476692179164,545.4276801636742,216053
2018-01-17,626.4071655273438,626.4071655273438,583.3547570672998,585.7465674681725,124624
2018-01-18,636.2184448242188,657.695820187051,606.5405932160329,657.695820187051,94843
2018-01-19,606.6870727539062,663.8461684271708,604.4417226306833,658.9649466005005,58125
2018-01-22,576.3746948242188,595.0697385945272,576.3746948242188,576.3746948242188,15106
2018-01-23,605.1739501953125,605.1739501953125,547.575528425169,547.575528425169,22203
2018-01-24,622.1605224609375,635.3886217016226,605.2715068481868,635.3886217016226,58221
2018-01-25,591.067138671875,624.2594457321842,591.067138671875,600.3902600614757,25771
2018-01-29,563.3905639648438,609.1764456533258,561.5357355385079,609.1764456533258,10237
2018-01-30,573.3970336914062,591.5552124066554,535.2259075310329,540.8393119419832,21001
2018-01-31,547.9659423828125,584.77036633817,544.7443479410665,575.9841671778302,9332
2018-02-01,526.1956787109375,563.1953615861114,521.3144572015595,548.6492976540758,8112
2018-02-02,499.8858947753906,534.933089882322,499.8858947753906,502.7658274516245,6133
2018-02-05,474.8940734863281,474.8940734863281,474.8940734863281,474.8940734863281,709
2018-02-06,451.17132568359375,451.17132568359375,451.17132568359375,451.17132568359375,414
2018-02-07,431.69525146484375,446.6805779859296,428.62005801389364,428.62005801389364,5309
2018-02-08,442.9708557128906,452.9773598915289,410.12024063617605,429.5474964488636,5710
2018-02-09,430.47491455078125,442.23864586253075,420.85890271644035,420.85890271644035,2126
2018-02-12,428.66888427734375,440.28618565654386,414.90383349009124,440.28618565654386,1967
2018-02-14,447.3639831542969,450.0974554769284,429.5475233778301,429.5475233778301,3838
2018-02-15,451.7082824707031,468.54849787388144,425.0079929598948,425.0079929598948,3841
2018-02-16,429.156982421875,462.7397789891476,429.156982421875,462.7397789891476,3032
2018-02-19,407.7284240722656,429.1569982763348,407.7284240722656,414.95262590071286,1444
2018-02-20,387.3736877441406,395.3789021239404,387.3736877441406,395.3789021239404,1489
2018-02-21,395.1348876953125,400.1137396754436,368.0441078718537,368.0441078718537,1562
2018-02-22,376.24456787109375,399.1863101777777,375.4635843053584,399.1863101777777,1420
2018-02-23,365.1153564453125,383.56636716277006,358.28164656532005,361.2591796674153,3927
2018-02-26,347.494140625,365.1153368079103,346.85955805047115,365.1153368079103,3854
2018-02-27,336.8043212890625,346.5667653843977,330.1658712212806,331.92309924139494,1596
2018-02-28,322.4046936035156,349.3978436726606,319.96408275110446,320.25694413634864,2615
2018-03-01,325.23577880859375,338.51270709289355,308.9325170635367,312.78866412817734,4751
2018-03-05,341.4902648925781,341.4902648925781,325.2358022722551,340.70928132235167,1335
2018-03-06,358.5256652832031,358.5256652832031,358.5256652832031,358.5256652832031,2098
2018-03-07,371.36328125,376.4397629185793,367.0678128033757,375.8052101581589,4239
2018-03-08,383.56640625,389.5215028536538,353.449261537003,369.9966154925684,2612
2018-03-09,364.4320068359375,380.54003873902946,364.4320068359375,380.54003873902946,1187
2018-03-12,346.761962890625,375.85402906764847,346.22501068781975,364.67602070170966,2266
2018-03-13,331.0932922363281,352.3266085734592,329.4336945820987,331.9231059597506,1618
2018-03-14,314.5459289550781,314.5459289550781,314.5459289550781,314.5459289550781,1849
2018-03-15,330.263427734375,330.263427734375,298.8283798198863,298.8283798198863,5320
2018-03-16,332.31353759765625,344.61422113787,313.91132747922245,329.9705573501418,1473
2018-03-19,318.6461486816406,332.31356953017706,315.7174156426685,332.31356953017706,2612
2018-03-20,326.7490234375,331.9231070121131,302.73340444221805,316.303196093896,2571
2018-03-21,331.5325622558594,341.685496772874,315.32690130753804,341.58786638670244,1824
2018-03-22,318.15802001953125,336.51143123166645,315.3269174314555,336.51143123166645,1019
2018-03-23,306.5406799316406,315.18044709205736,302.2940116874417,315.18044709205736,1403
2018-03-26,291.6529846191406,318.35327218212655,291.2136627671048,291.4089235441455,1745
2018-03-27,278.91302490234375,306.1990368235523,277.1069668821382,292.8733072999283,6974
2018-03-28,289.5052490234375,292.6780431494081,265.00153976157077,287.9920822034814,5695
2018-04-02,303.8072509765625,303.95368166925755,283.1108590207584,289.5052475402166,3355
2018-04-03,318.2068176269531,318.98780109131116,309.5182201747702,312.3493522664394,2287
2018-04-04,308.5908203125,330.9468081809506,302.63572429526454,303.70959895289894,3039
2018-04-05,304.5394287109375,317.23060491969085,293.1661585051571,316.3031608950831,2263
2018-04-06,301.07373046875,315.32690293777216,292.8732844623271,315.32690293777216,1599
2018-04-09,292.873291015625,301.07373720554017,287.0158251953125,301.07373720554017,3435
2018-04-10,307.5169677734375,307.5169677734375,295.8020356677827,295.8020356677827,1307
2018-04-11,301.65948486328125,307.51695058878187,293.36140841882207,307.51695058878187,1318
2018-04-12,293.8983459472656,311.4219437260094,292.8733013097267,297.75452299822217,1608
2018-04-13,303.3191223144531,307.17526950509034,292.9220964664193,292.9220964664193,914
2018-04-16,288.7242431640625,300.68323548446745,288.18732073202744,300.68323548446745,974
2018-04-17,289.8957824707031,302.5869594944362,278.22965013568734,302.5869594944362,1029
2018-04-18,304.3441162109375,304.3441162109375,296.7782239875702,297.754468145424,1964
2018-04-19,318.5973205566406,319.5247347290848,304.29534809058043,304.29534809058043,2266
2018-04-20,311.42193603515625,316.9377104484164,304.58822584002746,304.58822584002746,921
2018-04-23,300.19512939453125,307.5169618187881,300.19512939453125,307.5169618187881,298
2018-04-24,300.7320556640625,315.1804897064875,297.85215274961473,300.29276358861085,1178
2018-04-25,312.7398986816406,315.32694037636026,291.8970748375595,291.99470523582744,1299
2018-04-26,305.2716064453125,312.300547573914,300.7320465876974,302.63573490170455,780
2018-04-27,306.5895080566406,320.50098922086613,290.0421851789709,290.0421851789709,1342
2018-04-30,306.394287109375,312.39818374469587,293.8495415848546,293.8495415848546,3480
2018-05-02,296.5830078125,312.3981774636416,293.8495356767379,312.3981774636416,298
2018-05-03,295.60675048828125,310.4456751812863,291.94583450736985,310.3968748852517,576
2018-05-04,286.4300537109375,301.659469795034,282.5739068431688,295.8508046570177,687
2018-05-07,291.89703369140625,296.4365635411284,272.1280874296973,272.1280874296973,778
2018-05-08,283.11090087890625,301.17142386600887,278.2784787572021,300.5856712160118,1219
2018-05-09,291.99468994140625,295.70440654035883,287.9920821629912,292.8733038945673,1046
2018-05-10,284.47760009765625,292.87330753896254,279.3035169148466,292.87330753896254,427
2018-05-11,277.74151611328125,292.87330345864456,270.9078056992462,292.87330345864456,365
2018-05-14,276.2771301269531,276.2771301269531,264.07407667611596,264.07407667611596,139
2018-05-15,267.4909362792969,276.27713491620807,262.65851511195115,276.27713491620807,660
2018-05-16,254.4092559814453,273.3483883592422,254.1163648326373,269.44341138268163,1417
2018-05-17,247.38031005859375,258.70475037306954,241.7181047976623,248.94230696276506,1878
2018-05-18,235.95826721191406,244.06109866691716,235.03083801624123,243.57297646958332,1117
2018-05-21,236.25111389160156,244.06106806983632,224.19449117042947,224.63381300999953,7406
2018-05-22,225.36599731445312,248.06367675575873,224.4385533342156,247.86841598330525,2024
2018-05-23,228.441162109375,233.27356832858143,217.70247500166934,233.27356832858143,230
2018-05-24,224.53619384765625,234.2986370584239,217.26317663489556,234.2986370584239,492
2018-05-25,221.75389099121094,224.53619325748923,213.84632094905695,224.43856286711568,280
2018-05-28,229.3197784423828,232.3461417088779,210.67352138588237,211.94264194590627,3164
2018-05-29,219.75259399414062,232.24850889564755,217.89772091922856,220.14308574869813,7726
2018-05-30,223.41351318359375,223.41351318359375,209.8925237202987,210.8687680166722,161
2018-05-31,226.7327423095703,229.4662293726498,213.7975051272159,213.7975051272159,572
2018-06-01,216.53099060058594,229.12453622148234,215.40830070804796,215.40830070804796,756
2018-06-04,206.0851593017578,224.53616896705012,205.74346786872093,224.4385385872383,3182
2018-06-05,195.7858123779297,214.2856403042019,195.7858123779297,195.8346275759392,991
2018-06-06,197.787109375,204.13269758925026,194.85837635303835,197.29898720467307,303
2018-06-07,207.20785522460938,207.6471621857537,195.24886240245877,195.24886240245877,1081
2018-06-08,209.4532012939453,217.50721614407882,199.20263693922993,207.45189765495422,974
2018-06-11,214.8713836669922,218.67873060743847,201.1551478081126,218.581100215609,391
2018-06-12,207.06143188476562,214.77375626484422,205.30418908151924,205.30418908151924,105
2018-06-13,201.54563903808594,216.6286109639737,197.29898513849767,216.6286109639737,249
2018-06-14,198.3240509033203,209.4044311930368,197.88474388707203,209.4044311930368,368
2018-06-15,206.91497802734375,207.6471612580819,198.17759445312953,198.66571660695496,165
2018-06-18,198.6168975830078,200.13007920995395,196.61559381164713,197.298976730872,512
2018-06-19,198.17758178710938,204.91366112085856,190.5140585033223,204.91366112085856,296
2018-06-20,202.0825653076172,202.0825653076172,191.34387826228487,191.34387826228487,186
2018-06-21,192.3201446533203,196.17630701101632,192.3201446533203,192.4177750507535,334
2018-06-22,196.32272338867188,201.10631422481788,182.70410427048125,192.32011603052973,1874
2018-06-25,195.24887084960938,200.03246222690214,188.90328254699708,200.03246222690214,424
2018-06-26,198.56808471679688,200.13008155575437,194.27261575412254,200.13008155575437,945
2018-06-27,196.27392578125,205.01130956686214,189.0497087920625,189.0497087920625,1426
2018-06-28,193.49163818359375,195.24888109268946,186.46268144351842,189.00092285624638,1059
2018-06-29,197.3477783203125,203.05881340587504,183.8268037692913,185.63284677766586,1786
2018-07-02,202.37545776367188,206.768557361018,197.5430511858525,206.768557361018,480
2018-07-03,204.62081909179688,205.4994330369954,192.27131928504394,192.36894967731328,830
2018-07-04,214.7737579345703,214.82257313154406,205.01131439208984,212.72363883212674,398
2018-07-05,225.51246643066406,225.51246643066406,223.5599775438185,223.5599775438185,1246
2018-07-06,236.78807067871094,236.78807067871094,232.2973406986774,232.2973406986774,1514
2018-07-09,245.8183135986328,248.6006008692101,231.36989522156907,236.7880539750062,686
2018-07-10,258.0701904296875,258.0701904296875,236.29993924272065,257.67969866251116,2179
2018-07-11,270.95660400390625,270.95660400390625,267.3445178300864,268.3695624675972,1015
2018-07-12,284.47760009765625,284.47760009765625,257.7773109351648,284.3799697032872,2214
2018-07-13,272.51861572265625,298.2426613777547,270.4196962410411,298.2426613777547,998
2018-07-16,259.24169921875,278.22966550066644,258.90003749871914,278.22966550066644,1894
2018-07-17,258.7047119140625,268.4671538730837,246.3064136053664,263.5859328935731,467
2018-07-18,263.4883117675781,271.6399570481191,245.7694849482982,245.7694849482982,1215
2018-07-19,254.4092559814453,265.53843440612104,250.4554489171117,253.92113385937523,754
2018-07-20,264.17169189453125,267.0027941740524,245.037299223719,264.5133833300583,1407
2018-07-23,272.2257385253906,277.25339088754004,253.87232716853512,253.87232716853512,1621
2018-07-24,263.6835632324219,279.01057923023785,261.0476919868352,261.0476919868352,882
2018-07-25,272.2745361328125,274.3246551726968,255.77601300799486,255.77601300799486,741
2018-07-26,265.5384521484375,285.01453803739895,264.56220783906826,264.56220783906826,59
2018-07-27,278.2296142578125,278.81536677266683,268.4671716522752,268.4671716522752,8683
2018-07-30,285.11212158203125,291.7017702761547,268.46716901984496,278.22961152965746,728
2018-07-31,292.873291015625,296.77826822916666,271.39591634114583,291.7017859345178,786
2018-08-01,284.1358642578125,296.729438350122,284.1358642578125,292.87326181912664,1308
2018-08-02,278.2296142578125,282.1345913000274,273.34839295504383,273.3971932510273,312
2018-08-03,274.3246765136719,278.22965411529,274.3246765136719,278.22965411529,599
2018-08-06,269.4434509277344,284.868100331914,260.6084511386352,271.395939702573,192
2018-08-07,263.58599853515625,273.34844292534723,263.58599853515625,273.34844292534723,1130
2018-08-08,263.9764709472656,276.76527811683064,256.45940719496934,256.45940719496934,1551
2018-08-09,261.63348388671875,273.1531552154321,258.8511815510426,273.1531552154321,373
2018-08-10,253.82350158691406,274.7151222974689,253.82350158691406,274.7151222974689,2658
2018-08-13,262.5609130859375,263.58595767094664,242.59670548603793,242.59670548603793,132
2018-08-14,254.84861755371094,267.490995881968,250.11385551179248,267.490995881968,867
2018-08-16,254.45806884765625,262.9025760181324,242.10858450770104,242.10858450770104,561
2018-08-17,249.91854858398438,258.60711716607693,241.76690246657017,241.81571766235174,372
2018-08-20,256.7034606933594,258.21662750079906,249.91855062459192,249.91855062459192,223
2018-08-21,246.2576141357422,255.7759956533774,243.91463387453868,243.91463387453868,2304
2018-08-23,243.8658447265625,254.7021482122974,233.95695550961466,234.59152328301022,2599
2018-08-24,231.7115936279297,234.152204410207,231.7115936279297,234.152204410207,1562
2018-08-27,228.58761596679688,229.41742964958416,220.14310802545205,220.14310802545205,1819
2018-08-28,234.20101928710938,234.20101928710938,217.70249533045424,217.70249533045424,382
2018-08-29,243.0848388671875,244.93969714098486,230.44247773668943,234.20100948018543,1562
2018-08-30,255.2390899658203,255.2390899658203,253.77472348246533,254.750967804702,1152
2018-08-31,253.82350158691406,267.9790430215689,253.82350158691406,267.4421206083328,1057
2018-09-03,253.18898010253906,266.5147096252804,241.32760221989363,266.5147096252804,1366
2018-09-04,246.01358032226562,246.01358032226562,244.06109158954922,244.06109158954922,341
2018-09-05,237.2761688232422,244.06106340668705,233.81049874360622,233.85931393554858,597
2018-09-06,239.9202117919922,249.1253078184737,239.9202117919922,249.1253078184737,618
2018-09-07,238.94093322753906,251.91620931469026,233.06533650882906,251.57346019579944,187
2018-09-10,230.71510314941406,238.94093255550644,228.51175438609485,228.51175438609485,384
2018-09-11,229.0993194580078,232.08608429073894,219.20874002119388,225.329153636456,586
2018-09-12,217.6908721923828,218.47428811547292,217.6908721923828,218.47428811547292,1272
2018-09-14,228.07106018066406,228.4627755714585,207.65337172495944,207.65337172495944,200
2018-09-17,238.84300231933594,238.84300231933594,216.71159682190512,230.1275397688847,2127
2018-09-18,226.94493103027344,250.49628500593272,226.94493103027344,244.57172178990632,1032
2018-09-19,217.39707946777344,226.21047458133182,217.39707946777344,226.21047458133182,174
2018-09-21,207.6044158935547,225.18223962813443,206.52721719261268,225.18223962813443,844
2018-09-24,197.51797485351562,215.43854796846657,197.22419202689375,197.86072397497702,495
2018-09-25,193.0133514404297,206.52721146719713,189.6348714913232,189.6348714913232,435
2018-09-26,194.9229278564453,202.6101580782028,183.36758443368967,202.6101580782028,1404
2018-09-27,193.1112823486328,204.6666259404525,188.01910134242524,203.49150954554545,782
2018-09-28,184.7875213623047,201.7288289150095,183.6124049590499,186.06057035850392,1534
2018-10-01,179.3525848388672,193.40505971131353,175.5824192226021,193.40505971131353,874
2018-10-03,174.652099609375,183.07377836603914,171.3715524848426,183.07377836603914,651
2018-10-04,175.2396697998047,179.05881664664147,165.93664162719372,165.98560792184838,824
2018-10-05,167.94412231445312,178.22641551737883,166.52418957491278,178.22641551737883,813
2018-10-08,165.39805603027344,171.37158585711666,159.62039139834295,169.41305344732103,639
2018-10-09,157.1721954345703,161.08925949524496,157.1721954345703,160.59962648766063,583
2018-10-10,150.90492248535156,160.59965157284344,149.33809063938185,149.33809063938185,4636
2018-10-11,147.0857696533203,155.60538199096035,143.46248796287745,143.95212102759717,3846
2018-10-12,151.98211669921875,154.43028228697167,139.79025506069252,139.83922136093096,1079
2018-10-15,159.5714111328125,159.5714111328125,151.98209870912402,151.98209870912402,867
2018-10-16,163.63536071777344,167.5034585744504,159.669330280456,167.4055259938099,725
2018-10-17,166.5731658935547,170.3922976219075,164.51670115218656,164.51670115218656,710
2018-10-19,166.08355712890625,169.36409000519558,163.04782586555388,166.47525764050545,277
2018-10-22,166.47525024414062,166.5731828388977,166.47525024414062,166.5731828388977,190
2018-10-23,158.15147399902344,169.46200036019195,158.15147399902344,169.46200036019195,1872
2018-10-24,151.78623962402344,154.72403781029487,150.26837423930036,153.74477174820439,4772
2018-10-25,152.716552734375,152.7655190302396,147.8691882920909,147.8691882920909,202
2018-10-26,155.94815063476562,155.94815063476562,151.78626906366515,152.71656901460418,322
2018-10-29,159.13076782226562,161.52996717941016,151.78627084585335,151.78627084585335,133
2018-10-30,166.67111206054688,167.0628275243497,154.91991710996894,160.59966432456503,897
2018-10-31,172.3018798828125,174.99486185437297,166.47524915101033,171.37158000839298,503
2018-11-01,174.16249084472656,174.30937479033645,172.10602595169453,172.35084248932142,54
2018-11-02,170.73504638671875,182.82897346406014,167.74828186540105,182.82897346406014,337
2018-11-05,175.58242797851562,177.98162711622084,173.3301127899372,177.98162711622084,386
2018-11-06,175.58242797851562,176.26791131180056,175.58242797851562,175.58242797851562,132
2018-11-07,183.12278747558594,184.1020537187709,183.12278747558594,183.12278747558594,56
2018-11-09,188.01910400390625,188.01910400390625,176.2679100036621,183.1227731704712,281
2018-11-12,178.61813354492188,191.93615869676555,178.61813354492188,191.93615869676555,260
2018-11-13,176.26791381835938,176.26791381835938,169.75579964592535,169.75579964592535,52
2018-11-14,179.7443084716797,181.1642414295361,167.45451505108474,168.09103208454647,1365
2018-11-15,174.99484252929688,181.16422171678371,170.78399546847797,170.83296176012752,180
2018-11-16,170.39231872558594,176.26791592301993,166.4752539272966,176.26791592301993,1069
2018-11-19,175.19070434570312,178.9119186210847,161.9216602634578,178.9119186210847,455
2018-11-20,170.00059509277344,183.9061702462518,170.00059509277344,177.2471580066889,534
2018-11-21,164.32086181640625,172.2039572575996,162.55817977017426,164.51671205656191,851
2018-11-22,161.62786865234375,166.47523273466433,160.64860257743396,164.51670058484473,110
2018-11-26,163.5374298095703,169.36405979933267,153.84270192357337,161.62786400686352,410
2018-11-27,164.51670837402344,164.51670837402344,164.51670837402344,164.51670837402344,150
2018-11-28,164.51670837402344,164.51670837402344,164.51670837402344,164.51670837402344,0
2018-11-29,168.18896484375,169.36408126028863,156.2908868448703,158.6411196779476,774
2018-11-30,167.94412231445312,168.1889388192847,167.94412231445312,168.1889388192847,23
2018-12-03,168.33584594726562,170.39231084826267,166.47524623106122,167.94414546251176,120
2018-12-04,165.7897491455078,168.33583196983034,160.79548619629853,168.33583196983034,667
2018-12-05,165.7897491455078,165.7897491455078,165.7897491455078,165.7897491455078,0
2018-12-06,161.38304138183594,165.98558863879475,159.86517607836723,165.93662234982864,155
2018-12-07,164.51670837402344,168.43377285911924,154.72404716128395,154.8219797503774,825
2018-12-10,156.48670959472656,164.41875521945738,156.29085938345173,164.41875521945738,83
2018-12-11,160.0120849609375,160.0120849609375,153.25515441727018,153.25515441727018,28
2018-12-12,158.69007873535156,166.4262751551782,156.6825801882071,166.4262751551782,212
2018-12-13,166.62213134765625,166.62213134765625,152.37382065643308,156.6825857886548,643
2018-12-14,170.3433380126953,174.30936877384158,161.62787555096926,174.30936877384158,325
2018-12-17,175.14175415039062,176.26790422821585,170.6860902494721,170.6860902494721,306
2018-12-18,174.3093719482422,174.3093719482422,166.5242091671268,166.5242091671268,20
2018-12-19,174.3093719482422,174.3093719482422,174.3093719482422,174.3093719482422,5
2018-12-20,174.3093719482422,174.3093719482422,174.3093719482422,174.3093719482422,0
2018-12-21,174.3093719482422,174.3093719482422,166.37731028149648,166.37731028149648,11
2018-12-24,177.24717712402344,181.16424181184715,165.59391565471424,165.59391565471424,111
2018-12-26,168.629638671875,184.1020478057338,168.43378841801177,184.1020478057338,171
2018-12-27,171.37158203125,171.37158203125,166.57318371134147,166.57318371134147,350
2018-12-28,163.9291534423828,178.71607881739092,163.09678615032686,163.09678615032686,110
2018-12-31,170.39231872558594,172.1060345748375,170.39231872558594,171.37158492515826,240
2019-01-01,173.1342315673828,177.1492131968075,162.6560883692465,162.6560883692465,145
2019-01-02,172.35084533691406,172.35084533691406,171.37157917022705,172.35084533691406,131
2019-01-03,172.35084533691406,172.35084533691406,165.5449484669225,165.5449484669225,203
2019-01-04,171.42054748535156,171.42054748535156,166.475250296873,166.475250296873,51
2019-01-07,167.84619140625,175.190686624302,163.04779384075485,164.51669288436526,244
2019-01-08,170.6371307373047,171.37158036745092,161.67685122648723,161.67685122648723,489
2019-01-09,169.02134704589844,173.33011222016788,166.47524902502,171.37157987869705,432
2019-01-10,164.51670837402344,168.43377285911924,162.65610872056902,162.65610872056902,132
2019-01-11,163.5374298095703,167.40552770580487,163.5374298095703,166.475227949862,195
2019-01-14,169.41302490234375,169.41302490234375,163.5374286629561,163.5374286629561,550
2019-01-15,169.41302490234375,169.41302490234375,161.5788965831602,161.6768291641156,400
2019-01-16,174.3583526611328,174.60316921501183,161.62789185942293,161.62789185942293,240
2019-01-17,173.33010864257812,174.11352455147968,171.37157634153203,171.37157634153203,163
2019-01-18,170.39231872558594,175.0438331735545,170.39231872558594,174.9948668750926,26
2019-01-21,166.47525024414062,166.47525024414062,163.5374517104205,163.5374517104205,334
2019-01-22,166.47525024414062,166.47525024414062,161.97061984880335,161.97061984880335,41
2019-01-23,165.49600219726562,170.39233362322022,161.57893705650193,166.47526848245656,1126
2019-01-24,170.29437255859375,170.29437255859375,162.558176175405,162.558176175405,6
2019-01-25,163.09678649902344,163.09678649902344,162.80300365432188,162.80300365432188,99
2019-01-28,158.54318237304688,161.57891338945126,157.8087327667312,161.57891338945126,45
2019-01-29,158.54318237304688,158.54318237304688,158.54318237304688,158.54318237304688,0
2019-01-30,154.72406005859375,154.72406005859375,151.1986957511782,151.44351230190384,95
2019-01-31,151.88418579101562,156.7805165393731,151.88418579101562,156.7805165393731,53
2019-02-01,147.91815185546875,147.91815185546875,147.8691855605087,147.8691855605087,42
2019-02-04,153.9406280517578,154.7240439208527,143.9521168124389,154.7240439208527,183
2019-02-05,153.9406280517578,153.9406280517578,153.9406280517578,153.9406280517578,25
2019-02-06,153.9406280517578,153.9406280517578,153.9406280517578,153.9406280517578,0
2019-02-07,146.88992309570312,153.94063641581374,146.88992309570312,153.94063641581374,15
2019-02-08,146.88992309570312,154.2344192504883,141.45499295267896,141.45499295267896,21
2019-02-11,153.54893493652344,154.2344182513798,146.88992214417124,154.2344182513798,533
2019-02-12,148.6036376953125,156.2908829204382,146.88992193935337,147.86918808561575,532
2019-02-14,151.88418579101562,151.88418579101562,146.88992245072475,151.78625319908224,206
2019-02-15,155.45849609375,155.70331262303148,145.0293179233243,146.88991756889763,110
2019-02-18,148.84844970703125,149.92564841214028,148.84844970703125,149.82771582352487,23
2019-02-19,151.83522033691406,151.83522033691406,151.78625404067586,151.78625404067586,25
2019-02-20,148.4077606201172,151.78622522536037,147.86916134857688,147.86916134857688,55
2019-02-21,150.80697631835938,155.80123930327085,146.93887829088436,153.7447745583274,747
2019-02-22,151.83522033691406,151.83522033691406,151.83522033691406,151.83522033691406,8
2019-02-25,159.4245147705078,159.4245147705078,148.65258829874938,152.76550269039254,433
2019-02-26,156.6825714111328,158.64110355377198,151.7862410545349,151.7862410545349,65
2019-02-27,152.5207061767578,156.68258740469503,151.93314049702383,156.68258740469503,186
2019-02-28,159.5714111328125,159.5714111328125,147.91815029146977,147.91815029146977,16
2019-03-01,160.5996551513672,160.5996551513672,152.129008585289,160.5506888533866,100
2019-03-05,161.5789031982422,165.4470012257172,155.7033067183061,155.7033067183061,314
2019-03-06,160.5996551513672,169.41305086089343,160.5996551513672,169.2172006113872,158
2019-03-07,167.45449829101562,167.94413132695425,157.66183757224277,167.94413132695425,321
2019-03-08,173.2811279296875,173.33009422162283,162.55816746208694,164.51669960018438,135
2019-03-11,174.3093719482422,179.69533568821598,171.37157354462013,176.3658368077438,40
2019-03-12,173.42803955078125,179.98911970710085,165.5939104226586,179.98911970710085,375
2019-03-13,174.3093719482422,174.3093719482422,166.4752428719167,166.4752428719167,52
2019-03-14,174.26040649414062,174.26040649414062,166.67109391481873,174.26040649414062,102
2019-03-15,168.48275756835938,173.3301224099858,168.48275756835938,173.28115611008718,1592
2019-03-18,171.37158203125,171.37158203125,168.53171607741288,168.67860002790178,329
2019-03-19,169.41302490234375,170.3922909422417,164.56566099333173,169.41302490234375,383
2019-03-20,176.7085723876953,177.83473741677778,160.99134781546235,160.99134781546235,247
2019-03-22,174.26040649414062,177.24717120738913,167.8951765889029,176.65960554686254,693
2019-03-25,171.37158203125,171.37158203125,165.64286888352464,167.55244989437716,677
2019-03-26,175.3376007080078,179.20569886999743,168.82547208416815,173.33010218573523,248
2019-03-27,173.37908935546875,177.2471879831932,169.02135761176865,169.07030896943272,565
2019-03-28,174.99484252929688,174.99484252929688,173.33009321011198,173.33009321011198,141
2019-04-01,175.2886199951172,176.1699534482947,175.2886199951172,175.68032043154855,62
2019-04-02,168.09103393554688,169.4130492564218,167.69933344024415,169.4130492564218,50
2019-04-03,164.95738220214844,172.3508447227733,159.91416743864724,168.433780069983,281
2019-04-04,164.36981201171875,164.46772965099763,156.78050014535393,156.78050014535393,358
2019-04-05,161.6768341064453,171.32259592885478,161.6768341064453,171.32259592885478,26
2019-04-08,162.55816650390625,168.67857939938463,160.69756696064653,160.69756696064653,132
2019-04-09,157.27015686035156,161.57892214046407,156.68259116651063,161.57892214046407,3356
2019-04-10,163.4395294189453,165.00636137933608,149.82773466491645,150.80700090455642,10
2019-04-11,161.5789031982422,166.4752335981889,155.7033067183061,161.5789031982422,256
2019-04-12,162.94989013671875,164.51672203785537,154.72406001179255,154.72406001179255,77
2019-04-15,165.49600219726562,165.49600219726562,154.87095702597705,154.87095702597705,353
2019-04-16,165.25115966796875,166.96487539785878,165.25115966796875,166.47524233217592,60
2019-04-18,162.50918579101562,165.25113351334934,157.02530528876116,157.90663869053384,329
2019-04-22,157.1232452392578,166.4752396305138,156.8294624161327,163.53744128409298,100
2019-04-23,158.0045928955078,158.0535442470975,156.78051025746518,156.78051025746518,80
2019-04-24,163.0478057861328,164.51670493735924,152.76551172754785,164.51670493735924,209
2019-04-25,164.51670837402344,170.83297186775738,155.40953045769268,155.7033132825579,688
2019-04-26,160.0120849609375,170.19646201545797,157.95563498532456,170.19646201545797,8
2019-04-30,162.55816650390625,166.27938053283998,152.3738054227959,166.27938053283998,261
2019-05-02,157.1721954345703,170.1474701355551,154.43024760361536,162.55815851799795,978
2019-05-03,154.77301025390625,163.78225539476142,149.33808040478993,163.78225539476142,885
2019-05-06,156.33982849121094,160.89342486835443,147.8691826163152,160.89342486835443,522
2019-05-07,156.38880920410156,156.68259205268362,156.38880920410156,156.68259205268362,34
2019-05-08,150.3663330078125,155.7033309871269,148.60365080060694,150.8069998240097,682
2019-05-09,154.5771942138672,154.5771942138672,148.8484802788013,148.8484802788013,30
2019-05-10,151.78623962402344,156.63360364288843,147.1347258290937,147.86917537566154,152
2019-05-13,146.88992309570312,157.95563362406256,146.88992309570312,157.95563362406256,217
2019-05-14,149.77874755859375,153.6468456793684,142.1404689619565,153.6468456793684,365
2019-05-15,144.931396484375,156.63362449581257,142.53219730132636,156.63362449581257,243
2019-05-16,143.95211791992188,150.56216415093868,143.95211791992188,150.56216415093868,887
2019-05-17,143.65834045410156,150.36631952296761,138.17445900865468,143.95212328602554,717
2019-05-20,144.98036193847656,150.80699276122238,141.99359708037173,150.80699276122238,1226
2019-05-21,142.58116149902344,150.8069914175603,139.05579728112704,139.05579728112704,263
2019-05-22,144.88241577148438,144.88241577148438,138.12548569273028,138.12548569273028,380
2019-05-23,140.27987670898438,145.22517378040203,139.0557940151887,139.0557940151887,237
2019-05-24,144.931396484375,147.13474541741448,141.06329801263337,147.13474541741448,128
2019-05-27,141.0632781982422,144.93137612665313,138.2233976735552,144.93137612665313,584
2019-05-28,142.9728546142578,144.7845029270895,140.27987276364678,144.7355366322317,386
2019-05-29,143.46249389648438,144.83346055743664,139.05579613174595,141.99359464157158,203
2019-05-30,138.22340393066406,148.79948079093168,138.22340393066406,148.79948079093168,97
2019-05-31,139.05580139160156,143.4135330241931,138.07653518461845,138.07653518461845,606
2019-06-03,140.9163818359375,142.92388027276266,140.0840146398784,141.01431442013947,215
2019-06-04,138.3703155517578,145.7637782702674,138.07653270645233,145.7637782702674,314
2019-06-06,137.14620971679688,144.9313716229239,135.13871137813175,144.9313716229239,347
2019-06-07,135.43251037597656,143.75627257983552,135.43251037597656,140.03505825315665,469
2019-06-10,134.15945434570312,141.94461677363142,134.15945434570312,138.0765187061616,177
2019-06-11,138.90892028808594,140.03507047225978,129.8017413877703,140.03507047225978,390
2019-06-12,140.86741638183594,142.9238659624447,135.62833744229823,142.9238659624447,161
2019-06-13,137.9785919189453,141.01432290284774,135.18769241027564,140.03505677157798,232
2019-06-14,139.98609924316406,140.03506554127713,133.32708614502567,140.03506554127713,430
2019-06-17,134.2084197998047,141.9935821790708,134.1594535071221,138.07651784309644,896
2019-06-18,132.10299682617188,137.73377715321445,129.31209728169574,137.6848257999552,218
2019-06-19,132.29884338378906,137.78272405178447,132.2009108062265,137.09724083608674,72
2019-06-20,134.2084197998047,136.90140153078707,125.68880785754335,136.85243523810445,1607
2019-06-21,129.70379638671875,136.65659191116646,128.28386348170207,136.65659191116646,1138
2019-06-24,126.32533264160156,132.83744652561714,123.73027586441238,123.73027586441238,473
2019-06-25,128.23492431640625,130.73205647348462,121.57591768287942,130.73205647348462,1196
2019-06-26,127.30460357666016,128.77350284869854,121.8696732816349,123.38753885122446,1131
2019-06-27,124.3667984008789,129.507945578868,122.65308267488254,124.3667984008789,68
2019-06-28,127.59837341308594,128.96933995027547,123.77923420084025,128.62660578718538,755
2019-07-01,130.4872283935547,131.7113112115055,121.9676149691006,122.40828179507945,1072
2019-07-02,129.2141571044922,132.49470447070752,125.98257603107695,126.3253251382629,178
2019-07-03,127.35356903076172,132.8864169418297,124.70954587587889,132.8864169418297,177
2019-07-04,131.4175262451172,132.83745930274947,127.3046110310587,127.3046110310587,44
2019-07-05,133.91465759277344,133.91465759277344,128.28387674335153,128.28387674335153,75
2019-07-08,133.91465759277344,133.91465759277344,133.91465759277344,133.91465759277344,0
2019-07-09,132.10299682617188,134.89391131306354,127.50044893863756,134.89391131306354,316
2019-07-10,128.6755828857422,138.02757882429324,125.98260062263374,125.98260062263374,184
2019-07-11,132.93536376953125,132.93536376953125,125.15020180797517,127.30458408868554,210
2019-07-12,135.1387176513672,136.06901742932487,126.37428931390994,126.37428931390994,85
2019-07-15,129.41001892089844,135.13873201593148,129.31210126894518,135.13873201593148,96
2019-07-16,134.15945434570312,134.99183649926644,124.41575973754559,124.41575973754559,500
2019-07-17,129.26312255859375,137.09725119850853,129.26312255859375,129.26312255859375,74
2019-07-18,130.24240112304688,134.74703149975775,130.04655087675857,134.74703149975775,79
2019-07-19,127.35356903076172,134.4042825013666,127.35356903076172,134.35531620413974,47
2019-07-22,127.30460357666016,127.35356987421132,122.40827266986554,127.30460357666016,1332
2019-07-23,127.69631958007812,130.24241793778393,121.42902123522713,126.81498588678961,405
2019-07-24,129.11622619628906,131.1726758008873,121.96758151193185,131.1726758008873,62
2019-07-25,128.47972106933594,132.00508532837674,122.75101535520682,122.75101535520682,167
2019-07-26,123.24064636230469,130.1444683983614,122.0655299433357,122.70205444994723,2832
2019-07-29,121.47796630859375,124.17094816373526,121.47796630859375,123.24064085832542,170
2019-07-30,116.63059997558594,122.4082719036813,116.5326748523046,122.4082719036813,1606
2019-07-31,120.4497299194336,120.93936296788658,112.61560114418589,120.93936296788658,412
2019-08-01,114.96585083007812,120.35181481088819,114.42725144351391,120.35181481088819,241
2019-08-02,113.30108642578125,115.5534014769506,112.61560313431626,114.57413536273914,340
2019-08-05,109.67781066894531,116.5326738357544,107.71927833557129,116.5326738357544,444
2019-08-06,108.79645538330078,114.28034370466908,107.71926423519028,114.28034370466908,464
2019-08-07,111.63633728027344,113.54590321895299,106.64208158039744,106.64208158039744,325
2019-08-08,112.61560821533203,112.61560821533203,110.65707589854365,112.61560821533203,133
2019-08-09,112.56664276123047,115.55340755516494,109.18817747797365,112.61560905799972,319
2019-08-13,106.98482513427734,107.22964166776539,106.98482513427734,107.22964166776539,740
2019-08-14,107.71926879882812,112.32181638629514,105.8586617526069,111.6363331187855,2127
2019-08-16,107.71926879882812,111.73425823254298,102.96982980512125,109.67780095880681,103
2019-08-19,104.3897705078125,107.52342668290656,102.38227937511309,105.76074461746566,1749
2019-08-20,108.35580444335938,109.28610432701048,100.86441666298356,103.06776557067009,1388
2019-08-21,103.80220794677734,110.60810444159719,103.80220794677734,110.60810444159719,60
2019-08-22,107.52342224121094,108.35579694337034,101.84367579493356,101.8926420890872,216
2019-08-23,106.20140838623047,111.44048813779055,102.2353850582811,102.82294323969498,368
2019-08-26,110.36328887939453,110.51018029182755,110.36328887939453,110.51018029182755,32
2019-08-27,107.71926879882812,115.35754721122794,105.46695382636972,107.71926879882812,730
2019-08-28,108.55165100097656,112.22389905561859,107.71927626949928,112.22389905561859,95
2019-08-29,104.2135238647461,113.82640832091894,104.2135238647461,113.82640832091894,42
2019-08-30,108.45305633544922,108.45305633544922,104.11493257761097,108.40375648281982,94
2019-09-03,106.87556457519531,109.34040689693828,106.53048815457166,108.45306215669045,357
2019-09-04,110.0798568725586,112.00243082715609,105.54454861707353,112.00243082715609,372
2019-09-05,109.4389877319336,114.9109401273707,105.74172463288178,114.9109401273707,331
2019-09-06,109.4389877319336,114.17148750756033,106.2346930460887,114.17148750756033,157
2019-09-09,109.68548583984375,113.18556502604585,105.98822227220856,109.4390016020014,325
2019-09-11,112.6432876586914,113.38274031290601,109.685477041833,109.685477041833,314
2019-09-12,111.21369171142578,117.08001359425502,110.47423899398838,114.36868696365121,518
2019-09-13,113.53063201904297,116.19265855765777,110.47422922823675,116.14336622744719,1479
2019-09-16,118.8053970336914,119.19977330004929,108.10798312055529,108.10798312055529,282
2019-09-17,117.17860412597656,118.80540158572009,113.92501672859144,118.80540158572009,1686
2019-09-18,122.25617980957031,122.25617980957031,115.35462127193327,117.32649513982958,5040
2019-09-19,125.85485076904297,126.93937988891626,120.38289779217517,126.93937988891626,43
2019-09-20,128.17181396484375,131.12962505634016,125.8548634475921,125.8548634475921,448
2019-09-23,128.17181396484375,133.10149911733774,122.25619178185096,123.29142867271574,1201
2019-09-24,129.84788513183594,134.0874167587852,125.21398476739499,134.0874167587852,191
2019-09-25,129.15773010253906,133.93952994462714,125.2632824708832,125.2632824708832,234
2019-09-26,129.15773010253906,129.15773010253906,125.60835887131704,125.60835887131704,25
2019-09-27,125.8055419921875,132.85499205460732,125.60835762877629,125.60835762877629,148
2019-09-30,123.24211120605469,126.00273750591091,119.69273990774062,125.60836124563124,1153
2019-10-01,122.25617980957031,129.30562286961808,122.25617980957031,129.30562286961808,55
2019-10-03,120.87586212158203,122.25617528241673,117.08000657086279,122.25617528241673,113
2019-10-04,122.25617980957031,126.10133535638845,114.91095266049734,114.91095266049734,29
2019-10-07,122.25617980957031,125.06609856690216,116.34055820588142,120.77727440864808,345
2019-10-09,121.27023315429688,123.24210686412285,116.34054887973197,116.38984873131811,331
2019-10-10,116.43914794921875,125.50977206428739,116.43914794921875,116.43914794921875,129
2019-10-11,118.31242370605469,118.31242370605469,118.31242370605469,118.31242370605469,8
2019-10-14,118.31242370605469,118.31242370605469,113.82640796502625,118.31242370605469,172
2019-10-15,113.62923431396484,116.34056094618526,113.62923431396484,116.34056094618526,157
2019-10-16,111.6080551147461,118.31242910627572,110.03055756441609,118.31242910627572,167
2019-10-17,115.05883026123047,115.15742996637523,108.94602464732519,109.4389930846434,126
2019-10-18,120.18570709228516,120.58008334842935,113.38274112062723,115.25602269573614,299
2019-10-22,120.18570709228516,120.18570709228516,120.18570709228516,120.18570709228516,0
2019-10-23,122.89703369140625,125.21398385677671,114.27008598473856,125.21398385677671,140
2019-10-24,121.27023315429688,128.66475956614426,121.27023315429688,128.6154597145581,661
2019-10-25,123.93225860595703,127.2844529108421,115.20671901816598,127.2844529108421,143
2019-10-27,124.22803497314453,127.62951387428319,124.22803497314453,124.22803497314453,302
2019-10-29,130.19296264648438,130.43944685632468,119.39694974221877,119.39694974221877,540
2019-10-30,129.15773010253906,136.30577241737424,123.93226167733624,136.30577241737424,531
2019-10-31,135.5170135498047,135.5170135498047,123.34069526885372,129.0591243390063,573
2019-11-01,137.24241638183594,141.97491661104482,128.76336788853177,135.4677269153572,434
2019-11-04,131.77044677734375,139.7565408432077,130.39014128052358,137.04521465400964,514
2019-11-05,135.96070861816406,138.03118237141732,130.14368623590775,137.93258265204145,163
2019-11-06,130.1436767578125,137.7353882265108,129.20703966877508,129.30562433676624,412
2019-11-07,135.07334899902344,135.07334899902344,135.07334899902344,135.07334899902344,10
2019-11-08,135.07334899902344,135.07334899902344,135.07334899902344,135.07334899902344,0
2019-11-11,130.1436767578125,134.97476177129218,129.15773981267756,134.97476177129218,197
2019-11-13,130.04507446289062,130.09437431800905,125.2632894004759,125.2632894004759,158
2019-11-14,129.3056182861328,130.04507096038262,123.58718878519535,123.58718878519535,105
2019-11-15,124.27735137939453,135.46772635926507,123.24211460784792,124.27735137939453,386
2019-11-18,124.27735137939453,124.27735137939453,124.27735137939453,124.27735137939453,0
2019-11-19,124.27735137939453,124.27735137939453,124.27735137939453,124.27735137939453,0
2019-11-20,124.52383422851562,129.2563343858475,124.22805014789428,129.2563343858475,261
2019-11-21,123.24211120605469,129.9957849178277,118.9532872405043,129.9957849178277,564
2019-11-22,126.49569702148438,129.05912372709784,117.42507376374736,118.31241840621416,1430
2019-11-25,128.17181396484375,131.7704781084823,120.4322097798487,131.7704781084823,491
2019-11-26,128.17181396484375,128.17181396484375,128.17181396484375,128.17181396484375,624
2019-11-27,129.9464874267578,132.11554561457436,128.22109783850777,131.5732773065694,530
2019-11-28,136.40435791015625,136.40435791015625,128.4182640693529,136.40435791015625,934
2019-11-29,136.0592803955078,142.91153824716585,130.1436595087466,142.91153824716585,434
2019-12-02,129.5028076171875,136.05928146731577,129.25632341163077,136.05928146731577,645
2019-12-03,134.08740234375,135.566307516659,123.29139759035452,130.291539715603,635
2019-12-04,137.98187255859375,137.98187255859375,137.98187255859375,137.98187255859375,2
2019-12-05,137.88328552246094,141.9256179043735,132.21414818136347,133.1014853996799,766
2019-12-06,131.03102111816406,140.69320671490033,131.03102111816406,131.12962083572242,353
2019-12-09,132.904296875,137.53819728730883,125.26328591459395,125.26328591459395,1461
2019-12-10,133.15077209472656,135.96068303780746,128.17178808711733,135.96068303780746,260
2019-12-11,133.1014862060547,133.1014862060547,127.03798007434925,127.03798007434925,98
2019-12-12,136.25645446777344,136.25645446777344,126.69287109800902,128.22107605394578,505
2019-12-13,136.89735412597656,137.83399123743013,129.45352700321692,129.45352700321692,140
2019-12-16,134.08740234375,138.42551816660253,130.14365521599265,138.42551816660253,377
2019-12-17,134.5310821533203,137.53819259891122,131.1296029796071,131.1296029796071,140
2019-12-18,133.1014862060547,133.1014862060547,128.17180153175636,128.2211013873401,94
2019-12-19,136.7001495361328,136.7001495361328,136.7001495361328,136.7001495361328,5
2019-12-20,130.04507446289062,130.14367417312747,129.89718994173896,130.14367417312747,220
2019-12-23,124.72102355957031,133.49585635358977,123.73508661443537,128.17180286754262,98
2019-12-24,130.1436767578125,130.1436767578125,129.89719252152878,129.89719252152878,161
2019-12-26,134.8761749267578,136.1085960882885,127.67883233457795,136.05929623298653,420
2019-12-27,134.03811645507812,141.58054264893332,129.30561640006755,136.65085822583956,314
2019-12-30,136.8480224609375,136.8480224609375,136.8480224609375,136.8480224609375,18
2019-12-31,130.6366424560547,135.8621111631376,130.04507428385529,130.09437413890583,151
2020-01-01,130.04507446289062,137.04523265200544,124.22805261980349,137.04523265200544,774
2020-01-02,132.263427734375,132.31272758770015,126.19992188045617,130.0450697325701,339
2020-01-03,133.84092712402344,133.84092712402344,126.19991655156538,126.89006933636628,542
2020-01-06,127.18585205078125,132.36202044819677,127.18585205078125,132.36202044819677,170
2020-01-07,127.18585205078125,132.95358856843944,127.18585205078125,127.18585205078125,50
2020-01-08,126.19992065429688,127.18585753440857,121.9110967302313,121.96038906097601,810
2020-01-09,131.08029174804688,131.08029174804688,125.21397092233671,128.17178125908484,999
2020-01-10,129.25631713867188,133.59443292825577,124.8688939794282,133.59443292825577,955
2020-01-13,134.9254608154297,135.0240454716251,133.10147166749067,135.0240454716251,115
2020-01-14,134.9254608154297,134.9254608154297,134.9254608154297,134.9254608154297,0
2020-01-15,140.7917938232422,140.98897819649451,132.16484585667348,136.05929364416954,2119
2020-01-16,142.9608612060547,147.79194636016376,141.97492423221982,142.9608612060547,1160
2020-01-17,141.53125,142.9608555466255,136.35508109227735,136.35508109227735,75
2020-01-20,135.07334899902344,144.68623332559628,134.48178086893796,136.10858570457177,854
2020-01-21,135.07334899902344,135.07334899902344,135.07334899902344,135.07334899902344,0
2020-01-22,129.55210876464844,140.0030464162166,129.40422424034102,139.80586203573876,304
2020-01-23,135.41844177246094,135.41844177246094,124.4252361047609,125.21398864839463,295
2020-01-24,135.07334899902344,136.35506991807364,135.07334899902344,136.35506991807364,6
2020-01-27,135.61563110351562,135.61563110351562,128.76337227841975,128.76337227841975,21
2020-01-28,130.04507446289062,130.14367417312747,130.04507446289062,130.14367417312747,160
2020-01-29,130.9324188232422,135.56631908494145,124.72101355814615,135.56631908494145,321
2020-01-30,132.1155548095703,137.04523969052443,125.90414885072725,132.41133891126842,545
2020-01-31,129.9464874267578,138.7213198864624,129.9464874267578,138.7213198864624,190
2020-02-03,129.9464874267578,129.9464874267578,129.9464874267578,129.9464874267578,0
2020-02-04,136.0592803955078,141.97490128226903,129.108422844723,141.97490128226903,221
2020-02-05,138.03115844726562,139.95373228822635,129.2563265350847,139.95373228822635,394
2020-02-06,136.00997924804688,137.63678400290328,135.07334229208809,135.07334229208809,54
2020-02-07,138.67201232910156,141.9256069521929,138.67201232910156,141.9256069521929,3
2020-02-10,139.9537353515625,140.69318800228672,139.9537353515625,140.69318800228672,7
2020-02-11,133.0028839111328,135.07335745179796,133.0028839111328,135.07335745179796,51
2020-02-12,132.06625366210938,139.6086804828295,128.17180565303119,139.6086804828295,15
2020-02-13,131.03102111816406,138.62274804401702,125.50978295160382,138.62274804401702,57
2020-02-14,130.88311767578125,131.03100218654745,130.88311767578125,131.03100218654745,65
2020-02-17,128.0731964111328,129.05913330434925,124.42523291507266,124.42523291507266,365
2020-02-18,122.25617980957031,127.08726476823475,122.20687995403216,123.24211674351845,75
2020-02-19,127.82671356201172,128.1717974960285,118.31242845787244,122.20687621910344,162
2020-02-20,127.82671356201172,127.82671356201172,127.82671356201172,127.82671356201172,0
2020-02-24,123.24211120605469,129.05913283729925,121.46742179584689,121.51672164916992,221
2020-02-25,122.20687103271484,122.25617088465401,117.08000235929568,119.29836029873496,137
2020-02-26,116.14336395263672,116.389848165166,116.14336395263672,116.389848165166,99
2020-02-27,110.3756332397461,114.36868070420779,110.3756332397461,114.36868070420779,109
2020-02-28,104.90367889404297,104.90367889404297,104.90367889404297,104.90367889404297,537
2020-03-02,108.25587463378906,108.40375915111454,108.25587463378906,108.40375915111454,538
2020-03-03,108.25587463378906,108.25587463378906,102.98110620086668,108.25587463378906,16
2020-03-04,108.45305633544922,113.57992508064808,102.88251148288995,108.69954055439342,110
2020-03-05,107.46711730957031,108.45305416562142,103.76985409937868,108.45305416562142,14
2020-03-06,102.09376525878906,102.53743383867356,102.09376525878906,102.53743383867356,174
2020-03-09,105.49524688720703,105.49524688720703,97.01619116517891,97.01619116517891,138
2020-03-11,100.41767883300781,110.7207246769134,100.22049444796073,105.49525573004242,489
2020-03-12,95.43870544433594,95.43870544433594,95.43870544433594,95.43870544433594,141
2020-03-13,90.70619201660156,93.56541044328428,90.70619201660156,90.70619201660156,1393
2020-03-16,86.17089080810547,93.66401011270116,86.17089080810547,93.66401011270116,245
2020-03-17,85.72721099853516,89.22729002492825,81.88206308144055,89.22729002492825,896
2020-03-18,89.67095184326172,89.67095184326172,81.73416486054191,84.79056753469803,15
2020-03-19,85.23424530029297,85.28354515604472,85.23424530029297,85.23424530029297,232
2020-03-20,86.76244354248047,86.76244354248047,86.76244354248047,86.76244354248047,100
2020-03-23,82.42432403564453,82.47362388990389,82.42432403564453,82.42432403564453,283
2020-03-24,82.42432403564453,82.42432403564453,82.42432403564453,82.42432403564453,1
2020-03-25,78.38197326660156,81.241191405904,78.38197326660156,81.241191405904,171
2020-03-26,74.48753356933594,81.83276024515047,74.48753356933594,77.88901276345646,1557
2020-03-27,70.98745727539062,78.18479970243061,70.98745727539062,77.88901562160916,714
2020-03-30,70.00151824951172,73.94526575652645,67.43808387437241,68.02964449600434,3490
2020-03-31,67.53667449951172,73.5015954750974,66.50143779396338,73.5015954750974,2572
2020-04-01,70.29730224609375,70.88886286709214,68.62120504414665,70.88886286709214,740
2020-04-03,73.79737091064453,73.79737091064453,73.69877873114349,73.69877873114349,755
2020-04-07,77.44535064697266,77.44535064697266,76.90308231412202,77.3960507904946,921
2020-04-08,81.29048919677734,81.29048919677734,79.46650755286048,81.29048919677734,1114
2020-04-09,84.79058074951172,85.33284910035532,80.84683280767396,85.28354924224145,1053
2020-04-13,84.79058074951172,85.28354924224145,84.79058074951172,84.83988060762559,1075
2020-04-15,89.03009796142578,89.03009796142578,84.79056662150988,84.79056662150988,1187
2020-04-16,91.0019760131836,93.1710341160392,88.73431820575162,88.73431820575162,495
2020-04-17,90.65689086914062,91.69212757642464,89.72025386510367,91.69212757642464,534
2020-04-20,92.67806243896484,95.14290452510753,90.7061887700507,95.14290452510753,126
2020-04-21,88.73431396484375,92.67806125217014,88.04416119840204,92.67806125217014,688
2020-04-22,86.02299499511719,92.67806910648729,86.02299499511719,92.67806910648729,438
2020-04-23,90.31181335449219,90.31181335449219,90.31181335449219,90.31181335449219,586
2020-04-24,85.8750991821289,88.83290976834759,85.8750991821289,88.83290976834759,75
2020-04-27,86.26947784423828,90.163925549509,85.87510158395861,90.163925549509,350
2020-04-28,89.32587432861328,90.55829535279972,85.77650328337651,90.55829535279972,343
2020-04-29,93.36821746826172,93.76259371598546,84.98775417306247,93.76259371598546,322
2020-04-30,90.31181335449219,94.64993697003922,88.73431590941178,94.64993697003922,135
2020-05-04,85.82581329345703,89.72026118208021,85.82581329345703,88.73432424601339,328
2020-05-05,88.68502807617188,88.73432793386489,88.68502807617188,88.73432793386489,32
2020-05-06,90.85408782958984,90.85408782958984,88.68502211268942,88.68502211268942,114
2020-05-07,87.35400390625,95.38939078422513,86.7624432972797,95.38939078422513,471
2020-05-08,90.5090103149414,91.6921315846119,86.81174694459416,91.6921315846119,182
2020-05-11,86.02299499511719,89.7202583903228,86.02299499511719,89.7202583903228,396
2020-05-12,85.7765121459961,90.31182047918013,81.78346460622109,81.78346460622109,185
2020-05-13,89.96674346923828,89.96674346923828,81.9313561097572,87.74838541109268,453
2020-05-14,85.8750991821289,93.565409715138,85.8750991821289,93.565409715138,396
2020-05-15,89.72026062011719,89.72026062011719,89.72026062011719,89.72026062011719,5
2020-05-18,88.73431396484375,94.15696648491753,88.73431396484375,94.15696648491753,250
2020-05-19,88.73431396484375,88.73431396484375,88.73431396484375,88.73431396484375,145
2020-05-20,88.73431396484375,92.67806125217014,88.73431396484375,92.67806125217014,168
2020-05-21,89.227294921875,92.67807428349448,89.227294921875,89.227294921875,45
2020-05-22,89.227294921875,92.97385838047411,89.227294921875,89.227294921875,51
2020-05-26,93.17103576660156,93.51611217242794,89.72025666413484,93.51611217242794,21
2020-05-27,88.88220977783203,93.12173377899909,88.88220977783203,93.12173377899909,154
2020-05-28,88.73431396484375,88.88220599253869,85.33283493836514,88.88220599253869,722
2020-05-29,84.69197845458984,92.57947339756257,84.49478656775472,88.73431810844309,342
2020-06-01,88.73431396484375,88.73431396484375,88.73431396484375,88.73431396484375,130
2020-06-02,92.87525177001953,92.87525177001953,85.776509190667,88.73431985241413,605
2020-06-03,92.3329849243164,96.8189929530796,88.24134560684155,88.24134560684155,711
2020-06-04,88.88220977783203,91.64282848326845,87.79768073204981,91.64282848326845,11
2020-06-05,93.2696304321289,93.31893028660201,84.4454980727654,93.1217383908113,2227
2020-06-08,97.90353393554688,97.90353393554688,93.66400239715108,97.90353393554688,7522
2020-06-09,93.7625961303711,101.45290683165514,93.02314346763615,101.45290683165514,400
2020-06-10,91.88932037353516,98.3965102358914,91.69213599314337,93.17104141238761,615
2020-06-11,93.66400909423828,96.37533567328202,93.66400909423828,96.37533567328202,301
2020-06-12,92.67806243896484,92.67806243896484,89.81884411461911,89.81884411461911,40
2020-06-15,88.04415893554688,92.67805887021743,88.04415893554688,92.67805887021743,815
2020-06-16,91.54424285888672,92.43158760430845,87.74838716569015,88.7343241001361,190
2020-06-17,92.43157958984375,92.43157958984375,92.43157958984375,92.43157958984375,2
2020-06-18,92.57947540283203,95.14290981040183,88.73432003042657,91.69213069810746,345
2020-06-19,92.48088836669922,92.5794805566902,92.18510427462436,92.18510427462436,11
2020-06-22,93.41751098632812,93.51610316104922,88.98079542497217,92.48087404332662,63
2020-06-23,97.60774993896484,98.05141852075596,91.10056811412079,92.67806559861309,582
2020-06-24,102.24165344238281,102.24165344238281,93.1710369782123,101.55150062175521,1133
2020-06-25,98.59369659423828,105.59384754800878,98.59369659423828,105.59384754800878,138
2020-06-26,98.59369659423828,103.5233814239502,93.71331162166432,103.32619703960255,535
2020-06-29,93.66400909423828,102.19236511092352,93.66400909423828,98.59369378340872,282
2020-06-30,93.66400909423828,93.66400909423828,93.66400909423828,93.66400909423828,110
2020-07-01,92.28369140625,98.34720478460858,92.18509922166318,93.66400455677008,870
2020-07-02,96.81900024414062,96.81900024414062,94.1569736319726,96.76970791256807,506
2020-07-03,98.59369659423828,101.55150749206543,92.38229069996042,101.55150749206543,872
2020-07-06,103.52336883544922,103.52336883544922,98.59368460518974,98.59368460518974,665
2020-07-07,103.52336883544922,103.52336883544922,98.34720039367676,103.52336883544922,233
2020-07-08,107.46711730957031,108.69953837963419,100.81204353122537,103.5233698853659,1490
2020-07-09,102.48812866210938,110.4249230124711,102.09375995474558,104.60789431364395,985
2020-07-10,103.7205581665039,105.49524758328768,102.53743690338243,105.49524758328768,100
2020-07-13,108.45305633544922,108.45305633544922,102.53743508078836,102.53743508078836,1328
2020-07-14,112.19962310791016,112.88977593447677,103.62196749744437,103.72055968379652,455
2020-07-15,107.9107894897461,111.41086845445679,106.77696808510318,106.77696808510318,248
2020-07-16,109.24180603027344,113.18555343176921,102.73461680012444,102.73461680012444,107
2020-07-17,113.33344268798828,113.38274254141211,104.60790270117818,104.60790270117818,215
2020-07-20,113.38274383544922,113.87571228690769,108.6502436926072,113.87571228690769,430
2020-07-21,113.38274383544922,117.17859940725914,108.55165150673584,116.34055454420006,214
2020-07-22,111.55876159667969,117.81945939924874,111.46016941122616,117.81945939924874,136
2020-07-23,113.38274383544922,117.12930707537427,113.38274383544922,117.08000722138777,211
2020-07-24,113.38274383544922,113.38274383544922,113.38274383544922,113.38274383544922,0
2020-07-27,119.0025863647461,119.0518862208833,108.05868776935858,108.20657981566826,1106
2020-07-28,121.31953430175781,124.91819784294833,119.39695290088069,122.74913974781147,2094
2020-07-29,127.38304901123047,127.38304901123047,127.18586463304324,127.18586463304324,4497
2020-07-30,130.73524475097656,133.742340393868,125.21399184863098,133.742340393868,5169
2020-07-31,125.41117095947266,130.73523925823432,124.52383376511399,130.73523925823432,1606
2020-08-03,129.15773010253906,130.09436712115968,119.44625342749362,127.18585636051556,2023
2020-08-04,124.22803497314453,128.1717821151491,122.69982994677746,122.69982994677746,363
2020-08-05,126.19992065429688,127.18585753440857,118.31242561340332,118.31242561340332,179
2020-08-06,126.19992065429688,126.19992065429688,119.9392229700079,126.19992065429688,1040
2020-08-07,126.15061950683594,128.1717930991633,119.93922173913731,119.93922173913731,173
2020-08-10,122.25617980957031,126.15062768982474,122.25617980957031,126.15062768982474,129
2020-08-11,123.29141235351562,127.13656024582421,122.25617559967772,122.25617559967772,553
2020-08-12,127.48164367675781,128.615465089611,123.24211201461445,128.615465089611,805
2020-08-13,131.77044677734375,133.7916202181317,124.32662848026054,124.32662848026054,1226
2020-08-14,126.84076690673828,136.0592822663804,125.36186918681345,134.0874086103459,1249
2020-08-17,133.15077209472656,133.15077209472656,120.67866967259839,132.1155354128748,2223
2020-08-18,139.80584716796875,139.80584716796875,138.03115784399125,139.51006310660546,2405
2020-08-19,146.75669860839844,146.75669860839844,146.75669860839844,146.75669860839844,3517
2020-08-20,154.0526580810547,154.0526580810547,151.8342998046875,152.82023681640626,2628
2020-08-21,151.63710021972656,161.74295357740914,146.90460002875162,161.74295357740914,5427
2020-08-24,159.17950439453125,159.17950439453125,151.83427773378293,151.88357758604354,6191
2020-08-25,151.24270629882812,162.679579740704,151.24270629882812,162.679579740704,3553
2020-08-26,145.0313262939453,151.2920166811165,143.94678966916746,151.2427168264987,1442
2020-08-27,141.03826904296875,149.86240081920656,138.8199111361055,144.93271658173265,1885
2020-08-28,137.6367950439453,145.91865885305938,134.13671609639957,138.12976348601646,1518
2020-08-31,130.8338165283203,144.43974801954826,130.78451667715234,144.43974801954826,1752
2020-09-01,127.53094482421875,136.0592930444698,127.18586088939567,136.0592930444698,208
2020-09-02,128.17181396484375,133.49586791185519,121.27025475135217,127.5309609127016,492
2020-09-03,131.5239715576172,134.08741342009415,121.7632026278061,121.81250247981578,268
2020-09-04,131.62257385253906,137.0452267078871,131.62257385253906,137.0452267078871,180
2020-09-07,138.17904663085938,138.17904663085938,137.0452252454308,138.0311621177001,2045
2020-09-08,145.08059692382812,145.08059692382812,145.08059692382812,145.08059692382812,950
2020-09-09,152.32725524902344,152.32725524902344,152.32725524902344,152.32725524902344,1130
2020-09-10,159.9189453125,159.9189453125,159.9189453125,159.9189453125,7824
2020-09-11,167.90504455566406,167.90504455566406,167.90504455566406,167.90504455566406,13815
2020-09-14,176.2855224609375,176.2855224609375,176.2855224609375,176.2855224609375,4720
2020-09-15,185.06033325195312,185.06033325195312,185.06033325195312,185.06033325195312,3091
2020-09-16,194.27886962890625,194.27886962890625,194.27886962890625,194.27886962890625,3703
2020-09-17,203.99034118652344,203.99034118652344,203.99034118652344,203.99034118652344,1708
2020-09-18,212.39108276367188,214.1700711675753,193.81058077810263,193.81058077810263,21071
2020-09-21,201.81600952148438,222.37317737983872,201.81600952148438,222.37317737983872,4392
2020-09-22,201.51951599121094,201.51951599121094,191.73510187618007,191.73510187618007,755
2020-09-23,191.488037109375,202.40903527419414,191.488037109375,191.488037109375,9486
2020-09-24,185.6569061279297,188.77012466474935,181.95068640283642,181.95068640283642,2827
2020-09-25,184.5697479248047,189.26429305274485,177.89855221667924,177.89855221667924,384
2020-09-28,190.54913330078125,192.6246075179409,177.89856561845065,184.56976182914255,238
2020-09-29,198.65338134765625,200.0370307078687,181.0611883415354,187.78180326395366,3208
2020-09-30,208.5860595703125,208.5860595703125,208.5860595703125,208.5860595703125,11776
2020-10-01,201.86546325683594,219.01291500515964,198.6534057019536,219.01291500515964,1662
2020-10-05,207.5482940673828,211.4027563535187,191.78450998648935,191.78450998648935,147
2020-10-06,202.3101806640625,211.50160873258946,198.65338016472188,207.54830763478407,782
2020-10-07,193.6129150390625,207.54830742714375,192.87167108396557,200.63003051290565,847
2020-10-08,195.3424835205078,202.31017968789953,184.8662447102603,197.61563465690716,474
2020-10-09,187.7818145751953,197.61564869076676,185.80516389545642,185.80516389545642,595
2020-10-12,187.7818145751953,196.28141853033173,178.39272384643556,187.7818145751953,418
2020-10-13,179.87521362304688,194.60125529948766,178.98572684068662,194.60125529948766,448
2020-10-14,174.8841552734375,184.76740807307394,171.07911199396565,182.84017679327422,457
2020-10-15,177.89854431152344,182.79075126396103,166.18688411208956,174.88414929456,289
2020-10-16,175.427734375,178.8868727992958,175.427734375,178.8868727992958,16
2020-10-19,169.49778747558594,175.92190186970436,166.681054362829,166.681054362829,286
2020-10-20,168.60829162597656,175.9218923545241,167.0269652130032,167.0269652130032,547
2020-10-21,168.01528930664062,172.95691546271829,168.01528930664062,172.95691546271829,1026
2020-10-22,169.0036163330078,169.0036163330078,168.85537357900935,168.85537357900935,141
2020-10-23,170.53553771972656,170.53553771972656,169.00363045097126,169.00363045097126,229
2020-10-26,175.6748046875,176.81137263774872,162.18417171000092,169.99193477496485,861
2020-10-27,167.32347106933594,175.6748165768309,167.02697047248617,175.6748165768309,264
2020-10-28,172.2156982421875,172.95694228053264,159.36746824420507,165.05033920485113,104
2020-10-29,163.6172637939453,172.21569127474714,163.6172637939453,172.21569127474714,663
2020-10-30,170.53553771972656,171.77094437506992,164.06200382959784,164.06200382959784,379
2020-11-02,164.55615234375,172.95691687781533,164.0619897240991,172.06743019470224,148
2020-11-03,171.91917419433594,172.75925668896244,158.1320399751333,165.0503167240454,411
2020-11-04,174.93357849121094,175.62540318662863,163.3701754714807,166.03865077131886,682
2020-11-05,167.02699279785156,174.884176721029,166.18691017459693,174.884176721029,88
2020-11-06,167.07638549804688,172.90749840482005,167.02696621972242,172.90749840482005,260
2020-11-09,174.587646484375,175.42772896519924,160.30634987488662,160.30634987488662,1006
2020-11-10,181.95068359375,183.28491362579675,166.03864112075263,166.03864112075263,3568
2020-11-11,182.84017944335938,188.81955048993382,172.85808793878738,173.00634578131894,2864
2020-11-12,187.7323760986328,187.78179537670331,182.84016918257956,182.93900773872056,487
2020-11-13,193.41526794433594,197.0720687225534,178.39272564314783,187.73239718285063,4463
2020-11-14,196.4790802001953,201.61836894139543,184.1250134758451,201.61836894139543,322
2020-11-17,204.23739624023438,206.263465913313,187.78178771726886,196.4790524803031,4241
2020-11-18,214.4171600341797,214.4171600341797,194.70007430703328,214.3677407555359,4365
2020-11-19,212.53936767578125,224.8440151595943,207.59774096897698,221.3848764648313,2145
2020-11-20,207.99305725097656,212.73702172722534,201.91486266245764,212.73702172722534,2932
2020-11-23,207.5482940673828,211.50159490676154,197.71446124555743,207.99303739568376,3181
2020-11-24,207.5482940673828,216.93738356090728,197.665041968936,197.665041968936,880
2020-11-25,207.5482940673828,217.43154616582962,202.6066680181594,217.43154616582962,3477
2020-11-26,207.5482940673828,207.5482940673828,207.5482940673828,207.5482940673828,1493
2020-11-27,207.40005493164062,212.88524787732894,198.75220919483056,198.75220919483056,4170
2020-12-01,217.23390197753906,217.72806462303816,202.60668465463593,216.93740137411015,4340
2020-12-02,213.5771026611328,223.36151706675386,211.5016135056873,211.5016135056873,798
2020-12-03,224.25099182128906,224.25099182128906,207.64713978735048,222.3731798900318,2734
2020-12-04,235.41908264160156,235.41908264160156,230.97161880675776,230.97161880675776,2971
2020-12-07,225.73348999023438,247.18016082746706,223.85567797326934,247.0813222663017,915
2020-12-08,232.701171875,235.12256566703923,217.4315501212505,217.4315501212505,541
2020-12-09,224.84400939941406,236.16033125195838,221.2860322294061,233.14593602190266,489
2020-12-10,213.6265106201172,223.36152099670144,213.6265106201172,223.36152099670144,522
2020-12-11,208.04248046875,222.3731976506829,204.58334183862826,213.6265125108303,2814
2020-12-14,208.8331298828125,218.32104330446785,198.6533767165325,208.53662928949433,1253
2020-12-15,216.19615173339844,218.22222154291507,202.60667933872767,207.5483056640625,1142
2020-12-16,217.4315643310547,226.96889737058981,209.03079934553665,226.96889737058981,866
2020-12-17,211.50161743164062,217.43156932224738,207.54831617123614,217.43156932224738,1412
2020-12-18,208.53665161132812,214.56544235841727,204.58335015898066,204.58335015898066,473
2020-12-21,202.606689453125,218.27165171871098,202.606689453125,209.52496665396342,1536
2020-12-22,199.64170837402344,209.92028534715985,197.6650577960628,197.6650577960628,588
2020-12-23,209.22845458984375,209.22845458984375,197.6650520604375,199.64170258104187,140
2020-12-24,201.1241912841797,207.5483055021019,199.6417033877361,207.5483055021019,1318
2020-12-28,210.51327514648438,211.1062763200006,197.66504708590082,202.60667326304835,783
2020-12-29,217.38214111328125,219.16112962353628,202.60668127542252,202.60668127542252,544
2020-12-30,214.91131591796875,222.37317433971967,207.548296050405,222.37317433971967,4350
2020-12-31,217.7280731201172,221.3848738233919,207.64715777464585,207.64715777464585,955
2021-01-01,213.97242736816406,217.72806652285712,210.3156267756921,217.72806652285712,62
2021-01-04,215.05958557128906,217.38214091590058,203.74324912385845,213.0335157442451,244
2021-01-05,214.21949768066406,217.3327161821729,204.68216506185735,204.68216506185735,947
2021-01-06,211.50161743164062,212.48994274674175,206.06582819858446,206.06582819858446,146
2021-01-07,212.48992919921875,215.65256698977547,204.03974527772516,206.65881624414996,308
2021-01-08,208.53665161132812,211.5016277005887,201.9148746947758,201.9148746947758,251
2021-01-11,202.65609741210938,208.5366296881336,202.60667813302078,208.48721040904496,866
2021-01-12,203.5455780029297,203.5455780029297,193.7117449853632,202.65609132862272,353
2021-01-13,198.3074493408203,206.5599709592497,197.66504398014325,206.5599709592497,277
2021-01-14,194.20591735839844,202.60668223140803,193.7611739988979,202.60668223140803,669
2021-01-15,196.67674255371094,202.60669459050624,185.31100114985327,194.20592920504623,243
2021-01-18,200.5806121826172,201.2230326617971,186.84289684871396,196.67673035008903,614
2021-01-19,197.41798400878906,197.61564605799998,190.5985452868021,190.5985452868021,619
2021-01-20,190.40087890625,197.46741443950984,188.4242281412512,197.46741443950984,198
2021-01-21,186.79347229003906,199.5428619855133,184.81682178961537,188.42420292063,799
2021-01-22,182.0000762939453,184.81680909584608,181.8518335488539,184.81680909584608,604
2021-01-25,179.1339569091797,181.8024321476974,172.9075046322071,181.40710806815662,1356
2021-01-27,175.03240966796875,178.88687215168562,173.4510832188996,178.88687215168562,180
2021-01-28,177.89854431152344,177.89854431152344,173.45108070373536,175.03240712987414,121
2021-01-29,170.0413818359375,183.72967907440898,169.1024757565785,183.72967907440898,596
2021-02-01,168.01528930664062,175.625390570871,162.0853379193474,169.00361453785615,1256
2021-02-02,174.93357849121094,175.8230652309412,161.9371067994053,161.9371067994053,1038
2021-02-03,175.92190551757812,182.39543932662974,168.21296506865588,182.39543932662974,1304
2021-02-04,177.89854431152344,179.87519480387368,170.28844293210423,179.38103218078612,818
2021-02-05,177.40438842773438,177.75030830929518,172.01801864758994,172.95692465099452,140
2021-02-08,179.3316192626953,182.84017702718418,168.55887972956867,182.19777162664477,1623
2021-02-09,179.6281280517578,181.6541979867655,170.4861187836491,176.0207466430875,412
2021-02-10,178.19505310058594,179.7763645188373,172.95692603871265,179.72696031877254,84
2021-02-11,182.74134826660156,182.74134826660156,175.92190949268362,176.4160721597979,2371
2021-02-12,178.8868865966797,182.84018795793227,178.8868865966797,182.74134939164182,960
2021-02-15,186.64523315429688,187.83122046142114,179.87519902679875,187.68296262262635,1652
2021-02-16,182.84017944335938,185.80515532622468,182.84017944335938,185.80515532622468,218
2021-02-17,189.8572998046875,191.98219320819487,173.94525613715467,173.94525613715467,1474
2021-02-18,199.34521484375,199.34521484375,189.85730078130646,197.665064809003,1146
2021-02-19,201.56893920898438,209.2778794614751,190.00553637057183,209.22846018101004,5433
2021-02-22,211.60044860839844,211.60044860839844,197.66505611970072,201.56893796193543,1868
2021-02-23,207.59774780273438,217.43158225685806,207.54832851790997,211.60046858313805,877
2021-02-24,216.98680114746094,217.97512634960776,202.60666644009572,202.60666644009572,1129
2021-02-25,215.4549102783203,227.314813596393,208.0424707045249,216.98681747303408,226
2021-02-26,212.48992919921875,212.48992919921875,208.0424655648165,212.48992919921875,155
2021-03-01,223.1144256591797,223.1144256591797,205.571652434593,209.27787212992823,1435
2021-03-02,221.4342803955078,233.93658906465117,219.40821057006033,220.39653584289843,456
2021-03-03,222.37318420410156,222.42260348338738,214.46658209906684,222.37318420410156,16093
2021-03-04,221.38487243652344,221.38487243652344,215.45492049625943,215.60316326250697,5280
2021-03-05,217.4315643310547,223.361516085538,217.4315643310547,221.38486550071022,857
2021-03-08,218.91404724121094,227.31481203376305,218.41988460635494,227.26539275414808,828
2021-03-09,223.36151123046875,224.34983650140003,218.914047511278,218.914047511278,1008
2021-03-10,222.422607421875,234.52959210959054,218.41988701919476,227.3148145448633,1263
2021-03-12,221.38487243652344,222.3731977599008,221.38487243652344,221.38487243652344,430
2021-03-15,232.20701599121094,232.45409730532813,218.41988167960073,221.3848574490071,2857
2021-03-16,224.89341735839844,242.88093418858548,222.37318491325223,227.61131184067153,271
2021-03-17,219.65530395507812,225.3381745860869,217.4315719690312,225.3381745860869,311
2021-03-18,219.75413513183594,226.32649230403933,217.43156465890243,220.64362186409076,463
2021-03-19,230.7245330810547,230.7245330810547,213.7253413194091,213.7253413194091,1126
2021-03-22,226.87008666992188,235.1720135616089,221.38487797189924,221.38487797189924,232
2021-03-23,221.38487243652344,226.8700809973972,221.38487243652344,226.8700809973972,21
2021-03-24,221.38487243652344,221.38487243652344,219.40822178976876,219.40822178976876,445
2021-03-25,219.408203125,219.408203125,219.408203125,219.408203125,75
2021-03-26,222.37318420410156,222.37318420410156,219.45762769399937,219.45762769399937,542
2021-03-30,228.05606079101562,232.25644327579056,213.57710131693264,232.05878123381294,225
2021-03-31,217.3327178955078,220.39653222324657,216.69031251097223,219.45762624559973,147
2021-04-01,226.771240234375,227.21598360945373,213.47826777994757,227.21598360945373,140
2021-04-05,215.65257263183594,227.31481392773614,215.65257263183594,227.31481392773614,15
2021-04-06,212.48992919921875,215.65256698977547,207.5483029387718,215.65256698977547,189
2021-04-07,212.48992919921875,212.48992919921875,212.48992919921875,212.48992919921875,44
2021-04-08,212.48992919921875,212.48992919921875,203.64442120914802,212.48992919921875,159
2021-04-09,207.5482940673828,210.01910709199453,207.5482940673828,207.5482940673828,604
2021-04-12,207.5482940673828,207.5482940673828,207.5482940673828,207.5482940673828,28
2021-04-13,210.95803833007812,210.95803833007812,197.76390424437506,197.76390424437506,7
2021-04-15,215.4549102783203,215.4549102783203,203.59500696024764,210.95802725408836,165
2021-04-16,208.09188842773438,208.09188842773438,204.7315734643643,204.7315734643643,151
2021-04-19,197.76390075683594,208.09189724031577,197.71448147515807,208.09189724031577,375
2021-04-20,190.00555419921875,207.44949111424782,187.88066066566114,197.76391446015884,450
2021-04-22,199.49346923828125,199.49346923828125,199.49346923828125,199.49346923828125,1
2021-04-23,206.8564910888672,207.64715435563303,190.25262280937415,190.25262280937415,56
2021-04-26,209.4261016845703,209.4261016845703,196.57787421728023,197.81328070451966,152
2021-04-27,208.48719787597656,208.48719787597656,198.9992850065436,198.9992850065436,74
2021-04-28,199.64170837402344,199.64170837402344,198.65338308504312,199.64170837402344,214
2021-04-29,199.64170837402344,200.63003366300376,199.64170837402344,199.64170837402344,102
2021-04-30,207.4989013671875,208.53664598656775,199.64171795870467,208.33898393541148,152
2021-05-03,205.57167053222656,205.57167053222656,197.76390638561747,197.76390638561747,6
2021-05-04,215.8502197265625,215.8502197265625,207.5482939988662,207.5482939988662,1888
2021-05-05,217.6786346435547,226.62298110360754,215.89964619106493,226.62298110360754,247
2021-05-06,226.0299835205078,228.55021594489435,219.4576265861349,228.50079666585802,770
2021-05-07,222.37318420410156,227.31481051974828,214.763082694135,215.25724532569967,968
2021-05-10,222.37318420410156,222.37318420410156,211.35336355246812,211.35336355246812,268
2021-05-11,222.37318420410156,232.84943802553127,211.9957689412435,222.37318420410156,694
2021-05-12,219.408203125,222.37317884290542,219.408203125,222.37317884290542,243
2021-05-14,216.3444061279297,229.68679792401258,211.55103738291066,222.37319660138172,80
2021-05-17,226.32650756835938,227.11717087293744,219.40823004443573,222.42262541027497,393
2021-05-18,215.5043182373047,237.1980539008581,215.4548989599461,216.93738679682647,1397
2021-05-19,219.16111755371094,226.0793940943016,215.4548979783945,226.0793940943016,184
2021-05-20,219.408203125,226.12881776838154,219.16112181517457,219.16112181517457,204
2021-05-21,214.51600646972656,229.78562913135838,214.02184382643333,229.78562913135838,629
2021-05-24,221.0389404296875,222.37318557539862,209.2778757581807,213.4782581523827,1316
2021-05-25,221.33543395996094,226.32647942632133,210.9085996864182,223.36150371331274,508
2021-05-26,224.34983825683594,227.1665713332885,211.64985239373866,227.1665713332885,258
2021-05-27,219.408203125,224.34982932150902,213.67591372092028,213.72533299901465,140
2021-05-28,222.37318420410156,225.23932143491797,209.57437506270597,214.46658209906684,248
2021-05-31,232.10818481445312,233.49183409535232,211.55101714569605,222.37317532890697,1493
2021-06-01,232.8988494873047,237.14865126742362,221.4342851258609,237.14865126742362,314
2021-06-02,223.01559448242188,231.8611178458821,222.42260835993127,223.06501376279118,163
2021-06-03,221.38487243652344,221.38487243652344,221.38487243652344,221.38487243652344,85
2021-06-04,218.6175537109375,222.37319287337283,218.41989166673508,222.37319287337283,407
2021-06-07,219.75413513183594,226.8206549509914,214.9607514241422,226.8206549509914,481
2021-06-08,219.408203125,226.12881776838154,215.70198347761826,226.07939849028716,286
2021-06-09,222.1260986328125,226.27706164230196,208.43778796845402,226.27706164230196,2192
2021-06-10,232.8494415283203,233.19534632723105,217.43156115931043,224.30041882525927,2601
2021-06-11,233.34361267089844,241.15137661934781,221.38487033907342,221.4342896209036,679
2021-06-14,245.00582885742188,245.00582885742188,224.64633730586073,237.84047063656593,10756
2021-06-15,257.2116394042969,257.2116394042969,257.2116394042969,257.2116394042969,3380
2021-06-16,270.05987548828125,270.05987548828125,270.05987548828125,270.05987548828125,2127
2021-06-17,271.3446960449219,283.5505193969825,261.95560579892054,283.5505193969825,2671
2021-06-18,277.2746276855469,284.8847439242768,266.89721290252896,276.73106088047706,2614
2021-06-21,291.1112060546875,291.1112060546875,274.7544343477817,289.579313898921,7539
2021-06-22,305.63958740234375,305.63958740234375,305.63958740234375,305.63958740234375,5203
2021-06-23,320.9092102050781,320.9092102050781,320.9092102050781,320.9092102050781,2010
2021-06-24,325.20843505859375,336.92009615363617,306.38084974370054,336.92009615363617,4518
2021-06-25,311.470703125,334.05394159972536,309.3458098245978,325.20841835971225,2466
2021-06-28,327.0368347167969,327.0368347167969,311.47071129039125,311.47071129039125,4214
2021-06-29,342.9488525390625,343.3441765961863,311.32244538848613,311.32244538848613,5175
2021-06-30,359.99749755859375,360.0963361227837,351.00373112061556,353.8204643129075,3293
2021-07-01,362.6659851074219,375.56361835755143,345.9138590135342,360.0468989029978,2255
2021-07-02,354.85821533203125,380.40643241623553,345.91388271492133,377.0461321592643,2664
2021-07-05,345.1726379394531,359.6515986811751,337.11779214864436,345.9138819722508,1023
2021-07-06,329.458251953125,340.97223591630046,327.92632960802825,336.0306093088179,1891
2021-07-07,324.6154479980469,336.03059283726594,313.0026260397002,326.44382562415586,2446
2021-07-08,313.24969482421875,335.9317408364041,308.4068770510057,335.9317408364041,2250
2021-07-09,312.0143127441406,325.40610864354056,297.63416137245554,306.4796849703362,946
2021-07-12,312.0143127441406,324.8625417870139,312.0143127441406,312.0143127441406,603
2021-07-13,305.1454162597656,323.77535296893615,298.0294625043326,323.77535296893615,1875
2021-07-14,318.7348937988281,320.31622023442975,299.4131471849978,316.1652421111371,1948
2021-07-15,324.7142333984375,334.6469197858918,321.2056909921172,334.6469197858918,2321
2021-07-16,323.7753601074219,334.59750357085056,310.33413058486343,324.7142510044536,1557
2021-07-19,329.30999755859375,332.67029750076426,323.38004583901255,326.14734457696613,1991
2021-07-20,322.5399475097656,335.9811767811665,313.5461818101398,316.313480412505,970
2021-07-22,313.4473571777344,330.0018056524857,307.56683984616626,321.2057166742796,1729
2021-07-23,322.98468017578125,328.0251449914717,301.43920175425654,328.0251449914717,2432
2021-07-26,334.89404296875,337.9084231505246,323.1823818156486,323.1823818156486,4073
2021-07-27,335.734130859375,350.75665796625316,329.11233900114,340.9722431092892,4188
2021-07-28,344.431396484375,352.4862423354661,329.16175722994626,349.37302340667594,1267
2021-07-29,335.78350830078125,349.6694661895412,327.4815821189809,334.1033432881805,1037
2021-07-30,326.9874267578125,338.0072476594812,319.3773099945288,338.0072476594812,2341
2021-08-02,326.7897644042969,332.07731095322185,312.6072898834106,326.98744153485865,1480
2021-08-03,313.9414978027344,334.94340857400334,310.4823595580548,328.1239706381791,1229
2021-08-04,310.630615234375,324.0718447195924,306.38082870714794,324.0718447195924,1098
2021-08-05,311.86602783203125,315.27576208841407,302.47693773848914,310.6306212407757,1825
2021-08-06,311.4212951660156,317.20300396384863,304.60185691067375,315.27575764413984,965
2021-08-09,308.4068908691406,321.1068767209716,302.4769392024143,321.1068767209716,1487
2021-08-10,295.31158447265625,316.26409267702695,293.0384483710578,316.26409267702695,3253
2021-08-11,308.7033996582031,308.8022382160343,286.6143241604735,295.311574346343,1844
2021-08-12,324.1213073730469,324.1213073730469,296.49760205079605,317.9936781994788,2069
2021-08-13,338.50140380859375,340.28037722394635,325.1590127095689,326.1473379761633,3953
2021-08-16,336.3764953613281,355.40175588603677,321.6010212269726,342.55352799922053,4325
2021-08-17,345.1231689453125,350.608361693764,336.030565118759,336.030565118759,738
2021-08-18,339.63800048828125,356.3901272349564,331.58315491820554,344.92554714293215,585
2021-08-20,336.0799865722656,339.98388334378257,322.6881916039099,326.24616850837083,2072
2021-08-23,329.0628967285156,338.94614900855765,321.20569910136527,326.1473252413863,1780
2021-08-24,322.24346923828125,328.12401715236774,317.9442780823399,317.9442780823399,44
2021-08-25,325.0601806640625,330.5454041003482,311.3224652153883,316.2640916473786,882
2021-08-26,330.54541015625,330.54541015625,324.17069987767417,325.06018661946985,96
2021-08-27,321.3045349121094,330.10062333395945,316.3629088142956,316.3629088142956,224
2021-08-30,320.9586486816406,321.30456857699,311.32247678126805,321.30456857699,804
2021-08-31,320.6621398925781,321.2057067163501,312.4096180108379,320.9586254034914,247
2021-09-01,316.26409912109375,326.14735221862793,311.32247257232666,326.14735221862793,929
2021-09-02,319.9703369140625,321.2057436202944,311.3224899704392,312.3108153354247,988
2021-09-03,335.9317626953125,335.9317626953125,311.3718730123324,313.79328205649875,1461
2021-09-06,322.5893859863281,352.53566198189,322.1940618813096,352.53566198189,803
2021-09-07,334.0045471191406,338.6990922930109,323.6271314716379,331.0889754203244,8910
2021-09-08,348.8788146972656,350.6577880901282,333.1644491893358,334.00453168757934,6020
2021-09-09,335.9812316894531,353.72165451712686,332.0773342961549,348.87886609090083,2483
2021-09-13,327.7286682128906,345.9138472956006,326.44382725473065,344.92552201761316,518
2021-09-14,331.879638671875,344.03605850795464,329.3594211075137,343.69013860506493,2029
2021-09-15,332.0773010253906,338.8967395677603,331.08897572471983,332.0773010253906,249
2021-09-16,332.8218688964844,343.44438361672104,330.63779082239273,336.54470859331303,554
2021-09-17,337.5374450683594,345.38022082093283,333.0700377071605,333.0700377071605,2711
2021-09-20,333.5664367675781,341.7566840989249,328.7515580346891,341.7070583549295,2058
2021-09-21,347.31610107421875,350.2447165401223,318.9728657670205,318.9728657670205,3745
2021-09-22,340.0689697265625,357.09478009325414,337.5374509629586,349.4505374675336,1104
2021-09-23,343.096923828125,356.25095785716667,329.69470047778066,356.25095785716667,2311
2021-09-24,343.096923828125,345.47953525332105,337.53747697163556,345.47953525332105,748
2021-09-27,349.5498046875,357.8889588340327,343.09688309964645,347.4650085767307,1122
2021-09-28,343.54364013671875,360.37088793147694,342.65016465570227,360.37088793147694,699
2021-09-29,328.10626220703125,343.8910959936881,326.3689370667519,343.54362490632303,1839
2021-09-30,325.4754333496094,342.3523046747126,312.86740559400306,328.60261227112863,1345
2021-10-01,319.3699951171875,325.4754456803256,314.75365001907727,323.63883884841067,851
2021-10-04,325.1280212402344,335.3037837370661,319.66785599803194,319.66785599803194,1231
2021-10-05,327.5602722167969,339.67189269077863,322.6461116287553,325.1280047951304,949
2021-10-06,319.81671142578125,327.6098611518849,318.7743285316429,327.6098611518849,427
2021-10-07,323.19207763671875,335.50229051768343,321.6533161748701,332.7225523234311,1134
2021-10-08,327.60986328125,338.77838134765625,322.745359249413,338.77838134765625,1153
2021-10-11,333.3678894042969,333.5664529830252,315.6968215732203,327.6099091797569,917
2021-10-12,322.79498291015625,343.3946938777601,316.7888142406291,316.83843997976476,526
2021-10-13,332.57366943359375,337.3885480205237,322.7950047357147,322.7950047357147,1068
2021-10-14,325.2768859863281,332.5736573639201,324.6315998746325,324.6315998746325,572
2021-10-18,322.6461181640625,333.5664483173077,318.9232783390925,333.5664483173077,894
2021-10-19,319.56854248046875,327.60988200722807,318.67506704339456,322.64609591620945,459
2021-10-20,305.669921875,319.6678038156786,303.78368934036536,319.6678038156786,512
2021-10-21,313.6120300292969,319.6678557155155,297.82719476600823,319.6678557155155,1151
2021-10-22,302.79095458984375,327.6098852939293,300.8054401335169,327.6098852939293,2067
2021-10-25,305.9181213378906,307.4569131567901,290.97713778126007,290.97713778126007,393
2021-10-26,306.761962890625,306.761962890625,296.18910518040263,305.7692057291667,246
2021-10-27,304.4786376953125,306.7619670792261,303.78369555418504,303.78369555418504,229
2021-10-28,302.79095458984375,304.7764690461706,302.79095458984375,303.7837118180072,653
2021-10-29,307.65545654296875,307.75473832431805,302.7909522223129,302.7909522223129,52
2021-11-01,302.79095458984375,318.6750702404585,292.8633823082095,302.89023637196937,140
2021-11-02,312.17254638671875,314.6544396469199,299.91198762201543,314.6544396469199,276
2021-11-03,302.79095458984375,311.72576964331455,296.8840369636529,311.72576964331455,1278
2021-11-04,308.0029296875,308.747497607776,307.75474038074134,308.747497607776,31
2021-11-08,295.94091796875,309.74023655063945,294.2532186637986,308.00291150588424,724
2021-11-09,304.3297119140625,307.5065471183262,295.9409316314578,302.7909503505714,562
2021-11-10,297.8271789550781,304.3297269103117,297.8271789550781,304.3297269103117,33
2021-11-11,302.64202880859375,302.64202880859375,298.8199076514179,298.8199076514179,380
2021-11-12,297.47967529296875,306.46414571931206,289.9843708949513,306.46414571931206,340
2021-11-15,292.8633728027344,293.85612999867584,290.87785841085145,293.85612999867584,886
2021-11-16,286.708251953125,300.8054155600346,283.9285440599666,300.7061337860195,731
2021-11-17,283.03509521484375,299.7630607700168,273.00824103041725,279.7589781445508,492
2021-11-18,283.03509521484375,283.03509521484375,272.5614881537488,283.03509521484375,232
2021-11-22,279.014404296875,296.5365934504379,270.7745314973344,273.05786098254316,754
2021-11-23,285.9140930175781,285.9140930175781,274.29882087012004,274.29882087012004,223
2021-11-24,286.26153564453125,286.26153564453125,285.9140645761888,286.0133463523644,51
2021-11-25,281.94305419921875,286.7082767994602,272.56148622784445,282.93581143231455,286
2021-11-26,274.9937744140625,282.9358328808946,268.1437550457295,281.9430755725406,101
2021-11-29,273.0082702636719,273.0082702636719,261.74046832257034,261.74046832257034,572
2021-11-30,273.0082702636719,273.0082702636719,273.0082702636719,273.0082702636719,0
2021-12-01,276.979248046875,276.979248046875,260.40019133190316,260.40019133190316,233
2021-12-02,275.9865417480469,275.9865417480469,264.2223611573903,264.2223611573903,43
2021-12-03,270.57598876953125,275.9865281486181,263.1799650959955,275.9865281486181,306
2021-12-06,264.2720031738281,275.8872453089944,258.1665215925267,265.2647604655457,1069
2021-12-07,277.47564697265625,277.47564697265625,258.1168809047965,258.1168809047965,1733
2021-12-08,291.3246154785156,291.3246154785156,274.10027182065744,291.3246154785156,661
2021-12-09,287.8996276855469,299.76308997948496,277.4260499004339,277.4260499004339,300
2021-12-10,287.8996276855469,297.82720105401404,279.014437402149,297.6782935127969,280
2021-12-13,302.2449645996094,302.2945903447579,288.44561423497504,301.79821170708175,1510
2021-12-14,307.6058349609375,314.6544173804261,292.86338397928137,307.7547424867024,692
2021-12-15,292.46630859375,322.894313982779,292.2677450138037,322.894313982779,737
2021-12-16,297.77752685546875,304.23044849504043,280.1064309568687,280.1064309568687,659
2021-12-17,297.77752685546875,297.77752685546875,297.77752685546875,297.77752685546875,0
2021-12-20,283.9285583496094,294.84888751690204,283.9285583496094,283.9285583496094,131
2021-12-21,279.95751953125,283.92854817708337,273.0082194010417,283.92854817708337,502
2021-12-22,290.8282470703125,291.7713482752283,268.292645487951,277.9720286276643,323
2021-12-23,291.87060546875,294.848876953125,277.0288737863302,277.0785298223297,1091
2021-12-24,278.96478271484375,292.8633839888929,278.02165122405756,292.8633839888929,350
2021-12-27,274.05059814453125,287.8995724553999,273.0082152594309,273.0082152594309,129
2021-12-28,287.05572509765625,287.7506672242624,282.9357889667475,287.7010111886225,345
2021-12-29,290.13330078125,297.6782617967184,273.25642785299937,297.6782617967184,427
2021-12-30,292.8137512207031,292.8137512207031,278.0216445538308,282.9358048621603,34
2021-12-31,287.8996276855469,302.5924241522584,278.3691511925085,302.5924241522584,125
2022-01-03,292.7144775390625,293.80651655963254,280.4539195965076,287.89959887783084,180
2022-01-04,298.5717468261719,298.7206543563019,279.312261984641,298.5717468261719,249
2022-01-05,298.8199462890625,304.5779264909633,284.92134413608284,304.5779264909633,208
2022-01-06,298.6709899902344,298.77027176299856,298.6709899902344,298.77027176299856,6
2022-01-07,294.848876953125,297.7775226980448,289.686527594924,289.686527594924,152
2022-01-10,294.848876953125,300.65651240696513,292.86336263020837,294.848876953125,845
2022-01-11,292.51593017578125,308.64823617890437,287.99889661352603,308.64823617890437,3474
2022-01-12,294.10430908203125,304.62754105279845,291.87060546875,297.8271484375,309
2022-01-13,299.8127136230469,306.2160105193774,279.51081410842943,279.51081410842943,93
2022-01-14,289.7361755371094,302.89020755897286,284.82201560655056,284.82201560655056,287
2022-01-17,296.735107421875,302.6916503488977,280.15608111958807,302.6916503488977,886
2022-01-18,296.5365905761719,300.7558087162609,283.08471221043106,283.08471221043106,581
2022-01-19,288.0484924316406,296.53658457854107,281.7444782199362,296.53658457854107,358
2022-01-20,293.21087646484375,299.4156096290035,274.0010165292954,282.9358322856854,526
2022-01-21,288.4952392578125,293.21083580871715,278.5676675716974,293.21083580871715,167
2022-01-24,287.8499755859375,295.5934699858395,274.79519356427085,274.79519356427085,125
2022-01-25,286.4104919433594,286.90687061223866,286.4104919433594,286.90687061223866,19
2022-01-27,287.8996276855469,294.8489290434739,282.8862152530908,286.41049168027683,279
2022-01-28,291.82098388671875,294.79925541352367,274.49735905385234,287.89958092447444,65
2022-01-31,293.5086669921875,299.8126814190834,277.3267363719614,277.3267363719614,202
2022-02-01,290.87786865234375,292.4662862810856,278.86550009920046,280.99992208631625,204
2022-02-02,279.0640563964844,287.8003076822317,278.9647746166711,280.0071575633465,1102
2022-02-03,270.27813720703125,292.5158915643891,268.04443359375,282.935791015625,547
2022-02-04,282.6876220703125,282.9358113785393,268.04445288493196,282.9358113785393,90
2022-02-07,287.8996276855469,292.3174099531346,273.0082676328462,285.9141130118535,51
2022-02-08,287.4032287597656,296.53660773361725,273.50462702354207,273.55425276826674,818
2022-02-09,293.5086669921875,299.8126814190834,273.1075181731829,292.8633808563894,932
2022-02-10,291.87060546875,292.86336263020837,279.46114095052087,292.81373689075315,384
2022-02-11,290.08367919921875,291.8210043785174,277.2770864974374,277.2770864974374,72
2022-02-14,275.5893859863281,282.9357827060538,275.5893859863281,275.5893859863281,353
2022-02-15,269.33502197265625,286.70827334234775,261.889342814217,261.889342814217,224
2022-02-16,268.04443359375,269.2357543061177,268.04443359375,269.2357543061177,38
2022-02-17,267.99481201171875,273.95135507287307,254.64221586434664,268.0444377519438,513
2022-02-18,268.04443359375,268.04443359375,255.23787227024636,255.23787227024636,92
2022-02-21,256.08172607421875,260.0030987477151,254.64221604811638,258.1168661696306,400
2022-02-22,252.11068725585938,255.13859973765338,243.32479514763142,243.47370266793575,467
2022-02-23,248.18931579589844,252.11070395581888,248.18931579589844,252.11070395581888,39
2022-02-24,236.27621459960938,251.96178145562456,235.77983599750937,235.77983599750937,205
2022-02-25,246.89871215820312,246.89871215820312,235.28345596912854,235.28345596912854,65
2022-02-28,238.26171875,255.08896475533646,234.5885202822586,235.18416549017033,566
2022-03-02,236.27621459960938,242.23275782480962,226.348642557609,242.23275782480962,567
2022-03-03,225.60406494140625,236.27620442708334,224.462400265038,236.27620442708334,1022
2022-03-04,214.33628845214844,224.46242472091507,214.33628845214844,224.46242472091507,778
2022-03-07,211.25872802734375,218.20802819174142,203.6641266158601,203.6641266158601,505
2022-03-08,220.29283142089844,221.38487047357535,211.2587493829141,211.2587493829141,7209
2022-03-09,226.1501007080078,226.1501007080078,216.42107679491218,220.2928239443192,645
2022-03-10,228.5823516845703,237.26897742719785,226.64647812015366,236.02803089253678,415
2022-03-11,233.29795837402344,239.99906994434116,218.40659932887303,218.45624022201162,455
2022-03-14,241.24000549316406,244.61537399631064,228.48306910222044,244.21827716591918,500
2022-03-15,233.29795837402344,246.79946330093603,233.29795837402344,241.24001653143702,170
2022-03-16,244.96282958984375,244.96282958984375,222.37760416666669,222.47688594212136,969
2022-03-17,257.1737365722656,257.1737365722656,232.85120069592259,257.1241108316497,2626
2022-03-21,270.02996826171875,270.02996826171875,266.05893931669345,266.05893931669345,788
2022-03-22,283.5314636230469,283.5314636230469,282.88617749952533,282.93580324112486,524
2022-03-23,297.6782531738281,297.6782531738281,297.6782531738281,297.6782531738281,994
2022-03-24,312.51995849609375,312.51995849609375,312.51995849609375,312.51995849609375,570
2022-03-25,328.10626220703125,328.10626220703125,302.7909530201045,328.10626220703125,7285
2022-03-28,344.48675537109375,344.48675537109375,337.4878290880804,343.4939981510041,7404
2022-03-29,331.72979736328125,361.3636045064276,328.60261838359213,357.39257588547787,1917
2022-03-30,318.1290588378906,336.5446928938472,315.150787219361,324.6812321614193,1049
2022-03-31,310.4351806640625,318.6750530958994,309.74023852311717,318.0793927317383,125
2022-04-01,302.79095458984375,302.79095458984375,302.79095458984375,302.79095458984375,42
2022-04-04,294.70001220703125,302.79097818782236,288.9420016570058,301.7982208822885,276
2022-04-05,288.2470397949219,309.3431288835452,287.8995687388594,294.8488686739353,1078
2022-04-06,302.64202880859375,302.64202880859375,302.54274703245716,302.59237277225327,177
2022-04-07,307.5561828613281,317.68231889471593,302.7909601965261,317.68231889471593,377
2022-04-08,303.3369445800781,320.66056950966725,297.8271543433442,307.5561625999422,297
2022-04-11,297.5790100097656,302.7909859982603,288.1974411118555,295.8416846802674,1065
2022-04-12,306.910888671875,310.6833842878699,284.2263801231349,297.5789768580704,233
2022-04-13,316.6399230957031,317.63268030208997,291.87061867773303,306.76197677353576,325
2022-04-18,312.6192321777344,315.64715977650286,301.7981848969869,315.64715977650286,219
2022-04-19,302.64202880859375,316.2924398724044,297.92643225927736,316.2924398724044,230
2022-04-20,310.9812316894531,315.20045031572664,287.89962391042747,287.89962391042747,282
2022-04-21,314.5054626464844,315.2004047914141,295.8416397727288,295.8416397727288,178
2022-04-22,298.8199462890625,322.1497427601355,298.8199462890625,299.01850986701015,971
2022-04-25,302.79095458984375,302.79095458984375,288.9419791383455,288.9419791383455,16
2022-04-26,287.8996276855469,309.7402890961746,287.65143835133523,309.7402890961746,2272
2022-04-27,301.1032409667969,302.2945617029634,274.59664240426685,274.59664240426685,894
2022-04-28,301.74859619140625,316.0939211286333,286.11266857454035,316.0939211286333,67
2022-04-29,296.68548583984375,300.7557962896502,287.89957884007066,297.827150524211,127
2022-05-02,296.58624267578125,297.8271892978556,283.92858713062236,283.92858713062236,576
2022-05-04,289.8851013183594,289.8851013183594,281.7941362278581,283.97818388178155,212
2022-05-05,287.8996276855469,287.8996276855469,278.1209618582968,278.17061790306894,130
2022-05-06,275.093017578125,282.9357931536001,273.50460004848014,282.9357931536001,356
2022-05-09,278.9151306152344,286.3111531306693,261.34331711775906,275.49010636344974,435
2022-05-10,265.6618347167969,289.19016235046314,265.01654859139984,269.03720316210456,542
2022-05-11,265.512939453125,275.78795278519806,253.50057063162632,265.06618657062313,195
2022-05-12,256.13134765625,266.00929353137815,253.153076171875,265.51291495064896,210
2022-05-13,263.0806884765625,265.8107710928287,249.23172696188516,265.8107710928287,33
2022-05-16,271.022705078125,274.99373372395837,250.2740864629547,250.2740864629547,228
2022-05-17,269.8313903808594,270.0299539361951,258.36505702902497,260.6483864326616,218
2022-05-18,269.8313903808594,269.8313903808594,269.4342935667328,269.8313903808594,38
2022-05-19,269.8313903808594,277.97201140490677,259.6556292490726,277.97201140490677,8
2022-05-20,267.99481201171875,273.00822363623905,258.96071564299245,266.0589233982257,133
2022-05-23,268.1933898925781,279.36190999051905,268.1933898925781,279.36190999051905,192
2022-05-24,269.0372009277344,277.87273393948374,268.19335124927926,268.19335124927926,82
2022-05-25,267.05169677734375,273.00824019988676,257.7197848080024,257.7197848080024,22
2022-05-26,255.1385955810547,268.04443893729484,254.74149876786396,268.04443893729484,81
2022-05-27,265.512939453125,267.5480797033069,262.03828906736777,267.5480797033069,240
2022-05-30,273.0082702636719,276.9792996493253,252.45819622257045,268.0444835316051,144
2022-05-31,272.3629455566406,276.97926050576086,270.52633866602093,271.0723430107653,278
2022-06-01,272.3629455566406,272.3629455566406,272.3629455566406,272.3629455566406,0
2022-06-02,279.90789794921875,279.90789794921875,270.0299519273752,270.1292337043045,125
2022-06-03,277.9720153808594,293.3597519465855,277.9720153808594,293.3597519465855,354
2022-06-06,286.6586608886719,286.6586608886719,270.02997666396107,277.9720348011364,108
2022-06-07,296.1891174316406,299.614111602413,274.05061363748075,299.614111602413,2499
2022-06-08,297.1818542480469,303.78368313263366,287.89956898190775,287.89956898190775,909
2022-06-09,301.74859619140625,302.7909792472445,289.8851342301488,297.18190651066266,871
2022-06-10,289.8851013183594,290.87785851465514,289.8851013183594,290.87785851465514,155
2022-06-13,304.37939453125,304.37939453125,287.8003354867291,287.8499915297058,2003
2022-06-14,319.56854248046875,319.56854248046875,319.56854248046875,319.56854248046875,1664
2022-06-15,319.1217956542969,335.50228850960474,318.77432459502705,335.50228850960474,2569
2022-06-16,314.5054626464844,316.4413512669708,303.78369721629196,303.78369721629196,748
2022-06-17,311.427978515625,314.45587617549097,302.79097784853906,314.45587617549097,350
2022-06-20,299.8127136230469,311.3783304568115,299.8127136230469,311.17979716876556,1251
2022-06-21,313.7608947753906,314.8033079928325,298.8199113276272,304.72682867016334,2019
2022-06-22,313.3638000488281,313.3638000488281,302.7909420655214,308.7474851881218,7076
2022-06-23,310.63372802734375,312.61924246701557,304.77646648962116,312.61924246701557,148
2022-06-24,310.9315490722656,312.66887407120845,299.9119387339483,309.7402283829445,1055
2022-06-27,301.99676513671875,314.7040457157716,299.8623128291694,314.7040457157716,88
2022-06-28,317.086669921875,317.086669921875,307.75475752713595,315.29971893227207,1867
2022-06-29,305.2728271484375,332.8714641183615,305.2232014089823,332.8714641183615,118
2022-06-30,297.8271789550781,318.3772664215974,297.8271789550781,318.3772664215974,177
2022-07-01,297.8271789550781,297.9264607407059,297.8271789550781,297.8271789550781,179
2022-07-04,297.8271789550781,297.8271789550781,283.5314804245438,283.5314804245438,170
2022-07-05,306.761962890625,307.20871573189896,288.892333984375,288.892333984375,97
2022-07-06,309.98846435546875,309.98846435546875,293.9057841101606,299.8127021148169,28
2022-07-07,304.577880859375,313.21488016478696,296.83438722431475,309.9884194340879,185
2022-07-08,301.1032409667969,319.2707155623403,289.8850969368319,319.2707155623403,91
2022-07-11,302.5427551269531,308.3007347383968,287.2543003857533,301.1032450758196,106
2022-07-12,307.4072570800781,307.4072570800781,307.4072570800781,307.4072570800781,2
2022-07-13,298.8199462890625,311.3783200322666,292.0692087905203,292.81377676300133,566
2022-07-14,298.8199462890625,298.8199462890625,298.8199462890625,298.8199462890625,0
2022-07-15,292.664794921875,297.82714420674273,283.8789184050111,283.9781698825117,317
2022-07-18,288.8427429199219,292.6648342131356,278.96479585896566,292.6648342131356,146
2022-07-19,296.3380126953125,302.7909342447917,275.9864908854167,276.1353984003266,52
2022-07-20,292.61517333984375,296.68548376113176,281.6452188243469,282.4890381743511,180
2022-07-21,284.9213562011719,292.6152255759422,281.94308418513174,292.6152255759422,369
2022-07-22,284.9213562011719,287.899628217212,284.9213562011719,287.899628217212,135
2022-07-25,282.935791015625,284.9213053385417,282.935791015625,284.9213053385417,78
2022-07-26,282.935791015625,282.935791015625,282.935791015625,282.935791015625,19
2022-07-27,282.935791015625,283.92854817708337,282.935791015625,282.935791015625,21
2022-07-28,291.87060546875,295.59344482421875,291.87060546875,295.59344482421875,30
2022-07-29,287.94921875,290.3814860509253,277.2770786643677,278.0216465773188,549
2022-08-01,279.0640563964844,291.7713365023978,278.9647746166711,282.93580343683726,70
2022-08-02,277.9720153808594,288.8427188152647,265.31436110905236,265.31436110905236,11
2022-08-03,286.9068603515625,290.0836958373964,286.9068603515625,290.0836958373964,29
2022-08-04,284.9213562011719,289.7858611013941,273.15717567850345,273.15717567850345,359
2022-08-05,274.14990234375,284.87169857980933,272.1147621457787,272.16438788854043,157
2022-08-08,263.4777526855469,277.92238800641917,263.0806558680739,274.14989249906307,310
2022-08-10,271.7176513671875,276.582155473454,259.7052834704372,276.582155473454,309
2022-08-11,275.3908386230469,279.9079020183666,263.08065551847267,279.9079020183666,426
2022-08-12,264.123046875,283.43218696740485,262.087906687898,268.0444500217139,72
2022-08-16,272.16436767578125,273.0082173158846,264.0734029310011,264.1230286700773,401
2022-08-17,285.7651672363281,285.7651672363281,268.0444450852706,268.0444450852706,323
2022-08-18,300.0112609863281,300.0112609863281,296.58623626481824,300.0112609863281,1606
2022-08-19,302.79095458984375,314.902604892056,302.79095458984375,314.902604892056,30517
2022-08-22,317.6326599121094,317.9304749362894,302.9398360228418,317.9304749362894,506
2022-08-23,312.7185363769531,317.63269692435273,302.8902455787012,317.63269692435273,190
2022-08-24,317.68231201171875,322.64609813690186,312.71852588653564,312.71852588653564,411
2022-08-25,317.6326599121094,317.6326599121094,304.7764427960682,307.7547142240428,282
2022-08-26,303.88299560546875,317.5334075827954,302.84058233109045,302.89023837075405,425
2022-08-29,302.840576171875,302.840576171875,302.7909504297671,302.7909504297671,56
2022-08-30,302.79095458984375,315.69679855596826,302.79095458984375,307.75474073066084,57
2022-09-01,302.79095458984375,310.2862595438591,297.82716844902666,297.82716844902666,436
2022-09-02,304.577880859375,316.9873452082176,302.7909301117592,302.7909301117592,2655
2022-09-05,302.79095458984375,319.7671092507475,302.79095458984375,316.29245895217554,7436
2022-09-06,308.8467712402344,317.93049356859956,304.2800820570672,316.6895470675512,12339
2022-09-07,317.6326599121094,323.44026495942495,309.2438499380301,309.7402285093592,1211
2022-09-08,316.6895446777344,331.53127683689206,312.96670520268265,331.48162079929756,1413
2022-09-09,317.68231201171875,327.60988426208496,313.21490449905394,327.5602585194516,361
2022-09-12,316.6895446777344,331.58090257794134,309.78987006535374,317.6823018710815,13865
2022-09-13,318.9232482910156,327.60987373084873,310.2366228511825,327.60987373084873,1648
2022-09-14,311.27899169921875,326.12072318341325,307.7547159417294,326.12072318341325,947
2022-09-15,308.9883728027344,325.67025916678205,308.73938942416646,325.67025916678205,1420
2022-09-16,320.59100341796875,324.12658575381795,310.9304662265399,324.12658575381795,364
2022-09-19,328.6580505371094,329.55438459624224,317.20481544263436,329.55438459624224,893
2022-09-20,314.2668151855469,335.62960169409075,312.22516359376095,335.62960169409075,941
2022-09-21,323.52899169921875,329.952744302758,309.2871249349702,329.952744302758,313
2022-09-22,325.2220764160156,333.38874337757784,310.73125596356766,310.88063991177745,425
2022-09-23,311.8765563964844,332.6417750813031,310.78102351362895,314.8145722559406,498
2022-09-26,300.7719421386719,317.653028531993,299.77600855543125,317.653028531993,577
2022-09-27,293.8003845214844,313.71905465853416,291.31055075435313,291.3603352723043,488
2022-09-28,293.8003845214844,293.8003845214844,293.8003845214844,293.8003845214844,0
2022-09-29,299.7760009765625,305.6520028904303,279.11037964678286,279.35936303629825,612
2022-09-30,296.29022216796875,296.29022216796875,296.1906227372837,296.29022216796875,164
2022-10-03,303.5605163574219,303.5605163574219,303.5605163574219,303.5605163574219,1
2022-10-04,308.7393798828125,316.706847750756,308.7393798828125,316.706847750756,231
2022-10-06,294.6469421386719,308.7393955673232,293.8999919881058,308.7393955673232,122
2022-10-07,302.2160339355469,309.287137498915,285.33494888595004,309.287137498915,194
2022-10-10,301.71807861328125,308.68961340513215,288.0737769346955,308.68961340513215,13
2022-10-11,289.816650390625,308.73938701406786,286.92844930047943,303.75971948158286,682
2022-10-12,276.3715515136719,304.2576900447811,276.3715515136719,304.2576900447811,37
2022-10-13,262.5778503417969,278.8613684723605,262.5778503417969,278.8613684723605,3665
2022-10-14,253.8634490966797,275.6743871856603,251.17443162220448,275.6743871856603,1528
2022-10-17,251.1246337890625,266.51181900200396,248.98338277588576,266.51181900200396,1244
2022-10-18,261.5819396972656,263.4244228354915,261.33295631084263,261.6317546106381,412
2022-10-19,273.8319091796875,274.52904434573156,258.9426922196662,274.52904434573156,12
2022-10-20,270.8939208984375,273.83193697733805,260.2374199409969,273.83193697733805,314
2022-10-21,277.6164855957031,277.6164855957031,258.94273095922085,270.8939339265695,214
2022-10-24,265.5656433105469,288.7210955824384,263.772975292049,288.7210955824384,93
2022-10-25,271.4914855957031,277.865454091141,254.95898296534799,277.865454091141,79
2022-10-27,271.4416809082031,271.49149582252755,258.04639269875014,258.04639269875014,406
2022-10-28,272.3878173828125,281.50060300083607,259.0920988285754,271.4416683825921,84
2022-10-31,264.42034912109375,274.4294688230882,259.4904660478852,274.4294688230882,180
2022-11-01,268.603271484375,268.90203937072914,251.97117022516474,268.90203937072914,479
2022-11-02,274.92742919921875,280.40506342295123,270.89391070095246,280.40506342295123,138
2022-11-03,273.8817443847656,276.8695452325994,264.02200766561043,276.8695452325994,91
2022-11-04,271.98944091796875,278.81159137106573,261.930506637601,263.2252080111181,274
2022-11-07,272.68658447265625,272.68658447265625,272.68658447265625,272.68658447265625,135
2022-11-09,263.3247985839844,273.8816992520307,261.93049783012395,273.8816992520307,5109
2022-11-10,268.90203857421875,276.47113907204044,263.9223711932147,272.88577247902197,6666
2022-11-11,270.7943115234375,281.7993948919392,263.92237647872486,281.7993948919392,5003
2022-11-14,271.14288330078125,274.8776337594697,263.9223657473169,274.8776337594697,5241
2022-11-15,265.0179138183594,268.902048439343,263.92238087565147,266.9101814138664,5396
2022-11-16,263.9223937988281,265.91426092183815,263.9223937988281,265.0179267951797,5015
2022-11-17,263.9223937988281,273.5331465886554,259.0423254261496,259.0423254261496,10097
2022-11-18,268.4040832519531,268.4040832519531,263.92238241843256,264.02198184898435,10071
2022-11-21,263.97216796875,272.78618572115397,263.92238345001897,268.404084301057,11741
2022-11-22,264.0717468261719,264.1215617345009,263.97214740299046,263.97214740299046,10118
2022-11-23,264.02197265625,276.3715417777116,263.97215774596907,263.97215774596907,5126
2022-11-24,260.4864196777344,276.819754954462,259.04233420072455,276.819754954462,1738
2022-11-25,264.2211608886719,272.88579500422736,250.2781062676777,272.88579500422736,5247
2022-11-28,251.02505493164062,264.22115930471966,251.02505493164062,264.22115930471966,4401
2022-11-29,248.23643493652344,258.8929359758443,247.0911174437971,256.0545193071019,740
2022-11-30,246.5931396484375,258.8929244007451,236.03623851384822,248.485407211836,1521
2022-12-01,245.14903259277344,246.59314837020838,239.57181393685735,243.2567649624472,63
2022-12-02,254.26182556152344,255.25774386467523,248.9833749727532,248.9833749727532,133
2022-12-05,258.9427185058594,262.4782703896053,249.0829826106783,262.4782703896053,102
2022-12-06,252.8675079345703,258.94270832394307,250.02910659598595,258.94270832394307,319
2022-12-07,254.6103973388672,265.4660665867955,249.08297848132634,249.97931256721418,548
2022-12-08,251.6226043701172,267.30855772285344,249.08298598468517,254.01285399905427,1338
2022-12-09,262.528076171875,262.528076171875,248.9833745193279,251.6723919247888,149
2022-12-12,251.57281494140625,269.89798575532274,249.4315487408018,269.89798575532274,1201
2022-12-13,259.88885498046875,259.88885498046875,258.94270601264674,259.88885498046875,24
2022-12-14,249.97930908203125,262.8766600944517,249.3319583842197,249.3319583842197,288
2022-12-15,257.94677734375,258.6439429534218,253.9630433307191,258.6439429534218,35
2022-12-16,250.97523498535156,257.896984774283,248.98336804102337,257.896984774283,150
2022-12-19,251.47320556640625,260.63580580780115,244.99963789836016,250.9752388227104,168
2022-12-20,259.7394714355469,259.7394714355469,248.98340068341594,253.96306869708425,501
2022-12-21,257.94677734375,257.94677734375,249.28215890475568,249.28215890475568,11
2022-12-22,256.5026550292969,256.5026550292969,245.09923494549386,245.34821831492377,46
2022-12-23,244.252685546875,246.7923189558233,244.10330160382935,246.7923189558233,473
2022-12-26,253.8136749267578,255.60634318500826,233.14805346865586,233.14805346865586,13
2022-12-27,252.9671173095703,252.9671173095703,241.21509858418722,241.21509858418722,8
2022-12-28,244.0535125732422,251.97118103274943,242.0118458140637,242.0118458140637,44
2022-12-29,252.8675079345703,253.96304085617496,232.55047074477196,240.9661057259523,130
2022-12-30,249.9295196533203,256.9508541729764,240.26896732259902,256.9508541729764,216
2023-01-02,241.51388549804688,253.81367090004545,241.16530267739498,249.92952094306384,387
2023-01-03,239.02403259277344,244.0036999384562,238.02809912363688,244.0036999384562,432
2023-01-04,236.03623962402344,250.77605847111622,235.09010583787415,250.77605847111622,80
2023-01-05,234.24356079101562,243.9539126079631,234.04437712642616,237.1317771161514,347
2023-01-06,243.95391845703125,244.0037181735575,229.0647150200744,229.0647150200744,26
2023-01-09,243.00778198242188,243.00778198242188,236.03624725341797,237.0321807861328,89
2023-01-10,241.9620361328125,243.00776932705128,237.03216844195984,243.00776932705128,152
2023-01-11,235.04031372070312,248.93358346272726,232.0525131225586,232.15211255452596,259
2023-01-12,243.95391845703125,243.95391845703125,235.04031628146765,235.04031628146765,101
2023-01-13,243.95391845703125,246.99151880425413,243.95391845703125,246.99151880425413,2
2023-01-16,236.03623962402344,244.1530915745927,236.03623962402344,237.03217312454674,215
2023-01-17,234.0443878173828,236.03625494774352,234.0443878173828,236.03625494774352,1121
2023-01-18,240.9661102294922,243.85432653282052,229.26389146152826,229.26389146152826,306
2023-01-19,235.04031372070312,235.04031372070312,234.04438018798828,234.04438018798828,51
2023-01-20,234.0443878173828,245.6968074906449,232.0525206870221,245.6968074906449,489
2023-01-23,232.05250549316406,239.02403999295868,224.08503749339877,234.1439719217981,662
2023-01-24,238.9742431640625,238.9742431640625,232.05250829503902,232.05250829503902,74
2023-01-25,248.28622436523438,248.28622436523438,238.97424006994407,238.97424006994407,51
2023-01-27,235.9366455078125,239.02404550764876,235.8868609890567,239.02404550764876,198
2023-01-30,243.8543243408203,246.69272570693872,224.13483793782098,246.64292599243015,593
2023-01-31,245.64700317382812,245.64700317382812,231.6541490024223,231.6541490024223,606
2023-02-01,244.0037078857422,244.0037078857422,244.0037078857422,244.0037078857422,5
2023-02-02,237.9783172607422,244.00371824031006,231.80353232829455,244.00371824031006,1047
2023-02-03,234.0443878173828,234.0443878173828,226.27610296962803,234.0443878173828,21
2023-02-06,239.62161254882812,239.62161254882812,226.0769105100583,226.0769105100583,22
2023-02-07,227.76998901367188,228.06877210381074,227.67040478145174,228.06877210381074,210
2023-02-08,227.02304077148438,238.97424290234633,220.10130591004133,220.10130591004133,432
2023-02-09,223.4874725341797,231.0565732539532,223.43768801630088,231.0565732539532,65
2023-02-10,232.99864196777344,233.94477576431686,221.09723954512046,221.09723954512046,118
2023-02-13,221.44581604003906,221.49560055680158,221.44581604003906,221.49560055680158,70
2023-02-14,221.44581604003906,221.44581604003906,221.44581604003906,221.44581604003906,0
2023-02-15,232.50067138671875,232.50067138671875,232.50067138671875,232.50067138671875,1
2023-02-16,240.31875610351562,243.55553997197208,222.09317005101292,243.55553997197208,110
2023-02-17,240.31875610351562,240.31875610351562,240.31875610351562,240.31875610351562,0
2023-02-20,228.7659149169922,229.06469799720585,228.31774789504107,228.31774789504107,4230
2023-02-21,238.9742431640625,240.16936033910966,228.56674100305347,228.56674100305347,1090
2023-02-22,248.63479614257812,250.87564655314438,229.662274823842,229.81165877251732,1059
2023-02-23,249.97930908203125,253.96304309130664,236.23542371068328,248.6347927752051,374
2023-02-24,248.88377380371094,248.88377380371094,237.48033834904692,248.88377380371094,513
2023-02-27,249.9295196533203,260.7852043934008,249.9295196533203,260.7852043934008,22
2023-02-28,249.9295196533203,249.9295196533203,249.9295196533203,249.9295196533203,0
2023-03-01,262.3786926269531,262.3786926269531,249.0829743286004,249.0829743286004,11265
2023-03-02,275.4752197265625,275.4752197265625,251.27403197411567,270.29635322727313,1834
2023-03-03,289.2190856933594,289.2190856933594,263.72318171740255,278.8613832512928,2580
2023-03-06,303.6601257324219,303.6601257324219,292.80445638723717,302.76379163850373,4295
2023-03-08,318.79833984375,318.79833984375,296.0910363535436,309.7353383346822,2077
2023-03-09,320.142822265625,332.64177500746683,309.7353054710245,309.7353054710245,864
2023-03-10,311.1296081542969,323.5289919416518,304.40705727058145,304.40705727058145,262
2023-03-13,303.90911865234375,308.54020361084036,302.5646022725273,302.5646022725273,932
2023-03-14,294.5473327636719,294.7963161387891,294.3979488172972,294.7963161387891,20
2023-03-15,287.8247985839844,294.3979661528337,287.8247985839844,294.3979661528337,735
2023-03-16,293.8003845214844,293.8003845214844,287.82478348036943,287.82478348036943,16
2023-03-17,293.8003845214844,293.8003845214844,293.8003845214844,293.8003845214844,2
2023-03-20,293.8003845214844,293.8003845214844,293.8003845214844,293.8003845214844,0
2023-03-21,293.8003845214844,293.8003845214844,293.8003845214844,293.8003845214844,10
2023-03-22,293.6011657714844,293.80036461675076,282.09814670404967,282.14793121862795,1286
2023-03-23,283.9406433105469,293.6011799013592,278.9609758740009,293.6011799013592,903
2023-03-24,293.6510009765625,293.6510009765625,283.8410498419265,283.8410498419265,61
2023-03-27,293.6510009765625,293.6510009765625,293.6510009765625,293.6510009765625,0
2023-03-28,281.2516174316406,281.64998475735047,281.2516174316406,281.2516174316406,389
2023-03-29,278.86138916015625,279.2597564945463,267.7567363490816,279.2597564945463,239
2023-03-31,291.3603210449219,292.80443671673197,290.61337095125674,290.61337095125674,413
2023-04-03,291.3603210449219,291.3603210449219,291.3603210449219,291.3603210449219,0
2023-04-05,291.3603210449219,291.3603210449219,291.3603210449219,291.3603210449219,2
2023-04-06,304.4070739746094,304.4070739746094,291.36033879825845,291.36033879825845,9
2023-04-10,298.7800598144531,304.25769424438477,293.8003921508789,296.78819274902344,14
2023-04-11,283.8410339355469,284.8369673879523,283.8410339355469,284.8369673879523,150
2023-04-12,272.4874267578125,290.6133992247943,269.64901004704234,278.86139543184436,814
2023-04-13,284.83697509765625,286.0818919468593,284.83697509765625,285.8826930935957,58
2023-04-17,276.8695373535156,288.8207404047465,271.49150205915794,277.71608698167404,168
2023-04-18,268.90203857421875,273.8817059552228,268.90203857421875,273.8817059552228,101
2023-04-19,263.9223937988281,269.250644431576,258.1459912994912,269.250644431576,289
2023-04-20,263.9223937988281,263.9223937988281,263.9223937988281,263.9223937988281,0
2023-04-21,263.9223937988281,263.9223937988281,263.9223937988281,263.9223937988281,0
2023-04-24,268.90203857421875,268.90203857421875,263.9223711932147,264.91830466941553,26
2023-04-25,268.90203857421875,268.90203857421875,257.9467703360098,263.5240038814299,217
2023-04-26,259.1916809082031,268.85224755093327,259.1916809082031,268.85224755093327,25
2023-04-27,263.9223937988281,268.85227708567004,263.9223937988281,263.9223937988281,241
2023-04-28,263.9223937988281,264.91832736033314,262.9264602373231,262.9264602373231,81
2023-05-02,253.365478515625,263.92237978575076,251.67239459030955,263.92237978575076,260
2023-05-03,253.365478515625,253.365478515625,253.365478515625,253.365478515625,0
2023-05-04,255.7059326171875,263.77300025070014,253.36548275406952,253.36548275406952,91
2023-05-05,255.7059326171875,255.7059326171875,255.7059326171875,255.7059326171875,0
2023-05-08,250.02911376953125,255.70593180631178,249.97931405407695,255.70593180631178,91
2023-05-09,253.01690673828125,253.01690673828125,250.02910626161602,250.02910626161602,55
2023-05-10,254.958984375,254.958984375,252.86751787760295,254.958984375,103
2023-05-11,254.958984375,254.958984375,252.9671173095703,252.9671173095703,110
2023-05-12,254.958984375,254.958984375,254.958984375,254.958984375,0
2023-05-15,263.8227844238281,263.87259933611466,263.77299990502075,263.77299990502075,70
2023-05-16,259.14190673828125,259.14190673828125,259.14190673828125,259.14190673828125,18
2023-05-17,259.3410949707031,261.68154493367757,258.942727622288,261.68154493367757,56
2023-05-18,255.85531616210938,258.9427161643026,253.96304854575837,253.96304854575837,67
2023-05-19,249.97930908203125,258.9427106029009,249.97930908203125,258.9427106029009,106
2023-05-22,253.465087890625,260.5362221580182,253.465087890625,253.9630546644769,122
2023-05-23,249.97930908203125,250.9752425843501,249.97930908203125,250.02910879649502,110
2023-05-24,249.97930908203125,250.9752425843501,249.97930908203125,250.9752425843501,33
2023-05-25,249.97930908203125,249.97930908203125,249.97930908203125,249.97930908203125,12
2023-05-26,244.9996337890625,249.9793011424987,244.50166705371888,249.9793011424987,68
2023-05-29,251.67239379882812,253.96304390081073,245.99557585686372,245.99557585686372,206
2023-05-30,251.3736114501953,251.3736114501953,250.9752441255172,250.9752441255172,103
2023-05-31,250.47727966308594,250.47727966308594,250.47727966308594,250.47727966308594,13
2023-06-01,250.47727966308594,250.47727966308594,250.47727966308594,250.47727966308594,6
2023-06-02,244.50167846679688,250.97524632844323,244.0037117082087,250.97524632844323,491
2023-06-05,244.0037078857422,245.09924081616978,242.01184088259328,244.99964138731664,191
2023-06-06,240.01998901367188,244.0037232711602,240.01998901367188,244.0037232711602,11
2023-06-07,248.98338317871094,252.02098349283915,248.98338317871094,251.97118377685547,179
2023-06-08,246.99151611328125,248.98338317871094,246.99151611328125,248.98338317871094,83
2023-06-09,258.1957702636719,258.94272041872586,253.96305271836576,253.96305271836576,295
2023-06-12,258.9427185058594,270.8939208984375,252.4691505432129,268.9020538330078,1852
2023-06-13,256.8014831542969,266.71100417321,249.28218148426896,249.28218148426896,85
2023-06-14,255.7059326171875,263.92238420079724,253.96304894793695,256.80146557369795,453
2023-06-15,254.01284790039062,254.01284790039062,253.96304818492803,253.96304818492803,1102
2023-06-16,266.7109680175781,266.7109680175781,261.93049957437205,261.93049957437205,752
2023-06-19,278.86138916015625,278.86138916015625,260.93458557128906,276.7699226627592,1920
2023-06-20,279.45892333984375,279.8572906285914,278.81157269644433,278.8613572099843,244
2023-06-21,278.8116149902344,279.45896573183245,272.4376158294768,279.45896573183245,202
2023-06-22,266.9101867675781,277.8654556274414,266.9101867675781,277.8654556274414,30
2023-06-23,268.90203857421875,268.90203857421875,266.91017162181714,266.91017162181714,141
2023-06-26,263.9223937988281,270.8939287293632,263.9223937988281,270.8939287293632,1246
2023-06-27,275.67437744140625,277.1184931570282,266.9101749005698,266.9101749005698,511
2023-06-28,287.4264221191406,289.41828917416797,264.0717687415534,276.8695206487999,1435
2023-06-30,281.84918212890625,298.78005172675574,273.88171408285945,298.78005172675574,337
2023-07-03,274.529052734375,288.82070399343525,268.9020347525087,288.82070399343525,399
2023-07-04,261.1337585449219,264.22112787545484,260.9345597007368,261.9802776490172,348
2023-07-05,273.53314208984375,273.8817249093334,273.53314208984375,273.8817249093334,40
2023-07-06,263.9223937988281,264.4701451002638,259.88887503212493,259.88887503212493,171
2023-07-07,254.958984375,266.9101867675781,250.7262668609619,263.9223861694336,617
2023-07-10,252.9671173095703,254.06265027425252,252.9671173095703,253.96305084228516,220
2023-07-11,264.2709655761719,265.51588247600927,252.9671140469528,252.9671140469528,133
2023-07-12,263.9223937988281,264.27097662405095,252.12057501629766,264.27097662405095,45
2023-07-13,264.2709655761719,264.2709655761719,254.01284728216407,254.01284728216407,39
2023-07-14,264.2709655761719,264.2709655761719,264.2709655761719,264.2709655761719,0
2023-07-17,252.07077026367188,252.07077026367188,251.47320409603523,251.47320409603523,30
2023-07-18,252.1205596923828,253.96304274787684,252.1205596923828,253.96304274787684,220
2023-07-19,251.97119140625,251.97119140625,251.97119140625,251.97119140625,24
2023-07-20,241.5636749267578,262.1794954622168,239.3726242528412,251.9711770254163,1583
2023-07-21,252.9671173095703,253.61446802713908,251.97118377685547,253.61446802713908,377
2023-07-24,249.97930908203125,252.9671095889878,246.9915085750747,252.9671095889878,60
2023-07-25,241.0159149169922,246.99151611328125,241.0159149169922,246.99151611328125,49
2023-07-26,250.97523498535156,250.97523498535156,241.01590026371062,242.06163344883066,159
2023-07-27,263.5240173339844,263.5240173339844,250.9752488145605,250.9752488145605,624
2023-07-28,276.6703186035156,276.6703186035156,276.6703186035156,276.6703186035156,1593
2023-07-31,275.6246032714844,275.77398722166197,262.8766662983431,273.8817196012943,1890
2023-08-01,263.9223937988281,275.77399710204173,263.9223937988281,275.77399710204173,829
2023-08-02,265.2170715332031,267.90610406597756,259.93863628706373,265.91423712124913,1320
2023-08-03,268.15509033203125,273.0849732309026,258.9427056131035,267.9061069612494,415
2023-08-04,272.63677978515625,273.8816965878282,268.9020293771404,273.13474650622504,355
2023-08-07,265.4162902832031,282.79534283624946,263.97217448261927,282.79534283624946,151
2023-08-08,272.5372009277344,277.86545132393206,254.95898042626027,254.95898042626027,254
2023-08-09,268.9518127441406,275.87356229484965,268.9518127441406,268.9518127441406,402
2023-08-10,268.90203857421875,282.3471405029297,268.90203857421875,282.3471405029297,293
2023-08-11,268.90203857421875,268.90203857421875,268.90203857421875,268.90203857421875,0
2023-08-14,268.90203857421875,268.90203857421875,268.90203857421875,268.90203857421875,2
2023-08-16,263.9223937988281,270.8939287293632,263.9223937988281,263.9223937988281,132
2023-08-17,266.9101867675781,268.9020538330078,263.9223861694336,268.9020538330078,652
2023-08-18,264.02197265625,276.8197240028504,263.97215774596907,276.8197240028504,37
2023-08-21,268.90203857421875,274.778040005108,263.9223711932147,274.778040005108,1602
2023-08-22,269.1510314941406,269.1510314941406,268.90204811625523,268.90204811625523,85
2023-08-23,268.90203857421875,268.90203857421875,263.9223711932147,268.90203857421875,583
2023-08-24,268.90203857421875,269.8481875340006,263.9223711932147,265.4162714075159,721
2023-08-25,282.3471374511719,282.3471374511719,281.6997867773338,281.6997867773338,2724
2023-08-28,296.4396057128906,296.4396057128906,296.091022902708,296.091022902708,1666
2023-08-29,289.816650390625,307.74345350757085,289.816650390625,296.4396021301343,268
2023-08-30,288.82073974609375,290.3146401240908,288.82073974609375,290.3146401240908,134
2023-08-31,303.2617492675781,303.2617492675781,298.78004853948585,302.2658157724465,1250
2023-09-01,301.7678527832031,315.0635711874954,301.7678527832031,303.2617530445061,292
2023-09-04,305.8013610839844,316.6570602671299,305.7515765676673,307.84304294210256,636
2023-09-05,296.93756103515625,310.482262444217,293.80037665130396,308.7393788539127,350
2023-09-06,285.9822998046875,298.780051419171,285.9822998046875,298.780051419171,97
2023-09-07,288.82073974609375,288.82073974609375,288.82073974609375,288.82073974609375,11
2023-09-08,290.7130126953125,303.21199765155836,284.83701051513026,303.21199765155836,69
2023-09-11,290.7130126953125,290.7130126953125,290.7130126953125,290.7130126953125,17
2023-09-12,290.7628173828125,290.81260190382847,283.8410669266819,290.81260190382847,226
2023-09-13,300.87152099609375,303.01277197490344,283.841051808866,303.01277197490344,5424
2023-09-14,291.80853271484375,295.7922669498587,291.01179802523285,295.7922669498587,247
2023-09-15,291.80853271484375,291.80853271484375,291.80853271484375,291.80853271484375,1
2023-09-18,292.3073425292969,292.3073425292969,292.3073425292969,292.3073425292969,21
2023-09-20,292.3073425292969,292.3073425292969,292.3073425292969,292.3073425292969,0
2023-09-21,284.3761291503906,284.3761291503906,284.3761291503906,284.3761291503906,10
2023-09-22,294.3026123046875,298.59243481434504,289.6137110491173,298.54256519382284,402
2023-09-25,284.3262634277344,300.18866992987887,284.3262634277344,300.18866992987887,127
2023-09-26,289.3144226074219,298.5425550526586,289.3144226074219,298.4926854338304,1156
2023-09-27,301.0865173339844,303.73027695609363,274.84870404439835,280.33570176579286,710
2023-09-28,316.1009521484375,316.1009521484375,294.7515492248363,306.12459279671424,3655
2023-09-29,317.8966979980469,319.2435126561518,300.28842909219276,315.9513261100588,185
2023-10-03,303.5805969238281,316.84917286790824,302.0342734328977,316.84917286790824,656
2023-10-04,303.2813415527344,304.27897754468415,302.2837055607846,302.2837055607846,84
2023-10-05,300.2884216308594,303.28132948764534,300.2884216308594,303.28132948764534,40
2023-10-06,298.1435241699219,313.2078338327769,293.4047531781736,297.29552748231157,90
2023-10-09,298.1435241699219,298.2931634805744,298.1435241699219,298.1435241699219,506
2023-10-10,293.7040100097656,298.14350205084577,289.3144180321573,298.14350205084577,90
2023-10-11,299.2908020019531,308.219656439852,295.3002579752604,308.219656439852,42
2023-10-12,289.3642883300781,292.30732649169994,289.3642883300781,290.31205463851427,57
2023-10-13,294.7515563964844,303.4808710416366,289.31442823933054,289.31442823933054,97
2023-10-16,302.23382568359375,303.28133126142205,289.5638368375913,301.28605934522847,89
2023-10-17,304.2290954589844,304.278965078365,289.4141954964102,290.3120617632925,1203
2023-10-18,302.28369140625,304.2290936776317,302.28369140625,304.2290936776317,7
2023-10-19,290.31207275390625,294.3026167092864,287.31916478737116,291.3097087427513,85
2023-10-20,298.29315185546875,304.2789676117658,298.29315185546875,304.2789676117658,2
2023-10-23,297.9439697265625,299.78960231911117,286.32151702357703,299.78960231911117,157
2023-10-25,284.3262634277344,289.76339187145624,283.8274454217208,283.8274454217208,30
2023-10-26,283.32861328125,284.3262492435079,283.32861328125,284.3262492435079,168
2023-10-27,283.32861328125,283.52815265187496,283.32861328125,283.52815265187496,248
2023-10-30,284.2264709472656,284.2264709472656,284.2264709472656,284.2264709472656,78
2023-10-31,284.2264709472656,284.2264709472656,284.2264709472656,284.2264709472656,5
2023-11-01,270.4092102050781,270.4092102050781,270.4092102050781,270.4092102050781,10
2023-11-02,271.35699462890625,271.35699462890625,270.35935861924116,270.40922824155047,85
2023-11-03,282.3309631347656,282.3309631347656,261.4803786601891,261.4803786601891,181
2023-11-06,282.3309631347656,282.3309631347656,282.3309631347656,282.3309631347656,10
2023-11-07,282.3309631347656,282.3309631347656,282.3309631347656,282.3309631347656,3
2023-11-08,282.3309631347656,282.3309631347656,282.3309631347656,282.3309631347656,0
2023-11-09,277.3428039550781,283.32861986777766,277.3428039550781,283.32861986777766,61
2023-11-10,269.4115905761719,274.34990097183885,269.3617209541691,269.3617209541691,1278
2023-11-13,279.33807373046875,294.302613394601,268.2144386692172,276.39503541834915,1706
2023-11-15,279.33807373046875,292.15770213182884,279.33807373046875,292.15770213182884,493
2023-11-16,279.33807373046875,279.33807373046875,277.4425714620988,279.33807373046875,2046
2023-11-17,292.3073425292969,292.3073425292969,275.3475308467097,284.9248423565516,590
2023-11-20,279.4877014160156,291.30969334817,278.3404261785597,291.30969334817,2316
2023-11-21,279.33807373046875,289.26456388585,265.6205790383475,265.6205790383475,550
2023-11-22,278.0910339355469,279.3380789307735,274.3498989498669,279.3380789307735,165
2023-11-23,281.3333435058594,281.3333435058594,264.2238927115224,271.35698380707004,82
2023-11-24,279.33807373046875,281.33334568568637,275.39739944074034,281.33334568568637,1026
2023-11-28,279.33807373046875,279.33807373046875,279.33807373046875,279.33807373046875,571
2023-11-29,279.33807373046875,279.33807373046875,279.33807373046875,279.33807373046875,0
2023-11-30,287.71820068359375,287.71820068359375,279.33806482784496,284.32624455691365,201
2023-12-01,287.31915283203125,298.2432786335056,279.9366529108504,287.817970805698,372
2023-12-04,279.387939453125,297.29551717952836,279.33806983311393,287.31915754263144,210
2023-12-05,286.321533203125,292.0080706051937,279.3380811737805,289.3144412157012,81
2023-12-06,286.2716369628906,286.32150658028934,279.33805520028227,285.6231492641159,298
2023-12-07,281.582763671875,285.32389870737376,279.33808265057576,279.33808265057576,121
2023-12-08,281.5328674316406,281.582737049225,281.5328674316406,281.582737049225,18
2023-12-11,284.3262634277344,284.3262634277344,281.33335539165296,281.53289477223234,125
2023-12-12,285.97235107421875,285.97235107421875,274.39976747564526,274.39976747564526,815
2023-12-13,285.3238830566406,289.2146571910536,285.3238830566406,289.2146571910536,751
2023-12-14,284.3262634277344,284.3262634277344,284.3262634277344,284.3262634277344,50
2023-12-15,280.7347412109375,283.3286006865913,279.3380570149492,283.3286006865913,436
2023-12-18,284.6255187988281,289.2645502320863,280.7846448226769,281.3832020246422,352
2023-12-19,292.2574768066406,292.2574768066406,279.33807849793726,279.33807849793726,85
2023-12-20,284.3262634277344,296.29789557206004,280.9343070759291,295.3002595600329,538
2023-12-21,289.3144226074219,289.3144226074219,289.3144226074219,289.3144226074219,10
2023-12-22,303.2314758300781,303.7801634545315,279.63735996075934,295.10071803479957,3545
2023-12-26,303.83001708984375,317.9964597904463,289.4141958466034,317.9964597904463,949
2023-12-27,316.8990478515625,318.89431971644933,294.3026000708058,303.83001104746734,2092
2023-12-28,309.26715087890625,331.5144208446025,302.28369908486644,331.5144208446025,1185
2023-12-29,320.0415954589844,323.1342729435671,299.2907802093118,301.8347396629179,627
2024-01-01,306.27423095703125,320.0415946329528,305.32646464397493,320.0415946329528,130
2024-01-02,305.276611328125,306.2742473128574,305.276611328125,306.2742473128574,25
2024-01-03,309.5664367675781,314.25533811766627,305.27661417144725,305.27661417144725,359
2024-01-04,314.0557861328125,316.2007277902029,309.267145731911,309.267145731911,896
2024-01-05,304.77777099609375,310.26476850993504,298.8917252066958,310.26476850993504,218
2024-01-08,309.26715087890625,309.26715087890625,306.2742429671749,309.26715087890625,93
2024-01-09,300.2884216308594,309.2671452012173,299.2907856785974,309.2671452012173,232
2024-01-10,300.7872314453125,300.7872314453125,300.28841348271663,300.28841348271663,137
2024-01-11,297.544921875,301.28605668482817,289.314425293378,300.7872387101844,415
2024-01-12,299.2908020019531,301.2860740152995,298.29316599527994,301.2860740152995,87
2024-01-15,312.0605163574219,312.5094647179514,309.2671478453789,312.5094647179514,272
2024-01-16,319.1936340332031,326.2269552948735,300.28842062310986,309.2671441633358,2839
2024-01-17,323.13427734375,335.0560390959349,306.67328420808525,335.0560390959349,706
2024-01-18,315.2529602050781,333.21040730536737,307.07233323677315,333.21040730536737,1023
2024-01-19,310.1650085449219,326.2269533139941,305.3264681329825,305.3264681329825,473
2024-01-23,313.0082702636719,329.21985398250746,312.2600433228026,329.21985398250746,625
2024-01-24,319.14373779296875,327.0250557947487,309.2671478694504,317.8468232220121,473
2024-01-25,312.26007080078125,323.1841972769378,305.32648836041744,319.1437531734368,219
2024-01-29,323.3338317871094,325.22933408687237,306.37401988687367,312.2600661631627,451
2024-01-30,310.7137451171875,326.22697277591095,307.1721190415032,323.3338344581167,402
2024-01-31,322.9846496582031,323.63310695839147,299.39056473750924,299.39056473750924,456
2024-02-01,322.0867614746094,322.98462770965796,307.2718620372962,314.25531344723476,448
2024-02-02,313.3574523925781,325.2293138966516,313.3574523925781,321.2387701678583,363
2024-02-05,298.1435241699219,319.6425677543112,297.6945757925298,319.6425677543112,2215
2024-02-06,304.2789611816406,304.2789611816406,299.29078149013833,299.29078149013833,1020
2024-02-07,317.0487060546875,319.4929264130705,297.2955255928025,304.2789775362576,2517
2024-02-08,332.8612365722656,332.8612365722656,325.7281454486185,325.7281454486185,2628
2024-02-09,349.47186279296875,349.47186279296875,336.1534471525561,349.172584184698,3585
2024-02-12,366.93048095703125,366.93048095703125,349.47185227332795,349.47185227332795,6329
2024-02-13,348.6239013671875,374.3130275558185,348.6239013671875,374.3130275558185,858
2024-02-14,357.1536865234375,363.538550807954,331.21515063067386,332.2127866265494,1188
2024-02-15,359.1988220214844,372.5172684287643,341.19150478067775,341.19150478067775,1209
2024-02-16,347.17730712890625,359.1988080280415,341.2413611075809,359.1988080280415,389
2024-02-19,356.2059020996094,364.53616833214784,356.2059020996094,364.53616833214784,1346
2024-02-20,357.45294189453125,357.55271157671643,353.56216785276774,357.55271157671643,809
2024-02-21,340.29364013671875,356.1560461888144,339.5952827699396,342.18914241670404,1357
2024-02-22,354.21063232421875,356.1560346073903,329.2198639227978,340.2936290711058,537
2024-02-23,351.3175048828125,354.21064314078944,341.19150575717606,354.21064314078944,640
2024-02-26,342.239013671875,358.3508592422678,335.2056921312239,358.3508592422678,1226
2024-02-27,334.2579040527344,334.2579040527344,334.2579040527344,334.2579040527344,100
2024-02-28,331.46453857421875,339.1962170511193,317.54750513762485,339.1962170511193,639
2024-02-29,339.19622802734375,339.19622802734375,332.46218526503617,332.46218526503617,11
2024-03-01,356.1560363769531,356.1560363769531,339.0964554361973,339.19622512090774,3950
2024-03-04,390.27520751953125,390.3749467611752,372.9163171127249,373.1158564868808,4200
2024-03-05,392.81915283203125,398.05674153645833,372.11820700024805,390.3749325917922,3157
2024-03-06,374.2132568359375,374.6123051331444,373.2156208702034,373.61466916741034,897
2024-03-07,375.1609802246094,391.9711517757006,355.657209923127,356.2557975716914,707
2024-03-11,382.8926696777344,392.9189293536757,369.0754359733611,386.08511693130873,1177
2024-03-12,366.7309875488281,372.1680853015778,364.7357156148796,372.1680853015778,930
2024-03-13,348.4243469238281,361.2439746534906,348.4243469238281,361.2439746534906,360
2024-03-14,344.0846252441406,344.0846252441406,331.0155885071409,331.46453685260855,708
2024-03-15,343.13690185546875,343.186771475475,343.13690185546875,343.186771475475,6
2024-03-18,332.96099853515625,353.21299615552584,328.22222776948735,338.4978658831856,558
2024-03-19,328.4716491699219,334.6071044092937,320.24115226589197,328.87069747618193,799
2024-03-20,338.1985778808594,342.58816985276343,329.2198545742879,329.2198545742879,1597
2024-03-21,329.6688232421875,342.4884212861204,327.7234208943215,342.1392730479075,950
2024-03-22,344.2342834472656,346.129816169613,324.23169418422765,329.7186920858069,852
2024-03-26,338.5976257324219,360.8947946712747,338.54775611451026,349.07280291016446,400
2024-03-27,328.8208312988281,338.19860359861127,325.47874461370776,337.3007372887638,981
2024-03-28,325.5784912109375,329.21985625926413,320.7399508707679,328.82080797712723,279
2024-04-01,324.6307373046875,332.2127767367142,321.78746871199826,332.2127767367142,93
2024-04-02,321.33856201171875,329.7186983310457,318.84447200921466,329.7186983310457,1315
2024-04-03,330.41705322265625,337.0513264902898,317.29811555189167,323.4834708897145,170
2024-04-04,337.500244140625,345.98015007828326,326.8255572863628,330.21751357233927,408
2024-04-05,330.865966796875,339.9943299280703,329.21987351837,339.9943299280703,329
2024-04-08,329.56903076171875,331.81371157150664,326.67589269596743,331.81371157150664,46
2024-04-09,315.35272216796875,324.2815454347366,311.2624087839648,324.2815454347366,524
2024-04-10,311.910888671875,319.8919766555235,307.9702447472093,316.54988997328377,302
2024-04-12,311.2624206542969,317.6971847979197,309.31701834703415,317.6971847979197,160
2024-04-15,309.4167785644531,314.3051885475973,309.4167785644531,311.3621808121873,323
2024-04-16,313.1080627441406,326.8754272804475,279.7371265732584,279.7371265732584,233
2024-04-18,302.28369140625,311.16264522975627,299.59006217594197,304.428602599419,516
2024-04-19,324.7803649902344,328.0226817643008,307.3217362067998,313.6068608360957,159
2024-04-22,317.79693603515625,340.991973065324,314.40497971983154,340.991973065324,359
2024-04-23,312.65911865234375,332.71160849159907,310.9631557069038,332.16292086566386,192
2024-04-24,314.2054443359375,329.21985271332704,313.2576780363172,323.03449784781293,103
2024-04-25,321.23876953125,329.12008729091156,314.4049573201478,320.2411336010287,50
2024-04-26,315.9513244628906,321.23878293551917,312.65910748852724,319.5427896052016,328
2024-04-29,314.2553405761719,320.49056558760384,311.7612505715991,317.04870920311953,294
2024-04-30,319.9917297363281,332.7115880500871,302.2836916916833,321.5380532747296,1193
2024-05-02,315.6520080566406,334.5572214613041,304.57824293778924,334.4075821580966,375
2024-05-03,314.4548645019531,321.9870037674491,305.42624086181826,315.6520093780579,392
2024-05-06,330.3671569824219,332.611837993779,314.3052112120688,314.355111279582,623
2024-05-07,314.0557861328125,330.21750076536307,312.60923226681024,330.21750076536307,330
2024-05-08,339.1463623046875,345.431456776895,315.4525078687272,316.8491921463918,3293
2024-05-09,325.179443359375,354.6595728943621,324.2316770482916,336.4028475648928,902
2024-05-10,327.224609375,332.8612467095983,307.8205769152903,307.8205769152903,349
2024-05-13,306.7730712890625,325.42887674562814,299.93925857125987,325.42887674562814,565
2024-05-14,318.6449279785156,337.4503724119178,311.6614760734648,315.4525110891815,2905
2024-05-15,311.3621826171875,338.0988136013121,304.57823996546426,338.0988136013121,1112
2024-05-16,310.36456298828125,318.69482960487784,309.0676179323066,312.8087528997511,481
2024-05-17,316.1009521484375,325.977541817557,311.76122974135137,311.811099359937,384
2024-05-21,312.4595947265625,326.2269587909427,310.4144227421116,326.2269587909427,179
2024-05-22,319.0938720703125,326.2269631885597,312.45959893859214,321.8872406166894,274
2024-05-23,314.40496826171875,314.40496826171875,312.30992664625825,312.409696331839,421
2024-05-24,314.4548645019531,319.14373521287143,310.3645510063706,319.09386559340453,142
2024-05-27,312.1602783203125,318.04632425428593,311.31228168553093,318.04632425428593,162
2024-05-28,310.4643249511719,311.7612395294409,310.4643249511719,311.7612395294409,186
2024-05-29,309.7659606933594,318.9940931777831,304.27896299991824,304.92742027460196,212
2024-05-30,308.91796875,320.1413732936452,304.27896762771337,315.25296318149975,240
2024-05-31,304.2789611816406,309.96549820812635,302.2836893050397,307.7208173469503,543
2024-06-03,299.8394775390625,311.4120608389958,292.3572077906703,310.86337323562043,1354
2024-06-04,289.8631286621094,305.97497447628047,279.5874900034052,303.73029346822454,280
2024-06-05,295.5496520996094,298.1933812951268,284.02696898073464,285.323883545952,70
2024-06-06,304.8276672363281,309.2671596088876,293.35485325083715,298.7919816221349,467
2024-06-07,308.56878662109375,335.20567861802033,301.33592599615133,301.33592599615133,573
2024-06-10,315.0035400390625,323.23403633462,307.6709099775704,307.6709099775704,245
2024-06-11,318.8444519042969,319.0938608888207,300.3881870495366,311.9108699563625,185
2024-06-12,317.39788818359375,325.22933689421313,305.87520453008614,313.95606224139124,584
2024-06-13,322.8349914550781,335.804258481524,308.16973117777025,317.44776354856396,999
2024-06-14,327.9229431152344,344.18439663305804,321.33853987316763,322.3860454238779,1251
2024-06-18,328.92059326171875,339.19623162998295,323.2839256444617,331.7638314352113,374
2024-06-19,333.8089904785156,335.205674700682,324.23167939798105,333.9087601612631,979
2024-06-20,343.6855773925781,354.1607546425696,325.87776997850614,334.0084967072702,2853
2024-06-21,412.4226989746094,412.4226989746094,339.2460953615215,347.6761313853364,10989
2024-06-24,494.8773193359375,494.8773193359375,462.9030981202451,478.2666862360112,15060
2024-06-25,486.94610595703125,523.7588658690247,478.8652487945369,504.803783104241,23263
2024-06-26,446.2425537109375,478.86526185283526,438.26146601339025,478.86526185283526,10076
2024-06-27,490.8368835449219,490.8368835449219,419.00709570907964,463.9007131064811,7469
2024-06-28,514.381103515625,515.3787395277894,490.83691798489275,515.1792610380525,10906
2024-07-01,492.48297119140625,513.7825044048491,488.69196683222305,513.7825044048491,1699
2024-07-02,467.8912658691406,482.6562659188208,467.8912658691406,482.6562659188208,1870
2024-07-03,444.4967041015625,444.4967041015625,444.4967041015625,444.4967041015625,1487
2024-07-04,453.3257751464844,453.72482344228814,422.29929063216383,422.29929063216383,2810
2024-07-05,437.66290283203125,474.3758935625929,431.02859941744885,474.3758935625929,982
2024-07-08,438.9598083496094,452.67730236053467,437.9621724215421,452.67730236053467,1487
2024-07-09,439.209228515625,458.11444201207445,424.9929161786627,443.94799929461243,866
2024-07-10,421.70074462890625,444.4967026158265,419.25652427825963,444.4967026158265,1761
2024-07-11,427.08795166015625,441.7531816991211,422.04987189994193,428.9834538555477,423
2024-07-12,419.7054748535156,440.85533965903187,419.0071174795426,440.85533965903187,964
2024-07-15,407.5343017578125,419.7054730092917,399.0543958460832,419.7054730092917,1682
2024-07-16,412.672119140625,426.78866224046703,399.0543940333246,410.02838986924104,657
2024-07-18,396.6600646972656,412.6721097139143,393.0685691439198,412.6721097139143,505
2024-07-19,380.9971618652344,395.063834799453,379.20142933977365,394.0661988529897,590
2024-07-22,384.13970947265625,400.00214539697606,380.6978837204501,380.9971623265783,357
2024-07-23,403.3442077636719,403.3442077636719,400.0021516431322,400.0021516431322,408
2024-07-24,399.05438232421875,422.99764526367187,391.37257328630426,422.99764526367187,713
2024-07-25,399.05438232421875,417.9595958650019,399.05438232421875,399.05438232421875,689
2024-07-26,404.0924377441406,415.5153817865543,399.0543882704003,399.35366688342964,150
2024-07-29,402.69573974609375,415.4654980026765,394.1160646016807,404.09242396833946,276
2024-07-30,393.0187072753906,419.0071124275445,391.12317455329975,419.0071124275445,697
2024-07-31,412.62225341796875,412.62225341796875,400.1518034866075,400.1518034866075,1753
2024-08-01,429.8314514160156,433.2234075274897,419.05696498226916,433.2234075274897,1628
2024-08-02,413.02130126953125,428.9834771640059,409.03075729591257,409.03075729591257,1920
2024-08-05,404.0425720214844,422.9976556471836,400.05202810028453,422.9976556471836,771
2024-08-06,418.00946044921875,418.75768740706343,400.05201346094685,404.0425572361184,332
2024-08-07,423.9952697753906,429.9810853486902,418.009454202091,418.009454202091,541
2024-08-08,416.11395263671875,425.99054225806515,403.04491586008976,403.04491586008976,627
2024-08-09,419.0569763183594,428.98346638140487,419.0569763183594,428.98346638140487,767
2024-08-12,428.98345947265625,428.98345947265625,404.2421000347321,410.6768336595621,415
2024-08-13,415.0165710449219,439.95747074714075,413.37047775366227,437.4633807769189,803
2024-08-14,412.0236511230469,414.1186927263185,411.02601516391115,413.02128708218254,694
2024-08-16,411.0260009765625,425.9905398470684,411.0260009765625,411.0260009765625,394
2024-08-19,426.7886657714844,430.9787491216744,405.439261603155,405.439261603155,1143
2024-08-20,426.4893798828125,430.97874177631576,412.0236582259686,428.8837001369275,810
2024-08-21,430.9288635253906,430.9288635253906,416.51301177789844,423.9952814505553,724
2024-08-22,426.2898254394531,427.9359490985587,409.37991450563914,409.37991450563914,169
2024-08-23,418.9572448730469,427.73642937951394,412.22320196153265,412.22320196153265,475
2024-08-26,429.78155517578125,434.86950461098013,419.00709909159906,427.636643971899,524
2024-08-27,416.91204833984375,429.78154572559146,414.66736750120987,429.78154572559146,156
2024-08-28,420.0047302246094,429.9810896123673,419.0070942858336,419.0070942858336,435
2024-08-29,414.0189208984375,431.92649845041063,414.0189208984375,419.954867002745,233
2024-08-30,415.0165710449219,416.0142070330106,414.01893505683313,414.01893505683313,247
2024-09-02,425.59149169921875,427.78627246698585,414.01890887999275,419.0070885050529,170
2024-09-03,416.5628967285156,428.98347702042014,416.3633877971621,425.9905690412079,238
2024-09-04,419.0071105957031,425.99056243896484,414.018930707659,425.8409231314103,441
2024-09-05,414.36810302734375,414.417972647285,414.2683333420278,414.2683333420278,224
2024-09-06,418.8574523925781,423.39668370775007,407.3347391037506,407.3347391037506,347
2024-09-09,414.0189208984375,419.0071006682982,414.0189208984375,417.0118287603539,419
2024-09-10,415.0664367675781,422.9976549765622,414.2184705420147,422.9976549765622,138
2024-09-11,419.7553405761719,422.9976575265523,414.01893366396035,419.00711358762254,221
2024-09-12,420.85272216796875,422.99763332332844,415.01654590213354,422.99763332332844,572
2024-09-13,430.6295471191406,436.7151324380897,424.99291015105933,436.7151324380897,154
2024-09-16,428.98345947265625,431.9763673294422,421.0522414740002,431.9763673294422,201
2024-09-17,428.98345947265625,428.98345947265625,428.98345947265625,428.98345947265625,3
2024-09-18,422.0,428.48463356973997,417.0118203309693,428.48463356973997,200
2024-09-19,427.5,442.20001220703125,418.1000061035156,442.20001220703125,153
2024-09-20,421.0,438.70001220703125,409.04998779296875,427.5,192
2024-09-23,421.1000061035156,422.1000061035156,418.0,418.0,392
2024-09-24,423.0,435.8500061035156,413.3999938964844,413.3999938964844,425
2024-09-25,431.04998779296875,441.95001220703125,424.0,425.0,740
2024-09-26,448.5,449.3999938964844,432.0,432.0,2112
2024-09-27,458.1499938964844,470.8999938964844,450.0,470.8999938964844,1435
2024-09-30,503.95001220703125,503.95001220703125,412.3500061035156,412.3500061035156,6405
2024-10-01,541.7999877929688,554.2999877929688,510.0,510.0,52996
2024-10-03,567.75,594.9000244140625,521.25,524.9000244140625,23384
2024-10-04,553.5999755859375,570.0,530.0,543.0,5949
2024-10-07,498.8500061035156,575.9500122070312,498.25,565.0,7329
2024-10-08,539.9000244140625,548.7000122070312,488.95001220703125,488.95001220703125,3472
2024-10-09,521.2000122070312,585.0,507.04998779296875,585.0,3829
2024-10-10,507.6499938964844,542.2000122070312,490.0,540.9500122070312,2857
2024-10-11,502.0,515.9500122070312,497.1499938964844,497.45001220703125,1730
2024-10-14,488.20001220703125,510.0,480.0,504.79998779296875,1091
2024-10-15,471.8500061035156,500.0,471.0,489.20001220703125,2121
2024-10-16,480.79998779296875,494.95001220703125,462.54998779296875,462.54998779296875,1107
2024-10-17,478.8500061035156,499.70001220703125,473.04998779296875,499.70001220703125,913
2024-10-18,446.79998779296875,478.75,433.0,457.0,1429
2024-10-21,418.8999938964844,474.0,406.54998779296875,474.0,3170
2024-10-22,414.45001220703125,429.95001220703125,403.29998779296875,415.20001220703125,1606
2024-10-23,428.29998779296875,438.79998779296875,408.79998779296875,417.29998779296875,823
2024-10-24,419.75,436.20001220703125,416.1499938964844,436.20001220703125,671
2024-10-25,405.3999938964844,417.45001220703125,395.04998779296875,417.45001220703125,546
2024-10-28,445.8999938964844,445.8999938964844,400.1000061035156,406.45001220703125,2658
2024-10-29,478.6499938964844,488.79998779296875,420.3999938964844,452.6499938964844,2567
2024-10-30,512.0499877929688,526.5,467.0,478.6499938964844,3574
2024-10-31,517.5,540.1500244140625,502.54998779296875,540.0,2148
2024-11-01,517.9000244140625,539.9500122070312,515.0,524.9500122070312,542
2024-11-04,515.0999755859375,525.2000122070312,505.0,517.9000244140625,1159
2024-11-05,540.8499755859375,540.8499755859375,491.20001220703125,491.20001220703125,6974
2024-11-06,567.8499755859375,567.8499755859375,567.8499755859375,567.8499755859375,4641
2024-11-07,558.7000122070312,596.2000122070312,555.0499877929688,596.2000122070312,19806
2024-11-08,546.3499755859375,573.0,545.0,573.0,5607
2024-11-11,535.25,557.9500122070312,520.5499877929688,520.5499877929688,3455
2024-11-12,531.0,562.0,530.0,562.0,2402
2024-11-13,538.9000244140625,557.5,525.0,557.5,1709
2024-11-14,527.2000122070312,543.6500244140625,525.0,543.6500244140625,1763
2024-11-18,524.0,553.5499877929688,520.0,553.5499877929688,3534
2024-11-19,536.9500122070312,550.2000122070312,532.0,535.0,599
2024-11-21,525.0,542.5999755859375,525.0,542.5999755859375,741
2024-11-22,528.2000122070312,539.3499755859375,525.3499755859375,525.4000244140625,211
2024-11-25,531.7999877929688,554.5999755859375,525.0999755859375,554.4000244140625,2827
2024-11-26,541.2000122070312,555.0,530.0499877929688,554.3499755859375,1224
2024-11-27,537.7999877929688,549.5499877929688,531.0,545.0499877929688,1153
2024-11-28,538.1500244140625,564.6500244140625,525.0,564.6500244140625,1248
2024-11-29,541.5499877929688,562.4000244140625,538.4500122070312,562.3499755859375,358
2024-12-02,557.7999877929688,562.9500122070312,532.0499877929688,535.5499877929688,811
2024-12-03,560.6500244140625,565.0,557.0,564.3499755859375,1298
2024-12-04,566.2000122070312,572.4500122070312,557.0,568.6500244140625,1125
2024-12-05,566.3499755859375,584.9500122070312,557.0499877929688,568.2999877929688,1668
2024-12-06,583.4000244140625,594.0,561.0,573.0,4684
2024-12-09,641.7000122070312,641.7000122070312,570.0499877929688,585.0,14118
2024-12-10,686.3499755859375,704.5,614.7000122070312,689.9500122070312,20083
2024-12-11,713.3499755859375,748.9500122070312,690.0,715.0,64402
2024-12-12,705.0999755859375,749.0,701.0999755859375,715.0,5796
2024-12-13,715.8499755859375,724.8499755859375,681.0999755859375,719.9500122070312,3916
2024-12-16,709.2999877929688,733.0,695.0,697.9500122070312,4446
2024-12-17,728.6500244140625,739.9500122070312,701.2000122070312,720.1500244140625,1815
2024-12-18,765.0499877929688,765.0499877929688,751.6500244140625,765.0,4576
2024-12-19,765.4000244140625,790.0,730.0,765.0499877929688,1034
2024-12-20,766.0,787.0,730.0,730.0,5676
2024-12-23,742.5999755859375,755.0,727.7000122070312,727.7000122070312,1342
2024-12-24,768.2999877929688,779.7000122070312,715.0,715.0,2673
2024-12-26,756.2000122070312,780.0,750.0,770.0,349
2024-12-27,750.25,793.8499755859375,720.5,793.8499755859375,770
2024-12-30,771.5,787.0,745.0,787.0,792
2024-12-31,740.7000122070312,780.0,735.25,772.0,254
2025-01-01,735.0,769.9500122070312,714.0499877929688,740.7000122070312,369
2025-01-02,736.0,736.0,719.0,735.0,382
2025-01-03,724.1500244140625,736.0,719.0,736.0,725
2025-01-06,699.9500122070312,720.0,695.4500122070312,702.0,862
2025-01-07,723.5499877929688,734.0,664.9500122070312,734.0,492
2025-01-08,719.75,722.9500122070312,700.0,713.0499877929688,104
2025-01-09,755.7000122070312,755.7000122070312,688.0,724.0,2059
2025-01-10,793.4500122070312,793.4500122070312,786.0,793.4500122070312,6642
2025-01-13,779.75,825.0,753.7999877929688,825.0,1388
2025-01-14,818.7000122070312,818.7000122070312,740.7999877929688,740.7999877929688,2970
2025-01-15,859.5999755859375,859.5999755859375,855.0,859.5999755859375,1732
2025-01-16,816.6500244140625,902.5499877929688,816.6500244140625,902.5499877929688,4057
2025-01-17,800.3499755859375,800.3499755859375,800.3499755859375,800.3499755859375,84
2025-01-20,784.3499755859375,789.0,784.3499755859375,784.3499755859375,113
2025-01-21,768.7000122070312,768.7000122070312,768.7000122070312,768.7000122070312,97
2025-01-22,753.3499755859375,753.3499755859375,753.3499755859375,753.3499755859375,30
2025-01-23,738.2999877929688,738.2999877929688,738.2999877929688,738.2999877929688,101
2025-01-24,723.5499877929688,723.5499877929688,723.5499877929688,723.5499877929688,14
2025-01-27,709.0999755859375,709.0999755859375,709.0999755859375,709.0999755859375,35
2025-01-28,694.9500122070312,694.9500122070312,694.9500122070312,694.9500122070312,71
2025-01-29,681.0499877929688,681.0499877929688,681.0499877929688,681.0499877929688,92
2025-01-30,667.4500122070312,667.4500122070312,667.4500122070312,667.4500122070312,1561
2025-01-31,655.25,656.0,654.0999755859375,655.25,878
2025-02-01,668.3499755859375,668.3499755859375,650.0,668.3499755859375,308
2025-02-03,681.7000122070312,681.7000122070312,681.0,681.7000122070312,293
2025-02-04,695.2999877929688,695.2999877929688,695.2999877929688,695.2999877929688,406
2025-02-05,709.2000122070312,709.2000122070312,709.2000122070312,709.2000122070312,144
2025-02-06,723.3499755859375,723.3499755859375,723.3499755859375,723.3499755859375,360
2025-02-07,735.0,737.7999877929688,723.3499755859375,735.0,272
2025-02-10,720.2999877929688,728.0,720.2999877929688,720.2999877929688,334
2025-02-11,705.9000244140625,705.9000244140625,705.9000244140625,705.9000244140625,450
2025-02-12,693.0,705.0,691.7999877929688,693.0,35
2025-02-13,679.1500244140625,691.9500122070312,679.1500244140625,679.1500244140625,34
2025-02-14,665.5999755859375,665.5999755859375,665.5999755859375,665.5999755859375,35
2025-02-17,652.2999877929688,652.2999877929688,652.2999877929688,652.2999877929688,4862
2025-02-18,650.0,650.0,639.4000244140625,650.0,1821
2025-02-19,661.0,661.0,638.0,661.0,438
2025-02-20,674.0999755859375,674.0999755859375,661.0,674.0999755859375,436
2025-02-21,661.1500244140625,674.1500244140625,661.1500244140625,661.1500244140625,166
2025-02-24,670.0,670.0,660.0,660.0,151
2025-02-25,681.6500244140625,685.0499877929688,653.25,653.25,217
2025-02-27,681.6500244140625,681.6500244140625,679.0,681.6500244140625,367
2025-02-28,680.0,690.0,650.0,650.0,848
2025-03-03,653.25,682.4000244140625,646.0,646.0,1322
2025-03-04,650.0,681.0,640.0,681.0,246
2025-03-05,645.0,650.0,640.0,640.0,200
2025-03-06,650.0,677.25,645.0,645.0499877929688,148
2025-03-07,647.5499877929688,682.5,640.0999755859375,682.5,104
2025-03-10,679.9000244140625,679.9000244140625,648.0,648.0,138
2025-03-11,666.5999755859375,679.9000244140625,651.0999755859375,679.9000244140625,56
2025-03-12,650.0,666.5999755859375,650.0,666.5999755859375,305
2025-03-13,650.0,666.25,650.0,666.25,83
2025-03-17,668.4500122070312,715.0,665.0,707.0,1026
2025-03-18,668.4500122070312,668.4500122070312,668.4500122070312,668.4500122070312,0
2025-03-19,670.0,676.9000244140625,660.0,665.0,329
2025-03-20,710.25,716.5999755859375,660.4000244140625,660.4500122070312,194
